Date,Open,High,Low,Close,Volume,is_outlier,data_quality,return_1d,return_3d,return_7d,return_14d,return_30d,log_return_1d,momentum_7d,momentum_30d,sma_20,dist_from_sma_20,sma_50,dist_from_sma_50,sma_100,dist_from_sma_100,sma_200,dist_from_sma_200,ema_12,ema_26,golden_cross,above_sma_200,above_sma_50,rsi_14,rsi_overbought,rsi_oversold,macd_line,macd_signal,macd_histogram,macd_bullish_cross,bb_upper,bb_lower,bb_middle,bb_bandwidth,bb_pct_b,atr_14,natr_14,adx_14,di_plus,di_minus,adx_strong_trend,stoch_k,stoch_d,volume_ma_7d,volume_ma_30d,volume_ratio_7_30,volume_spike,obv,vwap_20d,vpt,vol_7d,vol_30d,vol_60d,vol_ratio_30_60,parkinson_vol_30d,price_to_high_6mo,price_to_low_6mo,price_to_high_1yr,price_to_low_1yr,day_range_pct,gap_pct,target_3d,target_5d,target_7d,target_10d,target_14d,n50_close,n50_return_1d,n50_return_7d,n50_vol_30d,corr_n50_30d,beta_n50_30d
2021-01-28,217.1404946405711,223.99248947287532,216.7062165964464,221.0490264892578,13756664.0,1,0,-0.010155448160703462,-0.046816480509692115,-0.08944538307399497,-0.14597318364088885,,-0.010207366526317119,,,242.4976722717285,-0.08844887285530977,,,,,,,234.40070405023195,236.97147202554348,0,0,0,67.10736409114486,0,0,-2.570767975311526,0.808634732036639,-3.3794027073481647,0,266.45490449806886,218.54044004538815,242.4976722717285,0.19758731704026666,0.052355514613903,8.037338812834982,0.03635998285305983,76.2386028843829,64.11992724544024,28.73320553746838,1,9.793256183017611,9.83774530790418,11481354.285714285,,,0,-63201917.0,244.47896073523106,935418.46290345,0.29295655374999435,,,,,,,,,0.0329622482041693,-0.027657624114873183,1.0,1.0,1.0,1.0,1.0,510.3815002441406,-0.0018524973112856724,-0.034427394621858065,,,
2021-01-29,222.06234508894107,226.1156312556241,217.140488134252,218.39508056640625,14992241.0,0,1,-0.01200614164650271,-0.0582605368598047,-0.10234032964081785,-0.14506992717939748,,-0.01207879749498965,,,241.9162170410156,-0.097228440334868,,,,,,,231.9383004373357,235.59544302857034,0,0,0,65.31177265575992,0,0,-3.6571425912346456,-0.08452073261761783,-3.572621858617028,0,267.6469804381362,216.18545364389502,241.9162170410156,0.21272458466691452,0.04293745366992303,8.104324834873347,0.03710855031099983,73.609831969789,60.919067095506385,26.460304187272097,1,3.8084737587667505,5.76432946692697,12038689.57142857,,,0,-78194158.0,243.5143173880365,755419.4938589446,0.2729338618771812,,,,,,,,,0.04109590334221413,0.0045841350933635665,1.0,1.0,1.0,1.0,1.0,505.1964416503906,-0.010159182084910512,-0.07334247847015507,,,
2021-02-01,219.4084104366032,235.4285446205684,218.6363524061728,232.72634887695312,12417894.0,0,1,0.06562083849772993,0.04213491533516556,-0.03113692156358916,-0.08776245674230343,,0.06355757626004754,,,241.28168411254882,-0.03545787268131364,,,,,,,232.0595386588153,235.38291753585798,0,0,0,69.98254270913577,0,0,-3.3233788770426713,-0.7322923615026286,-2.591086515540043,0,267.27353863178485,215.28982959331276,241.28168411254882,0.21544821866471905,0.33542276236456986,8.742120493393976,0.03756394811150542,71.56625359497318,60.04994645488942,22.777717429968952,1,37.85631514133176,17.15268169437204,12558172.57142857,,,0,-65776264.0,243.02258966931333,1570292.110514874,0.5488485515591531,,,,,,,,,0.07215423734969505,0.004639893295988519,1.0,1.0,1.0,1.0,1.0,535.6588134765625,0.06029807281828137,0.0005587520163696791,,,
2021-02-02,235.66980222159444,248.40870766383009,235.38027863127013,246.43032836914065,18251184.0,1,0,0.05888452063256966,0.11482204777371541,0.06751671979663976,-0.02779362498577065,,0.05721601500061903,,,241.52536315917968,0.020308282102564572,,,,,,,234.27042938348075,236.2012442642493,0,0,0,73.63792444138714,1,0,-1.9308148807685654,-0.971996865355816,-0.9588180154127495,0,267.61925705956537,215.431469258794,241.52536315917968,0.21607580718707578,0.5939868390031368,9.237851800071333,0.03748666757540281,70.14472476698634,62.804850227810576,20.01572451512177,1,75.95557749763336,39.20678879924395,12879004.714285715,,,0,-47525080.0,243.1203029541354,2645004.331331699,0.593931071318659,,,,,,,,,0.052868610445724044,0.012647701297447729,1.0,1.0,1.0,1.0,1.0,562.581298828125,0.05026051037381185,0.07099461338277901,,,
2021-02-03,245.1275030938715,254.1991449558512,243.7281561197914,248.26397705078125,15670948.0,0,1,0.007440840150543027,0.13676542716488949,0.07053686309459772,-0.01587599025712738,,0.0074132936610910825,,,241.4385093688965,0.028270004233069773,,,,,,,236.42328287075773,237.09478002621464,0,0,0,74.09253330410253,1,0,-0.6714971554569047,-0.9118969233760338,0.2403997679191291,1,267.4249608972554,215.45205784053758,241.4385093688965,0.21526351861834878,0.6313274279567596,9.325933016927651,0.037564583987229345,69.01467465454414,62.202955978110325,18.410489279729784,1,84.16990039247982,65.99393101048163,13932291.285714285,,,0,-31854132.0,243.20318723648654,2761609.350407171,0.5932244960330199,,,,,,,,,0.04217683515928697,-0.005286789511222775,1.0,1.0,1.0,1.0,1.0,564.9744262695312,0.004253833972780896,0.10254918629216969,,,
2021-02-04,250.86965271163692,258.0593977832881,249.90458388712835,252.70327758789065,21296401.0,0,1,0.017881372037318766,0.08583870630609058,0.08967953102325654,0.03355039905289492,,0.017723380922927152,,,240.9053108215332,0.048973460676828326,,,,,,,238.92789744262436,238.25096503078322,0,0,0,75.20725391333612,1,0,0.6769324118411362,-0.5941310563325998,1.271063468173736,0,265.39158533220717,216.41903631085918,240.9053108215332,0.2032854686944934,0.740909795428752,9.359467853754737,0.037037382115075644,68.0893101996975,60.498960734574794,17.034201567618997,1,87.04786417471136,82.39111402160817,15789214.0,,,0,-10557731.0,241.9723380267159,3142418.2197440984,0.5905312821356778,,,,,,,,,0.032270313127709546,0.010495584948768817,1.0,1.0,1.0,1.0,1.0,588.0081787109375,0.04076954879797978,0.1474996191448812,,,
2021-02-05,254.77819746323857,256.7083353228086,246.96113324166683,252.89630126953125,12833374.0,0,1,0.0007638352912675561,0.02623854353959576,0.13245477696831176,0.07772989041091072,,0.0007635437175582089,,,240.6085517883301,0.05106946278456066,,,,,,,241.07688264676386,239.33580475217198,0,0,0,75.25710473599761,1,0,1.7410778945918821,-0.12708926614770338,1.8681671607395856,0,264.31139954047626,216.90570403618392,240.6085517883301,0.19702415043832866,0.7592040755965402,9.387163155710951,0.03711862573152591,66.89276085711887,56.01186348274196,18.010529235576065,1,87.51463281523863,86.24413246080992,15602672.285714285,,,0,2275643.0,241.08943193711207,3152220.803711334,0.49025666490157144,,,,,,,,,0.03854228801374758,0.008210894196361404,1.0,1.0,1.0,1.0,1.0,593.641845703125,0.009580933048478846,0.1609788471891147,,,
2021-02-08,254.77817227995345,270.7500497085448,254.34387952385083,269.2059631347656,27556901.0,0,1,0.06449150020526351,0.08435370420131783,0.21785636159699662,0.10892473280485127,,0.06249722054287559,,,241.29616317749023,0.1156661572639503,,,,,,,245.40443349107184,241.54840907680855,0,0,0,79.08399105744053,1,0,3.8560244142632882,0.6695334699344949,3.1864909443287934,0,267.48030856984496,215.11201778513546,241.29616317749023,0.2170291068664401,1.0329522796918267,9.99191924737542,0.03711626269724726,66.24930138752794,58.90098181030976,15.711847025735516,1,97.14289959674694,90.56846552889897,17574134.714285713,,,0,29832544.0,242.75436502708857,4929406.69020926,0.5096912212152577,,,,,,,,,0.060942818627241796,0.007441275340822584,1.0,1.0,1.0,1.0,1.0,626.4973754882812,0.05534571058790716,0.22750800173712538,,,
2021-02-09,268.81990623294547,275.9131679028299,266.0212125639712,268.3373718261719,22066741.0,0,1,-0.003226493568268096,0.06186739795190688,0.2286786457379928,0.1029352681105331,,-0.003231709922017752,,,241.95723419189454,0.10902810045082362,,,,,,,248.932577850318,243.5327766878725,0,0,0,78.38864117346914,1,0,5.399801162445499,1.615587008436696,3.784214154008803,0,270.19735160363064,213.71711678015845,241.95723419189454,0.23343065154513265,0.967068483633751,9.984778968195657,0.03720979638521527,65.80395650542357,58.426444787040246,14.600005480543754,1,87.20454961875188,90.62069401024581,18584777.57142857,,,0,7765803.0,244.22981178385257,4858208.492300122,0.48239212839193346,,,,,,,,,0.03686387502247251,-0.0014340577650090642,1.0,1.0,1.0,1.0,1.0,628.04296875,0.0024670386855398796,0.24316585979562855,,,
2021-02-10,271.18434430731924,273.4522619738676,265.1044223899514,269.6402282714844,16789592.0,0,1,0.004855292561173563,0.06620866702240868,0.1586149551723013,0.12253925219069983,,0.004843543642523792,,,242.76547927856444,0.11070251451229665,,,,,,,252.11837022280514,245.46666199036227,0,0,0,78.69128913600474,1,0,6.651708232442871,2.6228112532379315,4.02889697920494,0,273.2312032691972,212.29975528793167,242.76547927856444,0.2509889303962732,0.941065326417043,9.867854726461411,0.03659637432336716,65.28093588143066,54.89597277853503,14.381406177836443,1,89.40506225546997,91.25083715698959,19209305.85714286,,,0,24555395.0,245.21440374773024,4939726.873442861,0.43409681034915043,,,,,,,,,0.030959177113257984,0.010609675654838049,1.0,1.0,1.0,1.0,1.0,648.8331909179688,0.03310318433999471,0.21128071562358075,,,
2021-02-11,270.9913474055932,286.9632560827012,270.074549580711,285.08135986328125,47356292.0,0,1,0.057265682093438075,0.05897119270188056,0.15684364724882083,0.23494993562864241,,0.05568603016983068,,,244.40609741210938,0.16642490871488616,,,,,,,257.189599398263,248.40108405502292,0,0,0,81.9224747007382,1,0,8.788515343240078,3.8559520712383613,4.932563272001717,0,280.110279524568,208.70191529965075,244.40609741210938,0.2921709604671231,1.0696148188334866,10.400367089658229,0.03648210144165868,65.18663507743332,57.64405536520557,12.670412318296947,1,97.32141258273751,91.31034148565311,23367178.42857143,16548369.4,1.4120532279495421,1,71911687.0,250.04962619622472,7651617.236238886,0.4288053306828575,,,,0.4268601196082912,,,,,0.05924170738518178,0.005010821800478829,1.0,1.0,1.0,1.0,1.0,656.7105102539062,0.012140746568147565,0.16731663782968864,,,
2021-02-12,286.62543669627684,286.86670389888315,276.49221418681253,280.6419982910156,15454237.0,0,1,-0.01557226180762794,0.04585506066898004,0.1304177175636383,0.21015383734713233,0.22005430894406008,-0.01569478309670795,,,246.21318740844725,0.13983333405068116,,,,,,,260.7976607663788,250.78929992435573,0,0,0,78.24873706151564,1,0,10.008360842023052,5.0864338253953,4.921927016627752,0,285.42372873798365,207.00264607891089,246.21318740844725,0.3185088641453583,0.9390249371109031,10.398518705544829,0.037052610688589595,65.09907004515007,53.53613744039117,11.767474217440526,1,91.00266985641733,92.57638156487492,23336219.714285713,16893780.666666668,1.3813497508186965,0,56457450.0,251.6636989510393,7410959.8116377555,0.47865277764628467,0.508843198551158,,,0.4312936746732818,,,,,0.0369669891721361,0.005416267249939074,1.0,1.0,1.0,1.0,1.0,716.8873291015625,0.09163370755919509,0.2688845649795102,0.4655812928517437,0.5522,0.6131902797324117
2021-02-15,282.2826510078184,285.7086337949795,278.904909884648,281.2210693359375,8041775.0,0,1,0.002063379852082603,0.04294923327535938,0.11285089778120638,0.21265084439303483,0.14589071174084944,0.0020612540076563783,,,248.54141693115236,0.1314857411223242,,,,,,,263.939723623234,253.04350506595438,0,0,0,78.38489982034635,1,0,10.89621855727961,6.248390771772162,4.647827785507448,0,290.3090633116999,206.7737705506048,248.54141693115236,0.3361021023881703,0.8912077317816626,10.141747648743875,0.036063256827420974,65.01775965802992,50.97075049451802,11.203591087527892,1,91.82688768449015,93.38365670788166,21442701.714285713,16331760.866666667,1.3129448740613476,0,64499225.0,253.2099711661687,7427553.048147737,0.48750576516800326,0.47810637486060975,,,0.41363640838389465,,,,,0.0241935070028625,0.005846069821315478,1.0,1.0,1.0,1.0,1.0,761.2597045898438,0.061895884732529494,0.2946413538987116,0.48595437253851237,0.5732,0.5721096603808289
2021-02-16,283.2959395340099,296.61390688351,282.7651634651272,292.1263427734375,27519511.0,0,1,0.03877829446865855,0.02471218361500327,0.15512303385606163,0.30812459767642597,0.20934871773848007,0.03804530577554459,,,251.00958099365235,0.16380554725050486,,,,,,,268.27612656941915,255.9385300813235,0,0,0,80.81997525865496,1,0,12.337596488095642,7.466231915036859,4.8713645730587825,0,296.96371612052815,205.05544586677655,251.00958099365235,0.3661544307987025,0.9473673769103147,10.516825498660207,0.03600094876351727,65.24451216116086,53.04866450581938,10.032304333868801,1,94.38406479532668,92.40454077874472,23540721.285714287,16839162.666666668,1.3979745757972537,0,92018736.0,256.60616539569423,8494712.749339225,0.4921932907416939,0.4836171100311356,,,0.4200204187668304,,,,,0.0474066915256711,0.007378075202444492,1.0,1.0,1.0,1.0,1.0,777.961669921875,0.021939904649268094,0.3104899453313248,0.48416013401714764,0.5645,0.5718335962935645
2021-02-17,292.1263588545685,297.7237465223366,290.48572999424096,293.284423828125,18221106.0,0,1,0.003964315726177725,0.045048230892368535,0.08944252353468718,0.3267845078810043,0.17313275475097178,0.003956478532501186,,,253.5091094970703,0.1568989548737078,,,,,,,272.1235569169124,258.7048925810866,0,0,0,81.06394266443776,1,0,13.418664335825781,8.656718399194645,4.761945936631136,0,302.9983833538198,204.0198356403208,253.5091094970703,0.39043388977169224,0.9018579303283717,10.282624857905597,0.03506024876360832,65.48393395141645,51.15237863957007,9.52788904534032,1,94.49101118146392,93.5673212204269,22207036.285714287,16845563.633333333,1.3182720845132119,0,110239842.0,259.0012583381579,8566946.966403376,0.39950643624467447,0.47627960973888805,,,0.4137580454603436,,,,,0.024679171275517185,5.5048547922979076e-08,1.0,1.0,1.0,1.0,1.0,783.1965942382812,0.006729026016065731,0.2501195134742127,0.48013690121990843,0.6034,0.6071973339390012
2021-02-18,295.359338297361,301.68055754651,294.3460276875878,299.0748596191406,16202053.0,0,1,0.019743413971445856,0.0634866737594102,0.1145479199702395,0.36942122891913076,0.13558106136047465,0.019551040720976152,,,256.4525718688965,0.1661994942754307,,,,,,,276.2699111787936,261.69526050983137,0,0,0,82.27777281620745,1,0,14.57465066896225,9.840304853148165,4.734345815814084,0,309.4860651713247,203.41907856646824,256.4525718688965,0.4135929923880036,0.901843109855,10.147875490796983,0.03393088775071191,65.81058601869182,50.91446037716693,8.964805453880624,1,96.86227603363056,95.24578400347372,21369223.714285713,16294323.433333334,1.3114520404431549,0,126441895.0,261.23632505801186,8886830.805969682,0.38559839280751507,0.45748616792475444,,,0.405330834035623,,,,,0.024524060191025033,0.007074751676727131,1.0,1.0,1.0,1.0,1.0,805.8812866210938,0.028964237778478896,0.2831626603909714,0.4673285991047334,0.5769,0.5724814882939187
2021-02-19,297.2412109375,302.40433526455195,291.6920649540889,297.2412109375,17410357.0,0,1,-0.006131069271337997,0.017509095946302233,0.10236225819474476,0.27721339836194114,0.14839666611251245,-0.006149941453855985,,,259.7724090576172,0.14423703431711354,,,,,,,279.4962649878254,264.3282938748439,0,0,0,80.51762603074047,1,0,15.16797111298149,10.90583810511483,4.262133007866661,0,314.3466093966855,205.19820871854893,259.7724090576172,0.42016933620509167,0.8432831049020413,10.188189406487417,0.03427583064391989,65.71907111720253,47.09063877557037,10.15219471756616,1,92.29661022265233,94.54996581258227,21457904.42857143,16187778.833333334,1.3255619964603191,0,109031538.0,264.2518881340776,8780086.701163957,0.4035727331881334,0.45402278605548135,,,0.40575053279559353,,,,,0.03603898085557016,-0.006131069271337952,1.0,1.0,1.0,1.0,1.0,779.6566772460938,-0.032541529143771064,0.20162884414565174,0.4857145121235952,0.5666,0.5369051410545068
2021-02-22,299.17133239975226,316.54257105522174,299.17133239975226,305.0582580566406,45975603.0,0,1,0.026298665297741275,0.04014476484920837,0.07007437526936111,0.23790874311411137,0.19418202140129615,0.02595880116955442,,,263.4300193786621,0.15802389862842797,,,,,,,283.42887930610465,267.3453282586807,0,0,0,82.25996304319924,1,0,16.083551047423953,11.941380693576656,4.1421703538472965,0,319.91260701874444,206.94743173857978,263.4300193786621,0.4288242302324139,0.8685050598535028,10.839130171575583,0.0355313448671272,66.03230454861361,50.4179366167768,8.860899968638554,1,84.22796776055253,91.12895133894513,21260663.14285714,17281517.6,1.2302544044428796,1,155007141.0,269.9299035174233,9989183.696322788,0.30066012612256315,0.45488070066072583,,,0.41063476542132565,,,,,0.056944003962168234,0.006493451753088505,1.0,1.0,1.0,1.0,1.0,803.5879516601562,0.03069463151215812,0.2236562977337797,0.486590555610568,0.5683,0.5384480117457744
2021-02-23,310.70389805529163,326.3379942456676,305.58901597293783,321.4161376953125,50677230.0,0,1,0.05362214988992253,0.07470129085615085,0.1452888008658475,0.2946547522259675,0.2598825583328084,0.05223389428016945,,,267.9055236816406,0.19973688216022006,,,,,,,289.27307290444435,271.3505734021349,0,0,0,85.2355721018718,1,0,17.92249950230945,13.137604455323217,4.784895046986232,0,327.9438788886499,207.86716847463128,267.9055236816406,0.44820542989889617,0.9456369085159805,11.58488774425068,0.03604326723393277,66.54729822239989,49.84244505880889,7.698316327083864,1,93.79938122004219,90.10798640108233,26292519.285714287,18532889.133333333,1.4186951152923293,1,205684371.0,276.22530894526136,12706605.719388867,0.3342883763456826,0.4735748465077975,,,0.42113241831972076,,,,,0.06455487400697599,0.018506760100894474,1.0,1.0,1.0,1.0,1.0,797.3558959960938,-0.007755287583876225,0.11224716022722614,0.49107303432001365,0.5011,0.48996078268657023
2021-02-24,322.5260161693614,325.7107315415871,316.5425776167128,321.1748962402344,14777374.0,0,1,-0.0007505580049835814,0.08051940451745376,0.14207266546081354,0.2709565910894416,0.2670854423062601,-0.0007508398146615002,,,272.7984230041504,0.17733413816453034,,,,,,,294.18104572533514,275.04126398273485,0,0,0,85.00910953099711,1,0,19.13978174260029,14.338039912778633,4.801741829821658,0,333.48318523658173,212.11366077171903,272.7984230041504,0.4449055208175312,0.8985883066559209,11.412263900009513,0.03553286397412984,67.02550663377286,46.982343903626735,7.2565650567745665,1,93.49546210302651,90.50760369454042,27254747.714285713,18582130.733333334,1.4667181124388016,0,190906997.0,279.3812793442656,12695514.443040531,0.34077009539243086,0.472381172962903,,,0.4193395283819759,,,,,0.028545674123972253,0.003453088827484528,1.0,1.0,1.0,1.0,1.0,802.8899536132812,0.006940511313676456,0.054686001074846446,0.49124363903565793,0.5079,0.49516086924825636
2021-02-25,325.807238599586,342.2134084931217,325.2281914189133,338.4496459960937,35967464.0,0,1,0.05378611453784998,0.10945905268118739,0.1585728379812117,0.3382941715520844,0.3416220374396173,0.05238950214317916,,,278.6684539794922,0.2145244327547779,,,,,,,300.99159961314416,279.7381811689096,0,0,0,87.55828782518599,1,0,21.25341844423457,15.721115619069822,5.532302825164747,0,340.96735911794093,216.36954884104347,278.6684539794922,0.4471184610155654,0.9797932795427781,12.099853068072212,0.035750822053487584,67.79481956204248,50.889292628802366,6.355330188160055,1,95.71664655406971,94.33716329237946,28461598.14285714,19527661.3,1.4575016283622833,0,226874461.0,285.51872639587333,14630064.581380527,0.38276118508311774,0.48786412224092496,,,0.42701403059312854,,,,,0.050185359255492966,0.014423114675459292,0.0,0.0,0.0,0.0,0.0,841.080078125,0.04756582684818755,0.08113305660607106,0.4961519688195295,0.5268,0.5253454872771414
2021-02-26,331.0186244675904,337.4363266026696,323.0568062406003,328.3646850585937,20379210.0,0,1,-0.0297975224876329,0.021618539172006734,0.11961174334654401,0.21975264305052922,0.3430037572787328,-0.030250489564337932,,,284.16693420410155,0.15553446067988796,,,,,,,305.2028435278287,283.34014441999733,0,0,0,79.10151399789136,1,0,21.86269910783136,16.949432316822133,4.913266791009228,0,343.4035687741849,224.93029963401818,284.16693420410155,0.41691433759521745,0.8730609543845828,12.335066402888012,0.037565143159919684,68.21014529342682,46.35326558710089,7.046228887357105,1,82.04006545229544,90.4173913697972,28769898.714285713,19615700.0,1.4666771368998155,0,206495251.0,289.5473241710317,14022814.613125334,0.487524854898052,0.4871195697252554,,,0.42575520035113495,,,,,0.043791311966155703,-0.021956062346092785,1.0,0.0,0.0,0.0,0.0,831.25830078125,-0.011677576962285774,0.061366082151713686,0.49737157310836894,0.5291,0.5256429223403487
2021-03-01,330.0535193702364,334.87886322067845,322.9120163618945,332.0801696777344,14556212.0,0,1,0.011315116357526911,0.033954314503282346,0.11035802240490766,0.2375472242936585,0.41517579766019264,0.01125157926560256,,,289.13462524414064,0.14853130923814886,,,,,,,309.33781678166036,286.95051666131116,0,0,0,79.87280222120359,1,0,22.38730012034921,18.037005877527548,4.350294242821661,0,346.8519671359518,231.41728335232946,289.13462524414064,0.39924199215556117,0.8720332834635165,12.308765006880583,0.037065642970568115,68.57487208595862,43.134290964572614,6.6409302815185605,1,86.85855005040628,88.20508735225712,28534778.57142857,19501250.566666666,1.4632281388252526,0,221051463.0,292.41870781065137,14187519.845630163,0.4876293418007905,0.46257443249264796,,,0.41958752771476804,,,,,0.03603601765922112,0.005143166693889037,1.0,0.0,0.0,0.0,0.0,849.0569458007812,0.021411689967851588,0.053575706368260256,0.4716956831254875,0.478,0.4765070666780868
2021-03-02,332.2249336436035,337.0985192918825,326.91705525568824,333.19000244140625,12878208.0,0,1,0.003342062745718577,-0.01554040199748985,0.12094147843942515,0.23568357947664054,0.3724905278031292,0.0033364904658415057,,,293.4726089477539,0.13533594714702368,,,,,,,313.00738380623665,290.375663756133,0,0,0,80.10895133099473,1,0,22.631720050103638,18.95594871204277,3.675771338060869,0,350.7153830220347,236.22983487347307,293.4726089477539,0.39010641762803555,0.8469205863618111,12.156814937545844,0.036486133582845734,68.96522366223013,41.8580836557034,6.243655212963449,1,87.49161521577236,85.46341023949135,27887328.714285713,19588712.933333334,1.4236427277889685,0,233929671.0,295.4718921567072,14230559.624818578,0.4735025822207513,0.4581896085105681,,,0.417901734464963,,,,,0.030557531623370774,0.0004359307754196911,0.0,0.0,0.0,0.0,0.0,870.046630859375,0.024721174666084922,0.11593558581779484,0.46575245966452994,0.4619,0.46209180618200474
2021-03-03,338.4496459730847,348.679351874167,338.2566204290193,346.7974853515625,20104887.0,0,1,0.04084000963549084,0.056135148302198346,0.13682379084185325,0.216486007776443,0.42542641333635567,0.040028088710490406,,,298.39928436279297,0.16219275154134466,,,,,,,318.205860967056,294.555057948387,0,0,0,82.77712230556452,1,0,23.650803018669023,19.89491957336802,3.755883445301002,0,356.217095414312,240.58147331127398,298.39928436279297,0.38751977019639416,0.9185405855787582,12.394853115775481,0.03574089674615236,69.5728334770927,44.79552856090694,5.686337726722891,1,97.39307225235197,90.58107917284353,24191512.14285714,19889179.366666667,1.2163152484511746,0,254034558.0,299.1618365661381,15051643.403619032,0.4926804613797788,0.4652556966036408,,,0.4197700717168332,,,,,0.03005423016427529,0.015785718338302848,0.0,0.0,0.0,0.0,0.0,912.7238159179688,0.049051606597729114,0.13581072741614086,0.4731913384555762,0.4888,0.48859403667986673
2021-03-04,339.70423040251063,345.2051345504495,334.8788862206568,337.2433166503906,13623173.0,0,1,-0.027549705821789394,0.01554789308156157,0.049242017120128434,0.20168513160557477,0.4039776739021408,-0.027936316180640446,,,302.626286315918,0.11438870944057779,,,,,,,321.13470030295366,297.71715118557245,0,0,0,75.15439872708917,1,0,23.417549117381213,20.59944548217066,2.818103635210555,0,358.7129757101087,246.53959692172725,302.626286315918,0.37066634281491756,0.8086029030094453,12.360834973999069,0.03665257208584848,69.63164050587368,41.71032350513694,7.246566589650703,1,83.60999400683959,89.4982271583213,18898075.42857143,20050568.033333335,0.9425207005185126,0,240411385.0,302.46786373637366,14676328.995109688,0.49570911386895,0.4742081148396951,,,0.41932442436433365,,,,,0.03061957886180316,-0.0204535939522778,0.0,0.0,0.0,0.0,0.0,915.76513671875,0.0033321370032646236,0.14850237054400162,0.46311012956933173,0.4784,0.49757687320669397
2021-03-05,333.18999549620713,335.4579130140824,321.51265739589013,326.0484924316406,15127687.0,0,1,-0.03319509584338276,-0.021433746383256236,0.015174274977459268,0.15940279013075553,0.41241631839196446,-0.03375855759987266,,,306.2838958740234,0.06453031590582392,,,,,,,321.89066832275165,299.8157690556516,0,0,0,67.33053998147082,0,0,22.07489926710008,20.894536239156544,1.1803630279435353,0,358.09350812427084,254.47428362377602,306.2838958740234,0.3383110437615502,0.6907425639681641,12.6015367083206,0.038649271506638355,67.91864157088267,37.991214242958854,14.176728255016368,1,65.66617902948694,82.22308176289282,18948120.14285714,20021312.3,0.9463975117583646,0,225283698.0,304.6961696029356,14174163.975255992,0.5532368982627092,0.4688892583534042,,,0.4133307664763517,,,,,0.04277049562226098,-0.01201898141212222,1.0,0.0,0.0,0.0,0.0,907.28955078125,-0.009255196117061826,0.13002977145016525,0.45721824548284185,0.4638,0.48358002381699455
2021-03-08,328.1716327659356,331.8871535261327,323.008538261242,324.8421630859375,10555735.0,0,1,-0.0036998464145822085,-0.06330877008340474,-0.04020533946817384,0.11199202373157147,0.40074897051919645,-0.0037067077755441272,,,309.06570587158205,0.05104564147570168,,,,,,,322.34474444016485,301.6695760208579,0,0,0,66.52683482410627,0,0,20.675168419306942,20.850662675186626,-0.17549425587968415,0,358.4087317759935,259.7226799671706,309.06570587158205,0.31930443893968385,0.6598651169561226,12.335613748075607,0.03797417684604015,66.32799970267673,36.03804618363093,13.447887827953643,1,59.03814195065219,69.43810499565956,15317873.142857144,20096572.066666666,0.7622132317911198,0,214727963.0,307.6967857474313,14135109.376962962,0.42735186152089993,0.4705666290837692,,,0.4091815435100696,,,,,0.027332090085060313,0.006511731793209029,1.0,0.0,0.0,1.0,0.0,907.5886840820312,0.0003296999293376235,0.07907523633813485,0.4422249359771256,0.4769,0.5158664297184656
2021-03-09,328.0751337914128,332.3696720638443,316.9768431512478,321.6091613769531,13883599.0,0,1,-0.009952531033137757,-0.04635868081455541,-0.020573234543888597,0.09657770835258339,0.38680797292046853,-0.010002388551615688,,,311.7292953491211,0.03169373612052424,,,,,,,322.23157781505535,303.14658234353163,0,0,0,64.3112107845501,0,0,19.084995471523712,20.497529234454042,-1.4125337629303303,0,357.43230545261383,266.0262852456284,311.7292953491211,0.2932224259019843,0.6080876949402176,12.553986259827099,0.039034914944828844,64.11608935358564,32.88180636029168,15.701972513706197,1,52.497843009830405,59.0673879966565,14389928.714285715,20282760.633333333,0.7094659831776967,0,200844364.0,310.1109245793512,13996932.42706382,0.3948526677994318,0.4735252230733642,,,0.4106110941408285,,,,,0.04786191054599589,0.00995243559137363,0.0,1.0,0.0,0.0,0.0,902.6029663085938,-0.005493367051485731,0.08582731199230276,0.4446209215755832,0.484,0.5240518840938905
2021-03-10,324.0701008004085,330.3913192974507,318.9070061296505,328.461181640625,10886045.0,0,1,0.021305426233305447,0.0073997864274444325,-0.010897934798760778,0.09825741307345814,0.47082987109861874,0.021081638652822445,,,314.67034301757815,0.04382630562129736,,,,,,,323.1899784036045,305.02173784702,0,0,0,66.83242806347994,0,0,18.16824055658452,20.03167149888014,-1.8634309422956186,0,356.3637240475212,272.9769619876351,314.67034301757815,0.26499720710962565,0.6653840283802199,12.477581038968037,0.03798799290876318,62.062172600858176,30.72007232944286,14.669684689782944,1,64.521612931149,58.6858659638772,13865619.142857144,20174323.266666666,0.6872904215710088,0,211730409.0,312.10263332077477,14228864.255783765,0.41367882099377906,0.4511826407169717,,,0.4081255860308154,,,,,0.034963989079127795,0.0076519568438877805,0.0,0.0,0.0,0.0,0.0,895.5731811523438,-0.007788347056956746,0.05478576623348985,0.4472939009044645,0.4489,0.4612235494401512
2021-03-11,324.0701008004085,330.3913192974507,318.9070061296505,328.461181640625,10886045.0,0,1,0.0,0.011140852284406533,-0.014192565101387888,0.1050324435318275,0.4859200551900509,0.0,,,316.83933410644534,0.03668057050730699,274.60840728759763,0.19610752228946624,,,,,324.0009327477615,306.7579929428426,0,0,1,66.83242806347994,0,0,17.242939804918933,19.473925160087898,-2.230985355168965,0,356.5161720058732,277.16249620701745,316.83933410644534,0.2504539912086676,0.6464563224977569,12.406633333884622,0.0377719926352178,60.154964187611256,28.68890698613504,13.69974702754044,1,59.16182782470107,58.727094588560156,13581024.42857143,20078635.966666665,0.6763917853343137,0,211730409.0,316.2672475437971,14228864.255783765,0.4125010274079034,0.447603322495964,,,0.40871160536212736,,,,,0.034963989079127795,-0.013368644715590306,0.0,0.0,0.0,0.0,0.0,895.5731811523438,0.0,0.029339289858240525,0.4465667919634685,0.4429,0.45229306709109823
2021-03-12,329.6192802448589,332.94877982372265,316.01183193505545,318.665771484375,15035151.0,0,1,-0.029822124207564138,-0.009152071041683474,-0.08111856358666858,0.04460627787761062,0.45912522689575863,-0.030275847190630794,,,318.74052276611326,-0.000234520797950469,276.38123901367186,0.1529934977555095,,,,,323.1801387072405,307.6400506125857,0,0,1,59.825348461145815,0,0,15.540088094654777,18.687157747001276,-3.1470696523464987,0,354.5719786585948,282.90906687363173,318.74052276611326,0.224831506088569,0.49895690420782,12.730227230654807,0.039948524033052615,57.99117581067801,25.962535931282225,14.022294956320872,1,30.347304651816703,51.34358180255558,12856776.42857143,20080066.3,0.6402755965288536,0,196695258.0,317.88222700415565,13780484.115182282,0.31566732243296897,0.4594834958103555,,,0.4127147734445718,,,,,0.05314956736574908,0.003525830962579257,0.0,1.0,1.0,0.0,1.0,891.5348510742188,-0.004509212829406972,-0.02321508924629001,0.44361938796140366,0.4467,0.47078696683305465
2021-03-15,320.30632878385615,324.1666039833038,313.64735995512143,322.13995361328125,14049436.0,0,1,0.010902275800514172,-0.019244977430118104,-0.04478476604702164,0.0022519588566984883,0.3842006080007847,0.010843274437101749,,,320.78646697998045,0.0042192759752089914,277.9156979370117,0.15912831122728718,,,,,323.02011023124675,308.7141175015261,0,0,1,61.37225408167653,0,0,14.305992729720629,17.810924743545147,-3.5049320138245186,0,351.96885687823095,289.60407708172994,320.78646697998045,0.19441212836573013,0.5217027405166392,12.572299859049632,0.03902744666730249,55.66193213163809,24.410903407437544,14.527619340141262,1,24.2423944313104,37.91717563594272,12917671.142857144,20134451.033333335,0.6415705658660104,0,210744694.0,318.68113592102225,13933654.941295955,0.31961029803207736,0.43333338829733015,,,0.3962841262605538,,,,,0.032654266911611884,0.0051482068244709045,0.0,1.0,0.0,0.0,1.0,893.6287841796875,0.002348683400257068,-0.024172521590392293,0.42883336939345895,0.389,0.3992575040833805
2021-03-16,324.2631311730348,324.98693280511753,314.9019516174735,322.2364807128906,13294567.0,0,1,0.00029964336471355324,-0.018951100695195455,-0.011691548365460491,0.0033053158421889606,0.307616975740892,0.0002995984806064709,,,322.29197387695314,-0.00017218289178897746,279.52929260253904,0.15278251417849315,,,,,322.89955184380733,309.71577403570126,0,0,1,61.416706189322035,0,0,13.183777808106072,16.885495356457334,-3.7017175483512617,0,350.40449455198876,294.1794532019175,322.29197387695314,0.17445374352244106,0.49901301692751104,12.394634239663517,0.03846440419235775,53.566890391011526,23.464925977192905,13.68329794778,1,24.517934285945092,26.36921112302406,12655796.857142856,19969230.466666665,0.6337648753299909,0,224039261.0,320.7681378483813,13937638.570084246,0.2570132975564657,0.4112337848908601,,,0.3889200759320302,,,,,0.031296832578771965,0.006590854490226874,1.0,0.0,0.0,0.0,1.0,895.2242431640625,0.0017853710764694775,-0.013298188661820531,0.4196166495465427,0.3459,0.34396419692734426
2021-03-17,321.3197240374459,321.89874185584074,313.64741397647134,314.9985046386719,11028678.0,0,1,-0.022461690427496017,-0.011508191885876706,-0.030302896501343213,-0.06928989772881156,0.2688047149677313,-0.022717796512057527,,,323.37767791748047,-0.025911415199619287,280.8292416381836,0.12167273892549793,,,,,321.68400611994036,310.1070874136991,0,0,1,56.194661101141726,0,0,11.576918706241258,15.82378002641412,-4.2468613201728616,0,348.2655202559971,298.48983557896383,323.37767791748047,0.15392430608563845,0.3316613154961828,12.122807989431786,0.0384852874248962,51.43625080625305,22.277425197323225,13.730004505601402,1,3.8568879744913307,17.53907223058227,12723360.142857144,19814488.133333333,0.6421240890625384,0,213010583.0,321.9544325507845,13689915.81902371,0.2868857329880186,0.4213537970556699,,,0.38463101769867747,,,,,0.02619481603201362,-0.0028449810319941754,1.0,0.0,1.0,1.0,1.0,871.392822265625,-0.026620616097491112,-0.039881349835268254,0.4362934210796027,0.3855,0.3774875500671955
2021-03-18,317.84546810195314,328.60598112361714,317.84546810195314,320.2098693847656,23744146.0,0,1,0.016544093604734966,-0.005991446285587454,-0.004350908370260642,-0.024834630655768963,0.2671377769265222,0.016408731015353596,,,324.4344284057617,-0.013021303077343371,281.9660940551758,0.13563253219412327,,,,,321.4572158529904,310.8554416337781,0,0,1,58.90405458974413,0,0,10.601774219212245,14.779378864973745,-4.1776046457615,0,346.62615711163085,302.24269969989257,324.4344284057617,0.13680255091863752,0.4048168108715479,12.22885573911132,0.0381901275017138,50.033594164404114,24.424480344719388,12.638728981113703,1,18.732904040424835,15.702575433620416,14132009.714285715,19896079.633333333,0.710291171664258,0,236754729.0,322.96388511261296,14082741.193012204,0.3081834008205023,0.42110558917300833,,,0.38493575182183215,,,,,0.03360456391409384,0.009038022153619304,0.0,0.0,0.0,1.0,1.0,868.5509033203125,-0.003261352254340877,-0.037726513494128144,0.4322544840709948,0.3705,0.3660174824154837
2021-03-19,318.47273503520813,327.8339150880813,309.401093321488,323.39459228515625,16753538.0,0,1,0.009945736233894387,0.003593980326819235,-0.015425230251446265,-0.02615506189667094,0.27876363023787154,0.00989660290875326,,,325.74209747314455,-0.007206637417142074,283.25735626220705,0.14169883018252405,,,,,321.7552737656313,311.7842676079543,0,0,1,60.51144418393617,0,0,9.971006157676982,13.817704323514395,-3.846698165837413,0,343.90310906171845,307.58108588457065,325.74209747314455,0.1115054623240471,0.43536964676942197,12.671996169645748,0.039184316843715476,47.551042489640984,21.88675809419446,16.08541810567365,1,35.626576837413765,19.405456284109974,14970223.0,20026751.766666666,0.747511287622641,0,253508267.0,324.01531271625,14249367.462944731,0.2812266495924949,0.42059375631272855,,,0.3921497918734024,,,,,0.056997928247173583,-0.005424986909039161,0.0,0.0,0.0,1.0,1.0,887.0975952148438,0.021353603828665246,-0.009463867516213864,0.43268857007790107,0.3697,0.36439037414113157
2021-03-22,323.39457686032176,330.6808348822135,319.5343014682596,327.88214111328125,8470164.0,0,1,0.013876387964360415,0.0409006274153203,-0.0017628887664944415,-0.015930433954297385,0.21796017181514693,0.013780992377337714,,,326.88329162597654,0.003055676178296702,284.7059243774414,0.15165197854681833,,,,,322.6978687421928,312.97670268242297,0,0,1,62.72390124131187,0,0,9.721166059769814,12.998396670765478,-3.277230610995664,0,342.22067777538496,311.5459054765681,326.88329162597654,0.09384013525510887,0.5325625721871532,12.563034544239185,0.0383157024093567,45.509243587456794,22.118336010056204,15.06600646954762,1,47.051596666402396,33.80369251474699,14625097.142857144,19390527.2,0.7542392732291026,0,261978431.0,326.3311935635507,14366902.74473049,0.29748306512498746,0.3884077753443892,,,0.38145193852657466,,,,,0.03399554905951043,-4.7696637034116357e-08,0.0,0.0,0.0,1.0,1.0,988.2066650390624,0.11397739140497976,0.10343485695666566,0.5083316804630124,0.2681,0.2071270057812312
2021-03-23,329.95702666771905,330.4878321944831,318.7622223636212,320.11334228515625,13880498.0,0,1,-0.023693876103611622,-0.000301449483099403,0.004542598955759702,-0.07694445373315051,0.19295102320866686,-0.02397909021421891,,,326.8181518554687,-0.020515413639807852,286.0058721923828,0.11925443988727244,,,,,322.3002492872641,313.5053426529958,0,0,1,56.791675702532494,0,0,8.794906634268273,12.15769866346604,-3.3627920291977667,0,342.2639879094994,311.37231580143805,326.8181518554687,0.0945225102482154,0.28295737612199956,12.503218493283663,0.03905872340099409,43.50661028839807,20.636711908337706,14.497865879182617,1,29.9191057656453,37.532426423153815,14460146.714285715,19117652.433333334,0.7563766924161232,0,248097933.0,327.58567303477093,14038019.94486206,0.27210868407201416,0.39750672449969393,,,0.3813406526023827,,,,,0.03662955672874362,0.006328144458837539,0.0,0.0,1.0,1.0,1.0,1055.3634033203125,0.06795819200287978,0.18376012115364326,0.5284634316669992,0.1832,0.13920159157663917
2021-03-24,316.832068076602,316.832068076602,305.7337771282069,306.6506042480469,20388678.0,0,1,-0.04205616029936299,-0.051775720548676296,-0.04808267087487339,-0.09071406575584784,0.13725836168369887,-0.0429661251715628,,,326.09193725585936,-0.059619177252329195,287.069377746582,0.06821078115392269,,,,,319.892611588923,312.9975842526292,0,0,1,48.27164943518691,0,0,6.895027336293765,11.105164398031587,-4.2101370617378215,0,343.8479543759529,308.33592013576583,326.09193725585936,0.10890190827479274,-0.047457599199196975,12.63724325497407,0.041210560422545,40.70963822506144,18.959430730541875,20.683502450243346,1,3.0844533996214256,26.685051943889707,15365752.714285715,19237621.966666665,0.7987345182741505,0,227709255.0,326.7341042029912,13180550.434601964,0.3635855804236246,0.42198820035185075,,,0.3825710227778632,,,,,0.036191974822974135,-0.010250351282238293,1.0,1.0,1.0,1.0,1.0,1022.5079956054688,-0.031131842938154075,0.14422007628602374,0.5450086360764931,0.2535,0.19785497367904525
2021-03-25,307.90523308794945,308.72554757609475,294.73204796602,303.0316467285156,20856373.0,0,1,-0.011801566569240807,-0.07579093603692166,-0.05959857165112947,-0.07059332043361832,0.06296548772547927,-0.01187175784723557,,,324.32103729248047,-0.06564295286452713,288.0846307373047,0.051884114584511316,,,,,317.2986169950142,312.2593666582504,0,0,1,46.262465051721726,0,0,5.039250336763757,9.891981585778021,-4.852731249014264,0,343.86264733305063,304.7794272519103,324.32103729248047,0.12050781659869367,-0.04471946067304919,12.734118708909834,0.042022405403480054,39.09980525805893,17.471253335400352,25.23111836573866,1,21.71718605714014,18.24024840746895,16446010.714285715,18354291.333333332,0.8960308200196224,0,206852882.0,324.0027456575777,12934412.560249548,0.3605884741993788,0.3950500073568194,,,0.3764741362568378,,,,,0.046178343949044576,0.00409139529654317,1.0,1.0,1.0,1.0,1.0,978.73388671875,-0.04281052967297172,0.09328349203271435,0.5708919363561534,0.2987,0.2078209642875519
2021-03-26,306.9884281282298,317.0251389662232,306.9884281282298,315.7222900390625,13857627.0,0,1,0.04187893722504943,-0.013717179717495864,0.0022977423376051576,-0.028074782411981136,0.12500014952027905,0.04102575349603247,,,323.6889175415039,-0.02461198722202125,289.50907257080075,0.09054368222554125,,,,,317.056105155637,312.51587950127356,0,0,1,53.56186646065373,0,0,4.540225654363439,8.821630399495104,-4.281404745131665,0,343.4958798667194,303.88195521628836,323.6889175415039,0.12238270297082904,0.29889325350259893,12.824073960966818,0.040618208994303726,36.718074552214524,20.732281287666055,23.264552202341015,1,54.92422049901655,26.575286651926035,16850146.285714287,18301071.0,0.9207191363671715,0,220710509.0,323.10594837567953,13514755.251470698,0.44906848593028603,0.40695375242625886,0.4573149817493183,0.8898762749245215,0.375176893724263,,,,,0.031789680851331714,0.013057320720231776,0.0,1.0,1.0,1.0,1.0,985.4645385742188,0.006876896720142689,0.1309073398286742,0.5214353532494816,0.369,0.28974995788343494
2021-03-29,306.9884281282298,317.0251389662232,306.9884281282298,315.7222900390625,13857627.0,0,1,0.0,0.029583133590298072,-0.014014494163859803,-0.018304426754158,0.12268362674459143,0.0,,,322.8710235595703,-0.022141143053640535,291.1303887939453,0.08447040292493377,,,,,316.85090283001017,312.75339139296165,0,0,1,53.56186646065373,0,0,4.097511437048524,7.876806607005789,-3.7792951699572646,0,342.5696736530992,303.1723734660414,322.8710235595703,0.12202178985500978,0.31854762923942226,12.624976595040145,0.0399875998412343,34.50646746821615,19.555000959207618,21.943477146577393,1,54.92422049901655,43.85520901839107,15437786.42857143,18494932.733333334,0.8347035726573894,0,220710509.0,322.29966688174284,13514755.251470698,0.434960449605812,0.4070796619431967,0.44027043643679126,0.9246127567360302,0.37700587198855157,,,,,0.031789680851331714,-0.027663114662420833,1.0,1.0,1.0,1.0,1.0,985.4645385742188,0.0,0.13460769519318516,0.49950714776258187,0.3916,0.32112288013734425
2021-03-30,319.0034895434242,321.27140718116243,313.5991276640013,314.9019470214844,9159261.0,0,1,-0.0025983056738776433,0.03917181727096408,-0.026260937771598214,-0.041281087011298734,0.07796491077051138,-0.0026016871287039664,,,321.95662078857424,-0.021911876667765753,292.57316650390624,0.07631862068690438,,,,,316.55106347485236,312.9125436617411,0,0,1,53.02192557186122,0,0,3.638519813111259,7.029149248226884,-3.390629435115625,0,341.33363962839195,302.57960194875653,321.95662078857424,0.12037037034590077,0.3179628707230943,12.27121251804879,0.03896836025980995,32.07392080471323,21.153372454239147,20.963503605137813,1,52.77766589400057,54.20870229734455,14352889.714285715,17882924.4,0.8026030526800033,0,211551248.0,321.66953612471366,13490956.691645872,0.4269745756606271,0.39426036689247407,0.43852656681747454,0.8990569710604897,0.3701039363500587,,,,,0.02436402692879412,0.010392676120383389,1.0,1.0,1.0,1.0,1.0,1028.590576171875,0.04376214050284499,0.15950103091279755,0.5083064449045028,0.3695,0.28827409992521347
2021-03-31,311.81370113525594,324.26308140606994,309.6905382263782,315.4327087402344,10387652.0,0,1,0.00168548249310696,-0.0009172025794956795,-0.037969229829890816,-0.03966518306764577,0.0755181084048604,0.0016840636615431232,,,320.3883819580078,-0.015467705749776408,294.0159436035156,0.0728421896929493,,,,,316.37900890029573,313.0992225564443,0,0,1,53.34959410034856,0,0,3.2797863438514128,6.27927666735179,-2.9994903235003774,0,336.0141534936365,304.7626104223791,320.3883819580078,0.09754268516313876,0.3414262871284824,12.435593279594716,0.03942391811318367,30.145183826769294,19.38277260913097,21.453843714023343,1,54.16648616446811,53.95612418582841,14626816.57142857,17621809.266666666,0.8300405679169727,0,221938900.0,319.82965721551426,13508464.89723636,0.411957350199344,0.3942425539215758,0.4340880361803998,0.9082087527464938,0.37622786885818815,,,,,0.0461985798425634,-0.009807007912903561,1.0,1.0,1.0,1.0,1.0,1028.1917724609375,-0.00038771861241593264,0.0404622927940832,0.5091018225991544,0.3695,0.28786015126716963
2021-04-01,318.2314397579087,339.7042207574946,316.9768620868726,338.0153503417969,25631843.0,1,0,0.07159258052772133,0.0706097130486929,0.055923967207507363,0.06072060631830567,0.1302031564011945,0.06914593493135132,,,320.42698364257814,0.054890404357573606,295.9721383666992,0.1420512491720001,,,,,319.7076768143728,314.9448616516556,0,0,1,64.64792446369273,0,0,4.7628151627172315,5.975984366424879,-1.2131692037076478,0,336.23087314061985,304.6230941445364,320.42698364257814,0.09864268806818242,1.0564568994676324,13.281016046570825,0.0392911624668561,29.05235235337266,25.157205685352814,18.653298378725584,1,96.24463237849626,67.72959481232165,16305580.142857144,17936135.6,0.909091038699392,0,247570743.0,319.96047264585656,15343514.681287771,0.5810260317707024,0.43686168985996526,0.443487809874014,0.9850590706970479,0.39273343901291025,,,,,0.06723765251382939,0.008872672174207256,1.0,1.0,0.0,1.0,1.0,1104.0235595703125,0.07375257139811042,0.04610748875402426,0.5395480311863919,0.4592,0.37602204876502393
2021-04-02,318.2314397579087,339.7042207574946,316.9768620868726,338.0153503417969,25631843.0,0,1,0.0,0.07339873106194417,0.1022817032128831,0.049281054865903284,0.13717525667351138,0.0,,,321.02532653808595,0.05292424740106995,298.1155560302734,0.13384002781616558,,,,,322.524241972438,316.65378673981417,0,0,1,64.64792446369273,0,0,5.87045523262384,5.954878539664671,-0.08442330704083112,0,338.5390077056374,303.5116453705345,321.02532653808595,0.10911090010509596,0.9850500486211107,13.955754805431626,0.04128734032735419,28.037580270932935,22.230830535905017,16.48348073230394,1,96.24463237849626,82.21858364048688,17054603.714285713,18210185.133333333,0.936542027959268,0,247570743.0,320.55862492637044,15343514.681287771,0.4700238291735437,0.43597299724141547,0.4413091111105781,0.9879084439119464,0.4059878070336694,,,,,0.06723765251382939,-0.05852962169878664,1.0,1.0,0.0,1.0,1.0,1104.0235595703125,0.0,0.07972119955558399,0.524721653038928,0.4574,0.38434168910158056
2021-04-05,337.6776264956215,340.5728334037604,326.19331165031736,338.40142822265625,14771653.0,0,1,0.0011421903782447007,0.07281654326259845,0.11671976137141948,0.050164858659092815,0.10930099181194675,0.0011415385750896058,,,321.7032897949219,0.05190540152193975,300.2454635620117,0.1270825684024496,,,,,324.9668860109331,318.2647231459506,0,0,1,64.81687624842314,0,0,6.702162864982483,6.104335404728234,0.5978274602542495,1,340.8158696596172,302.5907099302266,321.7032897949219,0.11882116516047514,0.9368363283749859,13.986023873146728,0.0413296833485715,27.169593715259307,21.041850488123345,15.27296324962451,1,95.26315886525704,95.91747454074986,16185358.0,17170053.466666665,0.9426504134900734,0,262342396.0,321.05003764308145,15360386.72121514,0.44590857216761937,0.4311587720644032,0.4398468212008221,0.9802475572911957,0.40101473610768246,,,,,0.04249249723609861,-0.00099913760080386,1.0,0.0,0.0,1.0,0.0,1134.984375,0.028043618418557514,0.15964552816811817,0.5239641926542475,0.4456,0.3709303584098311
2021-04-06,340.37977883167355,345.7841405709221,336.3264780756745,338.2083740234375,11185963.0,0,1,-0.0005704887246862356,0.0005710500468261159,0.07122108477546174,0.07368247481488588,0.05224453398181028,-0.0005706515152951482,,,322.5332504272461,0.048600023642298006,302.37151000976564,0.11851931424529527,,,,,327.0040380128568,319.74203061835703,0,0,1,64.6504933345785,0,0,7.26200739449979,6.335869802682545,0.9261375918172448,0,343.02079796924994,302.0457028852423,322.5332504272461,0.12704146015869583,0.8825524642237937,13.662569489011075,0.04039689888951204,26.803122153775625,22.725930258995167,14.517789823668663,1,85.16071298758642,92.22283474377991,15803691.714285715,15853677.9,0.9968470290597814,0,251156433.0,321.6328719792463,15354005.255448883,0.4157890886287437,0.4056568897225545,0.4398056078608783,0.9223549733610357,0.3873865795891162,,,,,0.027964010419777984,0.005846165069124982,1.0,0.0,1.0,1.0,0.0,1221.8843994140625,0.07656495219510173,0.23990702007593168,0.5524387891847584,0.4826,0.3580784799716037
2021-04-07,338.16013614379347,348.10036346927416,336.8090455762077,339.89727783203125,12542475.0,0,1,0.004993678271481006,0.005567579958517754,0.07657041823045718,0.06148282838718244,0.05829341524187126,0.0049812512141218694,,,323.1050552368164,0.051971401632534615,304.70311737060547,0.11550311911846867,,,,,328.9876133696529,321.23501189344404,0,0,1,65.4852046055851,0,0,7.752601476208838,6.619216137387804,1.133385338821034,0,344.88671330910756,301.3233971645252,323.1050552368164,0.1348270955174412,0.8854670415696347,13.49319437501503,0.03969785948589747,26.651215643884203,22.593676215954737,13.650024428929568,1,84.6292963158211,88.35105605622152,15615812.857142856,15779181.266666668,0.9896465851578164,0,263698908.0,322.3001550855931,15416638.340326978,0.41189969194001297,0.40569644439896113,0.4391912264880254,0.9237353114794575,0.38844921434280394,,,,,0.033219795007144254,-0.0001426276915328286,0.0,0.0,1.0,1.0,1.0,1162.2060546875,-0.048841236335598004,0.17934842827423592,0.5822690413115874,0.4506,0.3171755718242707
2021-04-08,343.46798803190967,360.9357396091912,342.26165200380404,352.4431457519531,28768469.0,0,1,0.03691076315745523,0.041494262016110506,0.11921551799077146,0.08982386891980876,0.04134588386013838,0.036245872658857044,,,324.3041534423828,0.08676728932048537,307.33099975585935,0.14678683904952772,,,,,332.59615681308367,323.54672551259284,0,0,1,70.96915031910325,1,0,9.049431300490824,7.1052591700084085,1.944172130482415,0,349.6724789879604,298.9358278968052,324.3041534423828,0.1564477375716659,1.0546087828898059,14.032142046596812,0.03981391670040458,27.41392465049798,26.70770760919159,12.188199365078173,1,87.1720237248823,85.65401100942994,18417128.285714287,15539214.766666668,1.1852032784321291,0,292467377.0,324.8104518330005,16478504.48598857,0.425565556637949,0.3906532853514517,0.4433622532859561,0.8811153463249192,0.38934757238227297,,,,,0.05298468087823122,0.01050526271541067,0.0,0.0,0.0,0.0,0.0,1159.1646728515625,-0.002616904139907672,0.1269446752717176,0.5745219762045928,0.3847,0.26385703632121643
2021-04-09,354.1802509972626,357.0754574086844,342.3099164910584,348.4380798339844,16371164.0,0,1,-0.011363721968329799,0.030246754948290988,0.10463522069593179,0.0626930721231358,0.061131405686359885,-0.011428782412281931,,,325.79276885986326,0.06950832903188771,309.9318597412109,0.12424092226247938,,,,,335.0333757393761,325.39052953639964,0,0,1,67.29333617827476,0,0,9.642846202976443,7.612776576602016,2.030069626374427,0,353.1816150507878,298.4039226689387,325.79276885986326,0.1681366120357668,0.9134038874121098,14.084527680241752,0.040421895583147564,28.122154442353626,24.7077736671259,11.275519251922587,1,81.12241256489517,84.30791086853286,19271915.714285713,15405613.233333332,1.2509671262281732,0,276096213.0,326.1492285068509,16292467.12999464,0.4507367851731624,0.38111521958538036,0.4381504229375416,0.8698273461206002,0.3889074396337488,,,,,0.04237636978329438,0.00492875309463963,0.0,1.0,0.0,0.0,1.0,1197.9532470703125,0.03346252273486683,0.16510682068876847,0.5736867888850169,0.3536,0.23717450297754664
2021-04-12,339.8007344543471,341.6343593060728,320.01682381656605,324.4561462402344,16096812.0,1,0,-0.06882695945625794,-0.04542881805434018,-0.04011416667276091,0.01356645719318239,-0.02295838214277801,-0.07131015373017975,,,325.90857849121096,-0.004456563425548966,311.7664556884766,0.04070255256850849,,,,,333.40610966258504,325.3213159589059,0,0,1,50.444876215095626,0,0,8.08479370367911,7.707180002017435,0.3776137016616756,0,353.2519410758655,298.56521590655643,325.90857849121096,0.16779774690951818,0.4734408625405913,15.108579704325795,0.04656586068534228,26.29983856444939,21.38787211470459,20.29993208516521,1,44.897946831157356,71.06412770697828,17909768.42857143,15456966.566666666,1.1586858489552725,0,259999401.0,326.54015540046584,15184572.503095634,0.5150663681719065,0.4349716721892533,0.456006254343978,0.9538721630364795,0.4002283125314528,,,,,0.06662698715992467,-0.024788752663751912,1.0,1.0,1.0,1.0,1.0,1071.317626953125,-0.10570998528271847,-0.029624306776493747,0.6678193065273159,0.5082,0.33114013877318343
2021-04-13,324.45614079007186,338.0635872437928,324.45614079007186,336.5195007324219,12942071.0,0,1,0.0371802310789191,-0.04518074819005902,-0.004425389580273276,0.09740367724895904,0.009992791700288661,0.036505714607671096,,,326.6227294921875,0.03030031392983968,313.5682391357422,0.0731938338523634,,,,,333.8850929040984,326.1508111273145,0,0,1,56.363330822917895,0,0,7.7342817767839165,7.712600356970731,0.021681419813185165,0,354.30624027308767,298.9392187112873,326.6227294921875,0.16951368218580967,0.6787484853088525,15.001355900711165,0.04457796908666893,24.60768810639546,20.00211964155611,18.984668886428228,0,63.11952057240327,63.046626656151936,16096943.857142856,15459095.333333334,1.04126040431578,0,272941472.0,327.03445456121244,15665761.693515413,0.575503532190852,0.4481201356711083,0.4567156632763896,0.9811796960419122,0.4030468295591829,,,,,0.04043583335915119,-1.6797840268349247e-08,1.0,1.0,1.0,1.0,1.0,1103.1759033203125,0.029737470536906896,-0.0007677881895291616,0.6690267847725031,0.5132,0.3440679374428699
2021-04-14,324.45614079007186,338.0635872437928,324.45614079007186,336.5195007324219,12942071.0,0,1,0.0,-0.034205730634381815,-0.005561227977430749,0.11050942819153087,-0.029636848746816713,0.0,,,327.698779296875,0.026917162933816893,315.333349609375,0.06718652229233488,,,,,334.2903864161482,326.91886220917434,0,0,1,56.363330822917895,0,0,7.371524206973845,7.644385126971354,-0.27286091999750894,0,355.15191819280034,300.24564040094964,327.698779296875,0.16755105987779398,0.6606505082895289,14.901790940211866,0.0442821022489891,23.036405538202523,18.697493271116038,17.746405137027885,0,54.7405826045917,54.25268333605078,15835575.0,15220334.8,1.040422251421171,0,272941472.0,327.6124355730938,15665761.693515413,0.5753963944108208,0.43203604546111896,0.45680414968536004,0.9457795988909011,0.40591883808083057,,,,,0.04043583335915119,-0.03584743206885359,1.0,1.0,1.0,1.0,1.0,1103.1759033203125,0.0,-0.028025470993543466,0.6584006285667352,0.4901,0.32167476370664044
2021-04-15,341.63439655295934,353.9872669075812,337.5328536564902,341.2001037597656,21825520.0,0,1,0.013908861201673561,0.05160622695411554,0.008845818040332798,0.08069691157235326,0.01173273691136445,0.013813020657777448,,,328.748291015625,0.03787643338212458,317.1032861328125,0.07599043807089602,,,,,335.35341985362777,327.9767319536626,0,0,1,58.58889275587751,0,0,7.376687899965191,7.590845681570122,-0.21415778160493115,0,356.5979927470328,300.8985892842172,328.748291015625,0.16942872399652484,0.7235537899872365,15.085074885565257,0.04421181212824734,22.857606273782235,24.69095054811431,16.278586980269722,0,63.41683152015737,60.42564489905078,17355511.714285713,15493746.366666667,1.1201623741320859,0,294766992.0,329.1168890367639,15969329.821849763,0.5820671299670077,0.42632634055890584,0.45553232388260256,0.9358860353206823,0.41090106625542244,,,,,0.048225112096320875,0.015199403925790611,1.0,1.0,0.0,1.0,1.0,1126.7081298828125,0.021331345700783766,-0.07789302292171862,0.6595564610471327,0.4983,0.3221123169773433
2021-04-16,344.288278445682,363.3483863624367,340.3797617674276,357.075439453125,28438547.0,0,1,0.04652793336937844,0.06108394513828741,0.050539273896694104,0.13097950546648485,0.09516052900624739,0.04547795473056216,,,330.4323333740234,0.08063105025785623,319.1868688964844,0.11870341247944091,,,,,338.6952690227812,330.13219176843756,0,0,1,65.09197392279421,0,0,8.563077254343625,7.785291996124823,0.7777852582188025,1,360.87182723597414,299.9928395120727,330.4323333740234,0.18424040741494635,0.9376404252963843,15.64818557909696,0.043823192104903014,23.283916342429798,26.37528444460354,14.571877226983814,0,88.30935803946966,68.82225738807291,19626379.14285714,15937441.7,1.2314635882154876,0,323205539.0,331.6183874311176,17292516.6417877,0.6407078528772925,0.4329773584118302,0.4525688031002633,0.9567105718418405,0.41987685763106275,,,,,0.06432429133234825,0.00905091953925878,0.0,0.0,0.0,0.0,1.0,1155.6749267578125,0.025709228598548295,-0.005619595512642239,0.6595022568313964,0.4944,0.32519134555617885
2021-04-19,346.1702409537937,353.2152324432091,341.48965069913726,348.7759094238281,15435944.0,0,1,-0.02324307166577444,0.03642109495803547,-0.01040518555212866,0.1075698728532557,0.07367807833356577,-0.023517451819771558,,,331.4770217895508,0.052187290512282006,320.7782678222656,0.08728035658910423,,,,,340.2461367767884,331.5132078910591,0,0,1,59.80446394044545,0,0,8.73292888572928,7.9748193740457145,0.758109511683565,0,362.96412544948123,299.9899181296204,331.4770217895508,0.1899806115666205,0.7746979814515519,15.64372866301773,0.044853237394924736,23.67977569188825,24.498313165043832,13.534883859129733,0,72.84185362473424,74.8560143947871,17721732.714285713,16100115.333333334,1.1007208549366734,0,307769595.0,332.48079974595015,16933737.88916682,0.6264871198159829,0.4394150014049776,0.4569246098494214,0.9616794366794686,0.42133354431605424,,,,,0.03361924211864954,-0.030540320880184352,0.0,0.0,1.0,1.0,1.0,1133.0897216796875,-0.019542870192301054,-0.022494604763730663,0.6642514241444571,0.5041,0.3340375554245459
2021-04-20,355.72437191067354,358.5230655902444,342.1651373580589,346.7974853515625,15526407.0,0,1,-0.005672479144370857,0.016404982091499987,-0.00470842476001343,0.09943412887202419,0.07831967182392097,-0.0056886287553704765,,,332.8112289428711,0.042024592899454837,322.34747009277345,0.07584987483150464,,,,,341.25403655752285,332.64537659183713,0,0,1,58.582820117983346,0,0,8.608659965685717,8.101587492373715,0.507072473312002,0,364.53142100955625,301.0910368761859,332.8112289428711,0.1906197225823178,0.7204629842607541,15.694742917958285,0.04525621891994948,24.3738268140256,25.09014767212282,12.527255017348777,0,64.30805053437535,75.15308739952643,17601053.14285714,16154875.6,1.0895195715934292,0,292243188.0,333.60282554012474,16845664.669272307,0.623604139210615,0.4385365656888316,0.4574347317403929,0.9586866393383383,0.4210899777557913,,,,,0.04716853184677161,0.019922426690318597,0.0,1.0,1.0,1.0,1.0,1139.4716796875,0.0056323501005304255,-0.04881790464346891,0.6630304963910933,0.5014,0.33222270593690206
2021-04-21,355.72437191067354,358.5230655902444,342.1651373580589,346.7974853515625,15526407.0,0,1,0.0,-0.028783704970870017,0.06885780827460763,0.025981468003998254,0.05582487287949767,0.0,,,334.8185729980469,0.03577732336128648,323.890615234375,0.07072409338137677,,,,,342.10687483352893,333.6936809444094,0,0,1,58.58282011798334,0,0,8.413193889119555,8.163908771722884,0.24928511739667059,0,364.58948341440487,305.0476625816889,334.8185729980469,0.1778330882291387,0.7011848510170798,15.742113297545943,0.045392812700436776,25.01830285601028,23.227887108472363,11.597447297822228,1,64.30805053437535,67.15265156449499,17519566.714285713,16309554.333333334,1.0741904012962122,0,292243188.0,335.73338838573613,16845664.669272307,0.38579024663975475,0.4350224014129522,0.44821789347816393,0.9705600953080767,0.4244196139409262,,,,,0.04716853184677161,0.025740920670348857,0.0,1.0,1.0,1.0,1.0,1139.4716796875,0.0,0.0636170366469262,0.6617369968558529,0.5164,0.34013041564887936
2021-04-22,348.1967807220601,352.82912822673467,342.30988511959856,343.4197082519531,12756931.0,0,1,-0.009739912318525557,-0.015357142013401548,0.020504629017079834,0.015988498465207,0.04554123119393294,-0.009787655527227246,,,336.8379760742188,0.01953975693133881,325.05738220214846,0.05648949094897159,,,,,342.3088492055942,334.4141274116348,0,0,1,56.305405731854435,0,0,7.894721793959377,8.110071376170183,-0.21534958221080558,0,362.760816353339,310.91513579509854,336.8379760742188,0.15391875097485092,0.6269485154185759,15.369051141088098,0.04475296778777894,25.616744894996053,22.092303520408223,11.030461986013902,1,54.00886342516001,60.8749881646369,17493118.14285714,16371917.2,1.0684831794077936,0,279486257.0,338.23147160400634,16721413.279878827,0.347878720988149,0.43629944663137976,0.4481485488370153,0.9735598782225559,0.42322046148814935,,,,,0.03063086612204144,0.004034906334684318,1.0,1.0,1.0,1.0,1.0,1154.4783935546875,0.013169887531828017,0.04650436080045428,0.661299306098018,0.5132,0.33926908879060835
2021-04-23,341.68261645257854,349.98221449881726,333.23826396835165,337.29156494140625,12805877.0,0,1,-0.017844471832265674,-0.027410580559774633,0.0022942629098878786,-0.003279723986625016,0.05844930684042571,-0.018005604178753073,,,337.91643981933595,-0.0018491994004902002,326.19037353515625,0.034032860277078435,,,,,341.53695931879605,334.6272709323586,0,0,1,52.33064932285179,0,0,6.909688386437438,7.869994778223633,-0.9603063917861956,0,361.85953768768866,313.97334195098324,337.91643981933595,0.14171016882844573,0.4869508348216786,15.46725824032935,0.045857234061030545,25.02377444710856,20.384029401242305,14.366858105929266,1,39.866416325405325,52.7277767616469,17473661.85714286,16297608.066666666,1.0721611285328159,0,266680380.0,339.3471584985659,16492899.168464867,0.37023835206622685,0.42994076556591226,0.44940844673122077,0.9566815414643249,0.42206502949065455,,,,,0.0496423636724338,-0.005058218144254401,1.0,1.0,1.0,1.0,1.0,1154.27880859375,-0.00017287890535822026,0.04632344227210661,0.6606295709429346,0.5134,0.33492084828718843
2021-04-26,340.6692963383375,345.73590768614565,333.431280127183,336.1817321777344,16472269.0,0,1,-0.0032904254924509546,-0.03061081357918871,-0.014708001336261711,-0.0059922875994864455,0.04358906247720462,-0.00329585084683027,,,338.93941192626954,-0.008136202670744745,327.2895867919922,0.027169044615506115,,,,,340.71307822017116,334.7424162097939,0,0,1,51.61994125759356,0,0,5.970662010377282,7.490128224654363,-1.519466214277081,0,360.52176915222,317.3570547003191,338.93941192626954,0.12735230230850406,0.43611263775165027,15.241356048803157,0.04533665749793113,24.473159031213033,19.20857207911865,13.53838458756312,0,37.30515912980568,43.726812960123674,16708911.714285715,16378369.166666666,1.0201816520470042,0,250208111.0,340.38208093926323,16438698.394628758,0.358096766019306,0.4293356888379803,0.4342573250212848,0.9886665442360396,0.42287178833316824,,,,,0.03660111892236119,0.01001427769923046,1.0,1.0,1.0,1.0,1.0,1169.983642578125,0.01360575440478562,0.038408804860415424,0.6603793711732445,0.5155,0.3360543888117992
2021-04-27,337.8705960356971,357.0754594509919,337.8705960356971,353.4564514160156,41263319.0,0,1,0.05138506225896999,0.02922587994483683,-0.010135079698150085,0.03989197462971439,0.09688527703026173,0.050108401825557196,,,340.8671371459961,0.03693320035315531,328.51618896484376,0.07591790995067475,,,,,342.67359717337797,336.12864103988437,0,0,1,60.5914202304402,0,0,6.544956133493599,7.301093806422211,-0.7561376729286113,0,360.1771476795495,321.5571266124427,340.8671371459961,0.11329933824205979,0.8259789591555152,15.645096850549898,0.04426315261151008,24.840499834883015,22.55337404648418,12.246937917195892,0,77.17152494570323,51.44770013363808,18541022.0,17310660.9,1.0710753394747627,1,291471430.0,341.99593185279997,18559016.610455498,0.3840800574854215,0.4518816988880845,0.43091745917222274,1.048650244425309,0.4301970698782707,,,,,0.05433445432487195,0.00502366338296402,0.0,0.0,1.0,1.0,1.0,1187.732666015625,0.015170317593833138,0.027739408821258138,0.6600975989879277,0.4959,0.34090827041016863
2021-04-28,355.9656400848796,356.0138817452459,345.4946374994035,349.9339599609375,15197329.0,0,1,-0.009965842866826558,0.037482096600095716,0.0033203283421221474,-0.007119405842500259,0.11090673386636984,-0.010015834293966443,,,342.5921997070312,0.02143002747927303,329.6491796875,0.06153444790206063,,,,,343.7905760637717,337.15125725625865,0,0,1,58.22060346934351,0,0,6.639318807513064,7.168738806640381,-0.5294199991273176,0,358.1312420006812,327.05315741338126,342.5921997070312,0.09071451309713549,0.7362359312486871,15.27896452164222,0.04366242282786096,25.18160200971943,21.444265367654356,11.644669489196776,1,69.0423663183188,61.17301679794256,18506934.14285714,17449615.933333334,1.0605926350220725,0,276274101.0,343.055188318526,18407562.41764603,0.35924717779298326,0.44705355085498455,0.4321538840795089,1.0344776879819375,0.43098947252242725,,,,,0.030060655579174554,0.007099003735288176,1.0,1.0,1.0,1.0,1.0,1181.799560546875,-0.0049953206125527005,0.04298851003165072,0.6525189644403494,0.4844,0.33333917906311733
2021-04-29,354.5662530252038,364.1204277643516,351.86407230456683,359.1503295898437,34391622.0,0,1,0.02633745415830746,0.06832196759568765,0.03561976300306391,0.030743625268981,0.12160918175288038,0.025996595360354376,,,343.6489486694336,0.04510818665510119,330.8506890869141,0.08553598779265448,,,,,346.15361506778277,338.7808181698575,0,0,1,62.36940415263153,0,0,7.372796897925241,7.209550424897354,0.16324647302788708,1,360.680396151767,326.6175011871002,343.6489486694336,0.09912119649006398,0.9550811355432225,15.20092904176878,0.042324697457826424,26.050353124411934,23.82398937903784,10.868416517440133,1,88.73085705106547,78.31491610502917,21201964.85714286,17804531.8,1.1908184441639098,0,310665723.0,345.21193306968684,19313350.18550087,0.38574585566360226,0.4503099738794756,0.43346592197136935,1.0388589991838362,0.4312138729585448,,,,,0.03412597581013423,0.013237620792172944,0.0,1.0,1.0,1.0,1.0,1178.907958984375,-0.002446778336219646,0.03460926673288656,0.6523682836994413,0.4774,0.3310050025709326
2021-04-30,356.013922243804,363.8309864639799,348.6793924884343,351.6711120605469,19935239.0,0,1,-0.02082475474222234,-0.005051087194239412,0.014053235432326616,0.08387871869797148,0.08743658814943189,-0.02104464812188456,,,344.3317367553711,0.021314838342624275,331.939287109375,0.05944407823190318,,,,,347.00246075897724,339.73565475435305,0,0,1,57.38894256596038,0,0,7.266806004624186,7.221001540842721,0.04580446378146519,0,361.50654786952214,327.15692564122,344.3317367553711,0.09975735188390619,0.7136668419930561,15.197405108467127,0.04321482370110231,26.421558779325757,22.12740550561357,11.591256776241012,1,68.61328753526452,75.46217030154959,21831798.0,17910588.5,1.2189324767301755,0,290730484.0,346.6497737423362,18898203.722598284,0.4166319842678932,0.45558340009190745,0.4368517127554635,1.0428788231555577,0.4257716356917758,,,,,0.04308455672337674,-0.008732853871028075,1.0,1.0,1.0,1.0,1.0,1155.3756103515625,-0.019961141540757343,0.013957284720252261,0.6576648460982404,0.4875,0.339263732827029
2021-05-03,351.6711021183999,360.1637261298351,345.1568870276787,357.0272521972656,15890242.0,0,1,0.015230537718425419,0.020270373978907186,0.039623654724350255,0.0609407520818539,0.08888898610038942,0.015115717460534734,,,345.2630279541016,0.03407322328392474,332.9786669921875,0.07222260039152098,,,,,348.5447363648678,341.0165138241984,0,0,1,59.86092730265467,0,0,7.52822254066939,7.282445740808056,0.24577679986133383,0,363.09138287976145,327.4346730284417,345.2630279541016,0.1032740460587627,0.8299301672032598,15.183793250873503,0.04252838727975901,26.2954318747998,20.565296256794184,12.43003842838409,1,82.1169719458577,79.8203721773959,22279413.85714286,18157924.433333334,1.226980205746617,0,306620726.0,347.42014160106106,19140220.652734194,0.4138399989528885,0.4558794329582154,0.42094760488368194,1.0829837910211795,0.42802698259694966,,,,,0.04203275523030599,-2.8271150569278215e-08,1.0,1.0,1.0,1.0,1.0,1251.94775390625,0.08358506332438687,0.08442718451529463,0.6206350060503545,0.5095,0.37592258214548885
2021-05-04,359.0055930797528,371.02071140296624,347.1352586375795,349.8856811523437,29767756.0,0,1,-0.020002873732944182,-0.025796018196838078,0.03733895987919311,0.03971888817982561,0.09300561686887243,-0.020205639702374174,,,345.8468933105469,0.01167796478706623,333.5480578613281,0.04898131740226743,,,,,348.751035562941,341.6734891818388,0,0,1,55.25789206144326,0,0,7.077546381102195,7.241465868866884,-0.163919487764689,0,363.46609003253366,328.2276965885601,345.8468933105469,0.10189015464809133,0.61461327963825,15.80534035905302,0.04517286991281937,26.94726054965185,23.251942946458172,11.088280837014699,1,44.06124619852028,64.93050189321417,24702539.42857143,18687499.7,1.321875040809843,0,276852970.0,348.2751212214099,18544779.988153104,0.4192745735482313,0.45407814455954154,0.423742676326614,1.0715893629027478,0.4389406300104346,,,,,0.06826644830597331,0.005541148106515199,1.0,1.0,1.0,1.0,1.0,1258.8780517578125,0.005535612672285195,0.09061869834680158,0.5946316220499391,0.5875,0.4507482608395777
2021-05-05,354.180251145282,360.646223914118,351.5745535932884,354.2767639160156,15192338.0,0,1,0.012550049916904227,0.00740934289484696,0.053825148740427986,0.03832548704456751,0.1553108293549763,0.01247195079353081,,,346.5658676147461,0.022249439491373185,334.21009521484376,0.06004207828692966,,,,,349.6011476172602,342.60706508807414,0,0,1,57.425653067085904,0,0,6.994082529186073,7.191989200930722,-0.19790667174464893,0,364.3357282926889,328.7960069368033,346.5658676147461,0.10254824458187185,0.7169655812451261,15.444997673533114,0.04359585286602224,27.552530033443045,22.094825228946057,10.536479800739826,1,55.683263992023555,60.62049404546718,24519692.14285714,18514288.366666667,1.3243658982325603,0,292045308.0,348.76171842464663,18735444.588407584,0.41646121572755745,0.43330178812460635,0.4240633082486463,1.0217856147802893,0.43678730419849204,,,,,0.025606167959071,0.012274209046778364,1.0,1.0,1.0,1.0,1.0,1263.8636474609375,0.00396034841989934,0.08024044223040816,0.5838946774207606,0.5647,0.42158087128845384
2021-05-06,357.07546329865005,375.02574923586775,354.9523001146274,372.4683227539063,31912131.0,0,1,0.05134843910396314,0.043248996992837796,0.053788440589287445,0.04310821075892557,0.22914001483019564,0.05007356797239718,,,347.56712646484374,0.07164427931472199,334.89046875,0.11220938638286128,,,,,353.1191745613596,344.81901010035796,0,0,1,64.9928450370884,0,0,8.300164461001657,7.41362425294491,0.886540208056747,1,368.674581639062,326.45967129062547,347.56712646484374,0.12145829433816309,1.089867326106611,15.823853933984473,0.04248375759041248,28.94474197286337,26.51630241297322,9.549627628874422,1,93.87992250409603,64.54147756487995,23183808.14285714,18882813.633333333,1.2277729682154663,0,323957439.0,350.0287695149736,20374082.70373878,0.4163115217454027,0.4494681235131026,0.42131974482256,1.066810015520154,0.4398099714542524,,,,,0.05389303705835699,0.007899754281649362,1.0,1.0,1.0,0.0,0.0,1283.0582275390625,0.01518722380906068,0.08025843209584971,0.5641172137658318,0.5412,0.43425222174895933
2021-05-07,376.37684148777566,390.804632192099,371.7927645722194,387.089111328125,46343220.0,0,1,0.03925377725041823,0.10633024493386611,0.10617760954476974,0.10985048241316209,0.2260430243307583,0.03850293373666112,,,349.49967803955076,0.10755212565409138,336.0649572753906,0.15182824911709647,,,,,358.3453186793235,347.95012870982214,0,0,1,69.66033230004342,0,0,10.39518996950136,8.0099373962562,2.3852525732451593,0,377.0401774795026,321.95917859959894,349.49967803955076,0.15759956973027725,1.1824392086739879,16.051569197262694,0.04146737463678282,30.90090047618342,31.294490635050142,8.741712598137713,1,93.54567436053526,81.03628695221828,27633221.14285714,19965666.733333334,1.3840369826830063,1,370300659.0,353.6300770872638,22193229.138685904,0.43213164704516843,0.44785914775375935,0.42487397018830214,1.0540988132440081,0.4447834925057703,,,,,0.04911496361819316,0.010493560109947273,0.0,0.0,1.0,0.0,0.0,1295.173583984375,0.009442561674344319,0.09593337755603537,0.5640554206288889,0.5463,0.4367942877736107
2021-05-10,393.5550545889248,412.5669221995651,392.4935024439308,410.8780517578125,39516234.0,0,1,0.06145597934301561,0.15976573573765251,0.14402805150434594,0.1847780595677877,0.3013906991076776,0.059641531063874466,,,353.8207733154297,0.16126039719978938,337.6409149169922,0.2169083591626489,,,,,366.42727761447566,352.61145634300664,0,0,1,75.40604261189591,1,0,13.81582127146902,9.171114171298765,4.644707100170255,0,390.4396202239195,317.20192640693983,353.8207733154297,0.20699093818239045,1.279069840524586,16.724872173989652,0.04070519732664606,33.36194345632662,37.18355502064579,7.790521470717793,1,97.87104625313316,95.09888103925482,28365308.57142857,20820953.633333333,1.3623443513181401,0,409816893.0,359.01140875617335,24621737.999103677,0.5101161638949342,0.47266939073943426,0.439113406908017,1.0764175798404771,0.44970446022695404,,,,,0.04885493316023204,0.016704017425379858,0.0,0.0,0.0,0.0,0.0,1300.3585205078125,0.004003275381425642,0.10301954499320432,0.5635722498157792,0.5044,0.42684096930363097
2021-05-11,400.3588410547258,405.90798725743855,394.5684276258082,398.3804321289063,27497466.0,0,1,-0.03041685866509314,0.06956862581873957,0.13282103211342977,0.14874083278041095,0.26509358197688937,-0.030889051055347814,,,356.91381988525393,0.11618102167347763,338.94472351074216,0.17535516706835663,,,,,371.34314753977264,356.00175084566587,0,0,1,68.10858394007188,0,0,15.341396694106777,10.405170675860369,4.936226018246408,0,397.6035448942977,316.22409487621013,356.91381988525393,0.22800868300434737,1.0095464792946611,16.695211599562125,0.04190770995037215,35.64719765217388,34.58892822916874,7.246907614638721,1,82.11681580531658,91.177845472995,29445626.714285713,21432227.133333333,1.3738948608140318,0,382319427.0,362.1120540927567,23785351.46213347,0.5449818368052569,0.4855242297097596,0.4405637971639979,1.102052036130026,0.45044016317402097,,,,,0.028464148128543407,-0.02560178295745794,0.0,0.0,0.0,0.0,0.0,1299.7601318359375,-0.0004601720698083067,0.12496760377384208,0.5549914355288362,0.5237,0.4618996272794458
2021-05-12,401.4686418100934,403.0609995231139,379.9476182244568,384.8694458007813,18242276.0,0,1,-0.03391478405684634,-0.005734249459324436,0.07798338483173328,0.1206970262708924,0.2201316957200199,-0.034503233398292636,,,359.33131713867186,0.07107125776140981,339.70616271972654,0.13294808289455906,,,,,373.4241165030047,358.14009862011886,0,0,1,61.21182197842703,0,0,15.284017882885848,11.380940117265466,3.9030777656203828,0,400.65942171768506,318.00321255965866,359.33131713867186,0.2300278467688582,0.8089680608662361,17.15365229235462,0.044570054805633516,36.131130350056985,31.259911705677276,12.63759800997158,1,65.08515709662454,81.69100638502476,29781631.57142857,21694047.933333334,1.3728019622224816,0,364077151.0,363.9528842533502,23166668.61088808,0.6299943008057398,0.5006037865744709,0.44800411724023226,1.1174088971732223,0.45503455249663766,,,,,0.06005512142063153,0.007751911068231948,0.0,1.0,0.0,0.0,0.0,1282.111083984375,-0.013578696114207478,0.024093122084377194,0.558119606753746,0.5318,0.480595409073758
2021-05-13,401.4686418100934,403.0609995231139,379.9476182244568,384.8694458007813,18242276.0,0,1,0.0,-0.06330006152862522,0.09998627132501992,0.14105861457768798,0.13861528895538666,0.0,,,361.51478424072263,0.06460223088554921,340.6586853027344,0.1297802240349691,,,,,375.1849363949703,360.12005026313085,0,0,1,61.21182197842703,0,0,15.064886131839444,12.117729320180262,2.947156811659182,0,403.419846436375,319.60972204507027,361.51478424072263,0.23183042034457405,0.7786615785345584,17.579347221376228,0.045676130992419094,36.58049642666272,28.324152367838675,11.450744166143016,1,64.99999788533961,70.73399026242691,28135134.42857143,21447729.033333335,1.3118001623782525,0,364077151.0,365.8503876892641,23166668.61088808,0.5992399885243704,0.4643730317559257,0.44699474774643744,1.0388780496797834,0.45066032298646236,,,,,0.06005512142063153,0.04312942009406556,1.0,0.0,0.0,0.0,0.0,1282.111083984375,0.0,0.018455347755186757,0.5223894694967177,0.4593,0.40981561252032445
2021-05-14,388.9227473155612,389.55003617898313,355.29009193654537,369.4283447265625,41384078.0,1,0,-0.04012036092418603,-0.07267447160400586,0.04276763918431481,0.09889476246511553,0.09293363260870025,-0.040947378343171914,,,362.1324295043945,0.020147091582361182,341.52628234863283,0.08169814102168281,,,,,374.2993069075229,360.80955355671836,0,0,1,53.96840411552187,0,0,13.489753350804563,12.392134126305121,1.0976192244994412,0,404.1260369695094,320.1388220392796,362.1324295043945,0.23192403686455984,0.5868693553921139,18.77081843716634,0.05081044458312971,34.8270241847318,24.631551825274084,19.340843741507665,1,42.24805999378652,57.44440499191689,31876811.57142857,21972803.533333335,1.4507393889482783,0,322693073.0,367.04831885737525,21506324.46501341,0.6833326359023146,0.4824995463216335,0.45603455224718487,1.0580328704130817,0.4628633507312565,,,,,0.0927377250053613,0.01053162717644774,1.0,1.0,1.0,1.0,1.0,1216.8487548828125,-0.050902242338276116,-0.0371993392424701,0.547307117352216,0.5023,0.44406741833225155
2021-05-17,371.0690022262804,381.5400059687527,364.0722525093999,379.2238464355469,20821967.0,0,1,0.026515295452585352,-0.014668868695169812,0.018137176422661883,0.0729011874484169,0.12063311442654712,0.026169857952867647,0.4777777777777778,,363.65482635498046,0.04281263151824299,342.613916015625,0.10685476773877522,,,,,375.0569283733728,362.17357525144644,0,0,1,57.411386767211454,0,0,12.883353121926348,12.490377925429367,0.3929751964969803,0,405.8169586123701,321.4926940975908,363.65482635498046,0.23187995429618322,0.6846327408860788,18.67774236732252,0.049252552398486894,33.19879996008165,22.986133191450964,18.04885106025548,1,50.53692572775265,52.594994535626256,30292502.42857143,22174480.666666668,1.3660974921549351,0,343515040.0,367.99193695377346,22058425.07192239,0.6316507871126811,0.48710961645097783,0.45607890626136727,1.0680380297435366,0.4639591321839713,,,,,0.04606185403037847,0.004441070976652518,0.0,0.0,0.0,1.0,1.0,1285.401611328125,0.056336382126564555,0.0018264048651612796,0.5640699832072781,0.5221,0.4520417827211589
2021-05-18,386.9925871354256,398.3803871458181,382.64977755410536,388.0541687011719,30540086.0,0,1,0.023285250515293843,0.008274813537781034,0.0024931142334014833,0.1089354366877957,0.14738190567179776,0.0230182853599579,0.4222222222222222,,365.71766052246096,0.06107582594398417,343.94281616210935,0.12825199558252054,,,,,377.0565038084188,364.0906562477224,0,0,1,60.29451438817321,0,0,12.965847560696432,12.585471852482781,0.3803757082136503,0,408.4404336891441,322.99488735577785,365.71766052246096,0.23363800974582274,0.7614121991983633,18.711942248961712,0.04821992329470678,32.595338711522864,27.73368693816432,16.72901574748659,1,63.6363437047777,52.140443142105624,28034911.85714286,22819618.1,1.2285443049173053,0,374055126.0,369.88824682247423,22769558.62519101,0.6007273920921758,0.4900607293158815,0.4466117435519175,1.0972858112023944,0.46673902253457983,,,,,0.04053714883250323,0.020485897110373567,0.0,0.0,0.0,0.0,0.0,1322.8935546875,0.029167493668097233,0.021402513953264313,0.5271703648458668,0.5839,0.5440718468825017
2021-05-19,386.0275343778674,392.252240150336,380.4301469100138,389.2122497558594,16113667.0,0,1,0.0029843283440649238,0.05355275335989762,-0.05273049243994121,0.08370288898341527,0.1450878696009985,0.002979884076140002,0.1111111111111111,,367.8383987426758,0.058106633473401524,345.15783752441405,0.127635555221397,,,,,378.9266185695635,365.9515150261029,0,0,1,60.67055544761929,0,0,12.975103543460591,12.663398190678343,0.31170535278224776,0,410.8168265782194,324.8599709071322,367.8383987426758,0.2336810294001387,0.7486578975732937,18.219810176916035,0.046812016292767634,31.855791778468834,26.44831117841539,16.823853964745144,1,65.3543090666627,59.84252616639768,24691688.0,22938657.833333332,1.0764225256509667,0,390168793.0,371.082695521966,22817647.098345935,0.44076914397539685,0.4900809155947912,0.4465383565364955,1.0975113524312374,0.4662492821453795,,,,,0.030374412027724798,-0.005222555217194679,0.0,0.0,0.0,0.0,0.0,1290.985595703125,-0.024119823451639988,-0.007207954311728715,0.5105741135958828,0.6048,0.5818508074596399
2021-05-20,376.3768561096237,379.4650882480721,366.1953913980532,371.7445373535156,30689219.0,0,1,-0.04487965734197907,-0.01972267607201339,-0.06686044952823378,0.05708010867128799,0.054764553756272205,-0.04591793318593784,0.07777777777777778,,369.25464019775393,0.006743035522663261,346.02350463867185,0.07433319520216539,310.31595596313474,0.19795495594070756,,,377.82168299786383,366.38062779109646,0,0,1,52.581472983021605,0,0,11.441055206767373,12.418929593896149,-0.9778743871287752,0,410.68387131643743,327.8254090790704,369.25464019775393,0.22439382804503755,0.5300500044114844,18.56245647555105,0.049933367165793274,30.104275285278042,24.105806283431047,20.81133147199194,1,39.441679948752494,56.144110906730965,25147652.714285713,23002682.833333332,1.09324868305553,0,359479574.0,371.7723045611802,21440325.46553298,0.4812838411545879,0.5015756902768804,0.44573582704054,1.1252756898791125,0.46116893135583115,,,,,0.03569574134024175,-0.0329778768635543,1.0,1.0,1.0,1.0,0.0,1298.2645263671875,0.0056382741126543845,-0.0011506780613723677,0.5102024216161801,0.5973,0.5878225062441097
2021-05-21,375.12228568317926,378.21048843027006,369.9591612814728,376.183837890625,22406993.0,0,1,0.011941804360363184,-0.03058936552666658,-0.02256767328485776,0.05365580799634562,0.0796289489078239,0.01187106363900131,0.25555555555555554,,371.19925384521486,0.013428324528606542,347.1738659667969,0.0835603562585053,311.77755249023437,0.20657768619313283,,,377.5697068275194,367.10679150217265,0,0,1,54.25089854271716,0,0,10.462915325346728,12.027726740186264,-1.5648114148395358,0,409.8707605971845,332.5277470932452,371.19925384521486,0.20835983020642157,0.5644477609494265,17.82594723792578,0.04738626555005974,28.477867113029454,23.30879436441167,20.12324499859978,1,44.3952937640456,49.73042759315359,25742612.285714287,23203877.133333333,1.1094099549740313,0,381886567.0,372.6601630367556,21707905.39224301,0.4616915063342336,0.500790175381037,0.441231002613851,1.1349841067702804,0.456889206335925,,,,,0.02193429466578073,0.009086208377694372,0.0,0.0,1.0,1.0,0.0,1311.3267822265625,0.010061320781771466,0.022787181709243765,0.5030340668321309,0.6232,0.620885744843254
2021-05-24,379.17554771801264,379.9476204739261,366.1953892728097,375.7012939453125,23694105.0,0,1,-0.0012827343886390175,-0.03471359346737379,-0.023821459342902696,0.07378299308489966,0.15794167655290803,-0.001283557796612719,0.24444444444444444,,373.17523193359375,0.006769104151500228,348.2450927734375,0.07884160248522892,313.0803953552246,0.20001539387043868,,,377.2822586917953,367.7434213127756,0,0,1,54.028236188932006,0,0,9.538837379019697,11.529948867952951,-1.9911114889332548,0,408.17751025624204,338.17295361094546,373.17523193359375,0.18759164771619635,0.5360842512654992,17.53496752101083,0.04667263010162334,26.691265097759548,22.003044546289757,20.529118425956817,1,39.556982132911024,41.131318615236374,26521445.0,23457120.233333334,1.1306351647681014,0,358192462.0,373.7621958329569,21677512.148951486,0.461374871968443,0.44954252562515845,0.44088837113235885,1.0196289016890434,0.4471241350596156,,,,,0.036604162462954504,0.007952786712377244,0.0,1.0,1.0,1.0,1.0,1303.0509033203125,-0.006311072890769487,0.016332297253732087,0.3838695174182876,0.5023,0.5926256433083477
2021-05-25,380.2370928668908,385.54497106680935,375.9425250881503,377.534912109375,18155697.0,0,1,0.004880521290750117,0.015576220156674259,0.021943544664426495,0.06564965744937457,0.12188123210596902,0.0048686501559311686,0.5222222222222223,,374.37915496826173,0.008429307826662522,349.3510614013672,0.08067486783910917,314.44017700195315,0.2006573578128661,,,377.32112844834603,368.4687169273385,0,0,1,54.787607291616375,0,0,8.852411521007525,10.994441398563868,-2.142029877556343,0,408.1607926450678,340.5975172914557,374.37915496826173,0.1804675139013544,0.54670817281425,16.98558963533126,0.04499077857575829,25.40863092904539,23.446050060509254,19.679313983684406,1,39.195973483008245,41.04941645998829,23203104.85714286,23630907.766666666,0.981896467382973,0,376348159.0,375.91327564566325,21766121.414708395,0.37960790761426605,0.4394448415251589,0.44091854363881156,0.9966576544921643,0.443546598273045,,,,,0.02543459073760343,0.012072886079116196,0.0,1.0,1.0,0.0,1.0,1279.0697021484375,-0.018403886686827353,0.05113285198012729,0.3842583152600254,0.4739,0.5459856368681101
2021-05-26,375.65304096852697,375.89430817531473,366.967421524168,367.6912231445313,15340621.0,0,1,-0.026073585909829444,-0.02257570339468684,-0.030411123665915474,-0.012825519158393694,0.09262976542002876,-0.02641952840909387,0.2,,375.2670181274414,-0.020187745303898132,350.40491577148435,0.049332376901698984,315.617078704834,0.16499152914471146,,,375.83960455545144,368.4111247952787,0,0,1,50.011576600749244,0,0,7.428479760172763,10.281249070885647,-2.8527693107128833,0,407.2278175145441,343.30621874033875,375.2670181274414,0.17033630904514352,0.381483017818897,16.52715398889381,0.044948459328324385,23.638811294338513,22.375232589709288,22.659471848284035,0,21.651217693156138,33.468057769691804,22420055.42857143,23710859.433333334,0.9455606403305964,0,361007538.0,376.4919090467524,21366136.415154763,0.37650761398809607,0.44803469812690083,0.43750963030607,1.024056768335517,0.4397386671368817,,,,,0.02427821522309704,-0.004984628124412611,1.0,1.0,1.0,1.0,1.0,1319.0048828125,0.031222051931168338,0.026142235382492496,0.3911645375957174,0.4182,0.48244556130244465
2021-05-27,368.7045468265294,374.8810111025716,366.7261674406988,372.371826171875,17374666.0,0,1,0.012729711052971826,-0.008862007736183508,-0.04041276655211856,-0.03802040596221923,0.09135906486727485,0.012649369380336648,0.14444444444444443,,375.92809295654297,-0.009459965486216191,351.4481549072266,0.0595355843315545,316.70712448120116,0.17576081302830918,,,375.3061001887474,368.70451008243396,0,0,1,52.147652276435835,0,0,6.601590106313438,9.545317277971206,-2.943727171657768,0,407.02043217681654,344.8357537362694,375.92809295654297,0.16541641767574858,0.44281120568842364,15.929131822678027,0.0427774893348823,22.013060677218817,21.55702584346812,21.939053059143973,0,29.823113738817174,30.22343497166052,20539281.14285714,23562497.633333333,0.8716937169598135,0,378382204.0,377.5603312413012,21587310.892976657,0.34890849045693983,0.44780222882063964,0.43394630527740785,1.0319300415160215,0.433556937406975,,,,,0.021899733247028163,0.002755909356040769,1.0,1.0,1.0,0.0,0.0,1321.9962158203125,0.002267871064612015,-0.0006783152461571351,0.38867699278072476,0.4113,0.4772841027067234
2021-05-28,379.2720248371766,384.91768300559954,371.3584491795422,374.2054138183594,14862168.0,0,1,0.004924077273338101,-0.008819047415808412,-0.03855694661952014,-0.08925431227723357,0.04797298406036998,0.004911993655718084,0.16666666666666666,,377.05480804443357,-0.0075569762413384015,352.4643713378906,0.061682950812712564,317.86086380004883,0.1772616777816165,,,375.1367638240723,369.11198443324326,0,0,1,52.995027087715336,0,0,6.024779390829053,8.841209700542775,-2.8164303097137218,0,406.0054417611026,348.10417432776455,377.05480804443357,0.15356193900202098,0.4507887417256502,15.759853394347976,0.042115514133095534,21.10038631057481,24.781178552872532,20.59079563700189,0,37.36884309768302,29.61439150988544,20360495.57142857,23109951.666666668,0.8810271810648632,0,393244372.0,378.4597238977687,21660493.35665799,0.3511575046864025,0.42935066598349225,0.42765972110215705,1.0039539493618368,0.42302380971221926,,,,,0.03623473452107516,0.01853039940276444,1.0,1.0,0.0,1.0,0.0,1298.8626708984375,-0.017498949425903132,0.006101598051543089,0.3894503756795756,0.3786,0.420081052337944
2021-05-31,377.87269588288206,381.5882168402476,374.4467132510304,380.4783935546875,13703439.0,0,1,0.016763466012742034,0.034776925869481,0.02349424221092522,-0.04493704291285605,0.09089642740300308,0.01662450989034043,0.5222222222222223,,378.2273651123047,0.005951521888730621,353.51629638671875,0.07626832891028694,319.1111103820801,0.1923069463145008,,,375.9585530133977,369.95394066446136,0,0,1,55.87391397317445,0,0,6.004612348936348,8.27389023022149,-2.2692778812851415,0,405.62033888611757,350.83439133849186,378.2273651123047,0.14484924307726507,0.5410876975418917,15.161492653457993,0.03984849839122015,20.25290297011966,23.919246080316473,19.87461196730954,0,52.72728296504919,39.973079933849796,17933955.57142857,23052201.5,0.7779714909844325,0,406947811.0,379.2568134665053,21890210.490592174,0.22892089973900484,0.4247130724813882,0.428469852656558,0.991232101507545,0.42021120122740907,,,,,0.018769800625198164,0.009800184415030383,1.0,1.0,0.0,1.0,0.0,1312.5234375,0.010517483416559559,0.010983055335195724,0.38322996287133076,0.3602,0.4016912003131338
2021-06-01,382.1672363229528,382.9392795652028,372.9990829263163,380.9126586914063,11399189.0,0,1,0.0011413660908878853,0.02293630161909488,0.012570504961875173,-0.010280855371987974,0.09837203203840961,0.0011407152278127904,0.45555555555555555,,379.7787139892578,0.0029858037335408877,354.73228271484373,0.07380319540189134,320.3690774536133,0.18898072722564566,,,376.7207231177067,370.76569755534615,0,0,1,56.0744828036794,0,0,5.955025562360561,7.810117296649304,-1.8550917342887434,0,403.70890805440877,355.8485199241069,379.7787139892578,0.12602177628010935,0.5236927602647365,14.788542938131458,0.03882397342460674,19.337256022981485,22.77085703691525,19.619614767179296,0,53.6363407130768,47.910822258603,16361412.142857144,22914627.566666666,0.7140160622404215,0,418347000.0,380.7108692867383,21903221.138380397,0.2209979268326091,0.4239735747718185,0.4276739466841281,0.9913476798364745,0.4148082649737068,,,,,0.026095737203996376,0.004438735015901958,1.0,0.0,0.0,0.0,0.0,1412.1868896484375,0.07593270283863984,0.07691454852361046,0.43465109004421204,0.3106,0.3048497903512309
2021-06-02,375.4117828464575,388.6332378790021,375.4117828464575,384.8694458007813,9587386.0,0,1,0.010387649292014078,0.028497802513349768,0.024402768910354977,0.0,0.10978153549938163,0.01033406839671013,0.5222222222222223,,381.30834808349607,0.009339154873434487,356.2966595458984,0.0801938089773253,321.6830186462402,0.1964245032903903,,,377.97437276125663,371.8104196476006,0,0,1,57.94993958822374,0,0,6.163953113656021,7.480884460050648,-1.316931346394627,0,402.0771398359693,360.5395563310228,381.30834808349607,0.10893436693353198,0.5857319424193553,14.676608087732395,0.03813399127383419,18.918801204300234,24.07678338588519,18.357159510636297,0,68.64504808003888,58.33622391938829,14346166.57142857,22716660.2,0.6315262210696171,0,427934386.0,381.57592844452483,22002811.541775562,0.22517732401500426,0.42436886385895894,0.4262787842302458,0.9955195509559883,0.4112034756541664,,,,,0.03435309083846664,-0.014441304901356077,0.0,0.0,0.0,0.0,0.0,1542.312255859375,0.09214457885480876,0.18361627464391383,0.49817806463688824,0.2923,0.25049164425482895
2021-06-03,388.9227429797723,391.3354150826245,384.0973987740679,385.2554931640625,12441261.0,0,1,0.0010030605637658674,0.012555508250400527,0.020449979080214842,0.04284226877397468,0.12182115326187448,0.0010025578346689783,0.4777777777777778,,381.9477066040039,0.008660312662874729,357.9411364746094,0.07630963280296416,323.01288360595703,0.19269389153540745,,,379.0945451309191,372.8063510191904,0,0,1,58.13773952553655,0,0,6.2881941117286715,7.2423463903862535,-0.954152278657582,0,402.35480648655476,361.540606721453,381.9477066040039,0.1068580830815595,0.5810449936320188,14.14528010350555,0.03671662144861807,18.729839061900222,24.561294164925087,17.686216780499404,0,61.74407579762885,61.34182153024818,13529818.57142857,22706137.866666667,0.5958661332401568,0,440375647.0,382.72669477418907,22015290.88004818,0.2253449183519629,0.42258771574021414,0.4262572012810468,0.9913913817061515,0.4091071819708947,,,,,0.018787574575800315,0.010531615910838198,0.0,0.0,0.0,0.0,0.0,1578.55810546875,0.02350098008472279,0.23414549091207904,0.4995385498194941,0.2926,0.24894512037578131
2021-06-04,386.0275297068412,386.0275297068412,378.5964879793592,381.25042724609375,10040657.0,0,1,-0.01039586972550488,0.0008867349167334115,0.03687660528201575,0.005344022612489674,0.13032897016657974,-0.010450284231793509,0.5333333333333333,,381.65577239990233,-0.0010620700199546781,359.25169921875,0.06123486145001818,324.3803858947754,0.17531898913816032,,,379.4262193024844,373.43183814710915,0,0,1,55.374658375778665,0,0,5.994381155375265,6.992753343384056,-0.9983721880087906,0,401.9197349211821,361.39180987862255,381.65577239990233,0.10618973424066029,0.4899983738771991,13.665691648075299,0.03584439694084386,18.005188424987413,23.607309719159378,19.874512610018538,0,46.77656973191792,59.05523120319521,12772680.857142856,22613963.866666667,0.5648138881114065,0,430334990.0,382.651492020567,21910909.517917704,0.1436733363626936,0.41975288981715053,0.42162591489295453,0.9955576139662109,0.40153686100208236,,,,,0.019491235147351953,0.0020039598564528366,0.0,0.0,0.0,0.0,0.0,1696.070068359375,0.07444259573563805,0.28587095503608984,0.5309282768105198,0.231,0.18371954756615927
2021-06-07,382.3120327997953,387.378644444685,380.4784078091006,381.20220947265625,6176784.0,0,1,-0.00012647270662957677,-0.009528520302501065,0.02371388671253949,-0.017657223607336348,0.13391708408213043,-0.00012648070497672673,0.5,,380.1719802856445,0.002709902992423778,360.56129760742186,0.0572466096672088,325.8458432006836,0.16988513871536334,,,379.6994485594339,374.0074212082608,0,0,1,55.340557840375205,0,0,5.692027351173124,6.73260814494187,-1.0405807937687461,0,395.059029894325,365.284930676964,380.1719802856445,0.07831744779031342,0.5346015232733229,13.182444861468808,0.03458123938920765,17.444544256497608,23.45676020371703,19.13143106988156,0,57.59260883205868,55.37108478720182,11172983.42857143,22270781.033333335,0.5016879925247568,0,424158206.0,380.2929420891473,21910128.323326956,0.13599596346932202,0.4193690420588156,0.42135231558557845,0.9952930755251539,0.39778375963019275,,,,,0.018101250370846454,0.0027845360367722213,0.0,0.0,0.0,0.0,0.0,1619.639892578125,-0.04506310040314643,0.22514714731851293,0.5573361726617834,0.2304,0.1743911813012828
2021-06-08,381.2021623681546,381.6846967508991,367.7877124181698,374.2054138183594,17334691.0,0,1,-0.018354551680002107,-0.02868247057283979,0.0,-0.03855694661952014,0.058703023581036184,-0.018525086412761977,0.34444444444444444,,378.9632293701172,-0.012554821109335245,361.7473669433594,0.03443852813709795,327.1602667236328,0.1437984739585378,,,378.85421244542243,374.02208732752734,0,0,1,50.48244865058323,0,0,4.832125117895089,6.3525115395325145,-1.5203864216374257,0,391.33931658537233,366.587142154862,378.9632293701172,0.06531550428164606,0.30778191568118685,13.23348339513027,0.03536422217973,16.638566383390447,21.697271902529682,24.546268954415577,0,31.86164010389576,45.41027288929079,11526201.0,21473160.1,0.5367724613574691,0,406823515.0,378.5813548457103,21591957.84151059,0.1875921920008389,0.40083237981160585,0.4235907547917053,0.9462727296980535,0.3913308416640527,,,,,0.03713731501349934,-1.2356828083547669e-07,1.0,1.0,0.0,0.0,0.0,1631.7547607421875,0.0074799763944923825,0.25629506282868597,0.5573392716451282,0.2376,0.1716127095647763
2021-06-09,374.4467029585445,377.2936677642411,368.945798892188,369.76611328125,11807015.0,0,1,-0.011863271810557574,-0.030122756970527242,-0.0281547663544206,-0.005321999043617964,0.05667398877927221,-0.011934201953412613,0.15555555555555556,,378.20806274414065,-0.022320913524790882,362.8340350341797,0.01910536933619607,328.4249893188477,0.12587691347160784,,,377.4560433432421,373.70682999076604,0,0,1,47.62574269041832,0,0,3.7492133524760334,5.831851902121219,-2.0826385496451856,0,390.90571117354494,365.51041431473635,378.20806274414065,0.06714636561301608,0.16757823270089162,12.884510929196185,0.03484502896942322,15.89015835836237,20.693153847697715,23.410303476976157,0,14.203342651487226,34.552530529147226,11255283.285714285,21360149.633333333,0.5269290467960948,0,395016500.0,377.8272227058497,21451888.01329426,0.15707121298254043,0.40136620710064963,0.42142053407733937,0.9524125538386572,0.38978343597433357,,,,,0.02257607869465194,0.0006448039800467819,1.0,0.0,0.0,0.0,0.0,1590.0748291015625,-0.025543012126201692,0.21146395079254532,0.5656546493147209,0.2459,0.17525945216384603
2021-06-10,372.66133215822657,376.32861147511727,370.8277072255633,371.9375305175781,5796380.0,0,1,0.005872407336246388,-0.024303843799579727,-0.02356216830562019,-0.011287851697343476,0.03560403506336085,0.005855231960019244,0.18888888888888888,,377.5614669799805,-0.014895419565420204,363.5124786376953,0.023176788624854498,329.74230850219726,0.12796423427447343,,,376.60704137006303,373.5757707705299,0,0,1,49.14174546635268,0,0,3.0312705995331157,5.271735641603598,-2.2404650420704826,0,390.14740431041764,364.9755296495433,377.5614669799805,0.06666960710322968,0.27657856086722576,12.432938590958406,0.03342749136839476,15.195208049407727,19.912975201633355,22.52768215182445,0,22.840633849018104,22.968538868133702,10454882.0,20406974.9,0.5123190502870664,0,400812880.0,377.1495688567053,21485926.717729934,0.16594865971403533,0.39502631577882175,0.42050520637157635,0.9394088581860736,0.3860520746493717,,,,,0.014789860657242792,0.0078298653472727,1.0,0.0,0.0,0.0,0.0,1607.375244140625,0.010880252125516465,0.1382170843837669,0.5643134445217379,0.2631,0.18494669491186996
2021-06-11,374.832732085672,381.20219232882073,369.76612066864334,379.4168090820313,9630564.0,0,1,0.020108964411430064,0.01392656298179995,-0.014167496999937024,0.009889545755090268,0.07889671932082809,0.01990944944483403,0.25555555555555554,,378.0608901977539,0.0035865092619555396,364.3405078125,0.041379700983701785,331.22803192138673,0.14548520208604096,,,377.0393133257504,374.00844027508555,0,0,1,54.072937331938626,0,0,3.030873050664866,4.823563123415852,-1.792690072750986,0,390.0673251699688,366.054455225539,378.0608901977539,0.06351587949726635,0.5564663402340182,12.361733810188333,0.03258088074720928,14.172784975149066,21.41318011962418,21.03905493576175,0,51.5685884671745,29.537521655893283,10461050.285714285,20063485.733333334,0.5213974493143217,0,410443444.0,377.8842954205699,21679587.386467934,0.2046742580130885,0.3928434265988239,0.4217567105507272,0.9314455864516096,0.38257713826524986,,,,,0.03014118348590315,0.007784107089340969,0.0,0.0,0.0,0.0,0.0,1597.0050048828125,-0.006451660429395822,0.03546152785576018,0.5592116629193209,0.2263,0.1596262129507334
2021-06-14,379.22383190670666,383.6148835732714,368.02902689828056,381.0091857910156,11601461.0,0,1,0.004196906069704465,0.030405902828672504,-0.011022055359087513,0.009202522919613099,0.06717115695274556,0.004188123623584851,0.28888888888888886,,378.15015716552733,0.007560564424773761,365.1926629638672,0.043310078298898796,332.71906326293947,0.1451378290576446,,,377.6500629357912,374.5270140170063,0,0,1,55.07174257952767,0,0,3.123048918784889,4.483460282489659,-1.3604113637047703,0,390.21938198158983,366.08093234946483,378.15015716552733,0.06383297527378495,0.6184429269095773,12.592028300531371,0.033049146241419296,13.465223376908137,20.888621306653054,19.178968271746797,0,58.039232073001195,44.149484796397935,10341078.857142856,19920526.366666667,0.5191167475597808,0,422044905.0,378.0700052864703,21728277.628556274,0.20753456741833012,0.39107424275546504,0.4211343279496788,0.9286211472226371,0.38221682398174384,,,,,0.04090677405226584,-0.0005086152503141219,0.0,0.0,0.0,0.0,0.0,1497.142333984375,-0.0625312197476584,-0.05157603714574621,0.5557274944293101,0.1869,0.13210843325389293
2021-06-15,377.3419285125841,382.5050528620846,376.376859641708,377.1971740722656,7929361.0,0,1,-0.010005038883343031,0.014141201473721443,-0.010631471820520155,0.025853080871603318,0.07805833273877316,-0.010055425647609,0.3111111111111111,,377.60730743408203,-0.0010861372482522792,365.9724389648438,0.03067098478555137,334.1719744873047,0.128751669409056,,,377.58038772601805,374.72480365072926,0,0,1,52.14797601150886,0,0,2.855584075288789,4.157885041049486,-1.302300965760697,0,388.74131798542174,366.4732968827423,377.60730743408203,0.05897137228088919,0.4815819573762189,12.130325794806032,0.03215911101306934,12.808201892827274,20.13484631306716,18.486886852212635,0,42.54907254347682,50.71896436121751,10039465.142857144,19192579.866666667,0.5230909660192953,0,414115544.0,376.84630961206653,21648944.06343121,0.2068383645468072,0.38711479424784306,0.41835222125040067,0.9253322310344309,0.36532806416321484,,,,,0.016246657296543073,-0.009625115128964423,0.0,0.0,0.0,0.0,0.0,1534.43505859375,0.02490927132500964,-0.09529972421597899,0.5582475609021393,0.1776,0.12371652676275299
2021-06-16,373.77116149565467,377.6797080893121,363.8309639172677,366.9674377441406,17978012.0,0,1,-0.027120394932134695,-0.03281186030743066,-0.03734178704842128,-0.014513419243591952,0.03582135528124408,-0.02749494025073706,0.13333333333333333,,376.4950668334961,-0.025306119332418837,366.51384216308594,0.0012375946795833456,335.6084797668457,0.09343911095178728,,,375.9476261903446,374.15018395394486,0,0,1,45.21123965579655,0,0,1.7974422363997178,3.6857964801195324,-1.8883542437198146,0,387.1832793737588,365.80685429323336,376.4950668334961,0.056777437378692446,0.05429268208015724,12.253069964608773,0.033390074170973005,12.860668591631953,18.50935084634218,24.307990162732423,0,11.403513591369071,37.33060606928237,11725354.857142856,19285435.666666668,0.6079901465440677,0,396137532.0,375.8023018052859,21161373.277896553,0.2579297532579831,0.3954148175649148,0.41229116997799603,0.959066907947648,0.3684105971701145,,,,,0.03773834609734533,-0.009082816129355685,0.0,0.0,0.0,0.0,1.0,1444.144775390625,-0.05884268786576896,-0.10835440519321171,0.5901831832654988,0.2359,0.15870596825011396
2021-06-17,362.8658995218348,367.01568393254894,352.2983834865171,356.3516845703125,14321673.0,0,1,-0.02892832464669437,-0.06471629068341622,-0.04771103941514099,-0.04771103941514099,-0.04326982242256949,-0.02935499739725784,0.06666666666666667,0.011111111111111112,375.7254241943359,-0.05156355779108193,366.5920129394531,-0.027933855642490322,336.96150634765627,0.057544193794796944,,,372.93286594110884,372.8317765921943,0,0,0,39.3600470271322,0,0,0.10108934891457011,2.96885505387854,-2.8677657049639698,0,389.59679787899944,361.8540505096724,375.7254241943359,0.07383782300283653,-0.19833529340513043,12.429086427567565,0.034878708213641564,13.802577876168925,16.94385435060138,28.879697557358156,0,10.383220542310895,21.4452688923856,11294923.714285715,18699087.066666666,0.604036104758304,0,381815859.0,375.26953510326206,20747071.271868754,0.28750089430139114,0.3766229085536103,0.41651864757392076,0.9042161995562754,0.36281179974400213,,,,,0.04129993229519294,-0.011176845137866173,0.0,0.0,1.0,1.0,1.0,1363.7760009765625,-0.05565146637900187,-0.16422734972977038,0.6148717698129258,0.2817,0.17277604605474453
2021-06-18,355.8691414941508,360.30846413259405,347.2317634318365,358.3783264160156,22723111.0,0,1,0.00568719591755773,-0.04989127424545492,-0.030797270101851182,-0.0580849465122002,-0.07417099595904675,0.0056710848744320735,0.15555555555555556,0.011111111111111112,374.8351486206055,-0.0439041596423148,366.79081787109374,-0.022935392723038742,338.36133880615233,0.05915861333475528,,,370.6937060141714,371.7611506532181,0,0,0,40.931723516007125,0,0,-1.0674446390466983,2.1615951152934927,-3.229039754340191,0,390.7217940138646,358.94850322734635,374.8351486206055,0.08476603889321498,-0.017945160769203588,12.47534458993828,0.03481054424997942,15.015526890649783,15.675239452616658,29.61835934199156,0,25.273560276680573,15.686764803453519,12854366.0,17911750.1,0.7176499185302948,0,404538970.0,373.64112752084844,20876302.055982165,0.294098598870969,0.3578945819157316,0.4088558732337894,0.8753563427743217,0.35810289097125325,,,,,0.03648853665770445,-0.00135412037337083,0.0,1.0,1.0,1.0,1.0,1483.232421875,0.08759240580043803,-0.06719332025835001,0.6621594805269425,0.2903,0.15693160645674042
2021-06-21,354.0837478995828,357.0272255025437,347.8108005034685,354.7593078613281,13172227.0,0,1,-0.010098318698230746,-0.03326761076639262,-0.04618577381084732,-0.06865970514061104,-0.13658248148422136,-0.010149652601641095,0.07777777777777778,0.011111111111111112,373.7880493164063,-0.05090783798432943,367.3968811035156,-0.03439760621872783,339.5816683959961,0.0446951083579487,,,368.24226014450323,370.5017548908559,0,0,0,38.98842942992832,0,0,-2.2594947463526864,1.2773771429642569,-3.5368718893169433,0,392.02157522888126,355.5545234039313,373.7880493164063,0.09756077512815595,-0.02180641161836642,12.339071827267484,0.034781530896690956,16.141836689810578,14.716331374626721,27.806502871428783,0,17.06784846092701,17.5748764266395,13908058.42857143,17033616.533333335,0.8165064888806522,0,391366743.0,372.58311163034824,20743284.709770724,0.28606975217669206,0.3058544447837818,0.40960824430316845,0.7466999237383659,0.35038921153202796,,,,,0.025979374733355216,-0.01198336562196995,1.0,1.0,1.0,1.0,1.0,1535.581787109375,0.03529410796468335,-0.04466502597508526,0.6677896796562945,0.337,0.15289708324586937
2021-06-22,358.0405282252112,358.8608426033713,353.4564513813574,354.7110290527344,9787216.0,0,1,-0.00013608891302896442,-0.004604034689933978,-0.06511514365710525,-0.07836012205462972,-0.1096173394933252,-0.00013609817396530584,0.03333333333333333,0.022222222222222223,372.64685516357423,-0.04813089353180475,367.7607116699219,-0.035484167294357556,340.664475402832,0.04123281018160895,,,366.1605322842311,369.3320714954395,0,0,0,38.96185471970608,0,0,-3.171539211208369,0.3875938721297316,-3.559133083338101,0,392.66284460710244,352.630865720046,372.64685516357423,0.10742604783148993,0.05196254071169434,11.843737498320797,0.03338982024311402,16.94314660633296,15.342514609173382,26.900193765307996,0,16.958381768744648,19.766596835450752,13930437.285714285,16443274.866666667,0.8471814403561219,0,381579527.0,371.42024275554405,20741952.778183706,0.22672217903189626,0.29597027138841014,0.4095225601126926,0.722720309491533,0.34790511938432334,,,,,0.015236039421854069,0.00924914524065327,1.0,1.0,1.0,1.0,1.0,1537.1771240234375,0.00103891367262543,-0.03746255063475212,0.6676699624764446,0.3393,0.14900604973419695
2021-06-23,355.1936112063304,363.8309899907154,354.5180806199932,355.24188232421875,14295574.0,0,1,0.0014965795478703026,-0.008751768342586619,-0.0676290872444485,-0.07790573106004317,-0.07698081466279494,0.0014954607887676485,0.022222222222222223,0.03333333333333333,372.0243881225586,-0.04511130542552247,368.1351593017578,-0.035023215391851624,341.73425445556643,0.03952670150135223,,,364.48073998269075,368.2883537790527,0,0,0,39.45055836286455,0,0,-3.807613796361977,-0.4514476615686101,-3.356166134793367,0,393.4162936017903,350.6324826433269,372.0243881225586,0.11500270499569727,0.10773700560164849,11.662964060635183,0.03283105016877132,17.041401158402017,17.51135368460106,25.365916633937623,0,19.95203286108008,17.992754363583916,14315310.57142857,16311718.133333333,0.8776089958405386,0,395875101.0,370.7263332677867,20763347.24185717,0.22032033817976948,0.2816361988696585,0.4095233325824893,0.6877171004973917,0.3354240306074523,,,,,0.026215685239001685,0.0013604937937361635,1.0,1.0,1.0,1.0,1.0,1500.43310546875,-0.023903568418005672,0.0021980351564951928,0.6710236574262152,0.3198,0.1330328085257074
2021-06-24,356.110388711514,359.4398878662711,353.3116950699474,356.1586303710937,9066954.0,0,1,0.0025806305294775456,0.003944427894510882,-0.055775984411646884,-0.06581447542563279,-0.07459884317382026,0.002577306420149886,0.06666666666666667,0.044444444444444446,371.2137283325195,-0.04055641484234122,368.43432983398435,-0.03331855494688038,342.76880798339846,0.039063713137934504,,,363.2004154270604,367.38985574883355,0,0,0,40.338931572504016,0,0,-4.189440321773134,-1.199046193609515,-2.9903941281636186,0,393.74848681839796,348.67896984664105,371.2137283325195,0.12141123436950399,0.16595830235189374,11.267623256041503,0.031636530172809194,17.238933287779513,16.831067288124903,25.145254858203973,0,22.23551796315202,19.715310864325588,14477823.857142856,16005874.066666666,0.9045319110247106,0,404942055.0,370.1468385353404,20786745.70015894,0.232875619189702,0.28194741985634936,0.38487334582161575,0.7325719562482476,0.320685897422167,,,,,0.01720635771183897,0.0024448310588068823,1.0,1.0,1.0,1.0,1.0,1504.172119140625,0.002491956261326811,-0.019722528681572093,0.6708654375802532,0.3194,0.13303234609419026
2021-06-25,358.571323229889,367.0639468706635,358.571323229889,362.7693786621094,12815999.0,0,1,0.018561246948102017,0.02271806893316808,-0.011439868092487981,-0.04835447002273752,-0.018025054545778962,0.018391089337300527,0.36666666666666664,0.1,370.64192657470704,-0.021240305934495694,368.54820861816404,-0.01567998384179326,343.8675387573242,0.05496837524441252,,,363.1341020786064,367.04759818685403,0,0,0,46.441328062076316,0,0,-3.913496108247614,-1.7419361765371346,-2.1715599317104792,0,393.43592661343075,347.84792653598333,370.64192657470704,0.12299741828656463,0.32731096123490067,11.241744202007808,0.030988680035418846,16.478305515518606,20.50905389535629,23.402916164622425,0,42.705560078059015,28.297703634097047,13740393.42857143,15053604.766666668,0.9127643273189227,0,417758054.0,369.34628210109355,21024626.62248457,0.23591233055944613,0.2636452004828104,0.3865374044098627,0.6820690506920665,0.28075674978250215,0.8792982644561895,1.674014637695715,,,0.023410530602376634,0.006774208605534686,0.0,1.0,1.0,1.0,1.0,1515.090576171875,0.007258781686159788,0.04912651556147485,0.6486651986993298,0.2378,0.09596805915823332
2021-06-28,365.664602905934,371.5032874631688,361.1770383795077,368.9458312988281,14518487.0,0,1,0.01702583790147183,0.038576388811334406,0.03534190316429009,-0.014055335185728435,-0.02710276590811811,0.016882522743176618,0.6777777777777778,0.08888888888888889,370.06529846191404,-0.0030250530588485504,368.95160705566406,-1.5654510579376026e-05,344.86493743896483,0.06982702862950571,,,364.02821426633284,367.1882080470003,0,0,0,51.439025557319255,0,0,-3.1599937806674347,-2.0255476973631947,-1.13444608330424,0,392.39022546155985,347.74037146226823,370.06529846191404,0.12065398778233957,0.4749278650921529,11.176351693554475,0.030292662893654367,15.323163286632933,21.992750815822614,21.85842837835633,0,59.68170894244598,41.54092899455234,13768509.714285715,14843488.766666668,0.9275790840496351,0,432276541.0,368.68174283165183,21271816.028721195,0.15808204590658737,0.25673226428925433,0.38787490408076797,0.6618944963652365,0.27309008794187856,0.8942690541738662,1.7025161395618134,,,0.027988523538289775,0.007980894789141699,0.0,1.0,1.0,1.0,1.0,1521.37255859375,0.004146275160490598,0.11555897559741268,0.6323928193477575,0.1759,0.0708272824409863
2021-06-29,370.0074069333812,370.103919712798,359.68118747022146,361.1770324707031,9106037.0,0,1,-0.021056746462687737,0.014090356576171192,0.007809361918384106,-0.023228415211790643,-0.06926130009227138,-0.021281601831982924,0.5555555555555556,0.06666666666666667,369.0785171508789,-0.021408682199039103,369.23919799804685,-0.021834533199767078,345.7933340454102,0.04448812892174704,,,363.58957091315904,366.7429357820894,0,0,0,45.66683662208825,0,0,-3.153364868930339,-2.2511111316766237,-0.9022537372537154,0,391.1276132659183,347.0294210358395,369.0785171508789,0.11948187223276256,0.32082066677585314,11.12252173277034,0.030795207703780397,14.371127925917504,20.520676159306664,21.355976447411273,0,38.32895305475755,46.90540735842085,11823213.42857143,14129020.466666667,0.8368034752631917,0,423170504.0,368.00362890861425,21080072.51633234,0.22256664361860212,0.2529215832520683,0.39064597737783685,0.6474444840051173,0.26857607710356307,0.8754386574306995,1.6666666888624264,,,0.028857682813543794,0.00287732112547782,1.0,1.0,1.0,1.0,1.0,1519.178955078125,-0.0014418582110173883,0.024235266619700768,0.6290257484161268,0.1557,0.06203571575663454
2021-06-30,363.3966734672723,366.1471256541103,357.9923113230714,359.0538635253906,10110801.0,0,1,-0.0058784716480684285,-0.010242085896063013,0.012105547532923921,-0.03463933035813549,-0.0774857067047251,-0.005895817875470442,0.5777777777777777,0.03333333333333333,367.78773803710936,-0.023747051922751977,369.48432556152346,-0.028229782197881203,346.6874703979492,0.03567014727485398,,,362.8917697765793,366.17337487418575,0,0,0,44.20683743911133,0,0,-3.281605097606473,-2.457209924862594,-0.8243951727438792,0,388.9492252789062,346.6262507953125,367.78773803710936,0.11507445764633781,0.29363750732821536,10.910542632646665,0.03038692447289353,13.677051267986371,19.42512829164936,21.321498601736202,0,32.49336518582563,43.501342394343055,11385866.857142856,13928924.933333334,0.8174261051472336,0,413059703.0,367.11578478649153,21020636.459314577,0.21485704811992562,0.25259126062064086,0.3908197779067472,0.6463113560258744,0.26614430402487,0.87029241610337,1.6568692359851687,,,0.02271195260502251,0.006145576260442942,1.0,1.0,1.0,1.0,1.0,1503.2249755859375,-0.010501711756115695,-0.021071369688713815,0.6247015895259082,0.169,0.06771165048159407
2021-07-01,359.2951003956074,367.4981851484894,359.0055915378953,366.1470947265625,8232292.0,0,1,0.019755340136230704,-0.007585765537485578,0.032240513367651547,-0.03497397594896712,-0.015057228996024685,0.019562735913004062,0.7,0.14444444444444443,366.8323181152344,-0.0018679471650494945,369.9388732910156,-0.010249743506869281,347.49812774658204,0.0536663811713555,,,363.39258899965364,366.17142819658403,0,0,0,49.96245493470913,0,0,-2.7788391969303916,-2.5215357792761535,-0.25730341765423814,0,386.33348284486226,347.3311533856065,366.8323181152344,0.1063219556544192,0.4824312188996887,10.73783198821434,0.029326552478132647,12.86179181513234,19.226473060250836,20.11698022893897,0,51.98930498867324,40.93720774308548,11163734.857142856,13180360.7,0.846997674133672,0,421291995.0,365.97405731895856,21183268.18787535,0.23887975098325728,0.22499688813540003,0.38584164463311615,0.5831327210657679,0.26201188072309023,0.8874853388014742,1.6896012513033125,,,0.023194485858030203,0.0006718681922766936,1.0,1.0,1.0,1.0,1.0,1486.9306640625,-0.01083956945106379,-0.03268748875823846,0.626566518026879,0.1669,0.0596911736112097
2021-07-02,364.7960502194133,367.30523529112986,361.1288001195271,362.9141540527344,5070326.0,0,1,-0.008829622630878609,0.004809612533078544,0.021597317518752934,-0.04749237659641736,-0.03527446557060421,-0.008868834738161623,0.6555555555555556,0.1,365.9155044555664,-0.008202304538304932,370.4513250732422,-0.0203459145922008,348.3208493041992,0.0418961563101564,,,363.31898362320453,365.93014863037297,0,0,0,47.5545395144349,0,0,-2.611165007168438,-2.5394616248546105,-0.07170338231382756,0,384.2519075097592,347.57910140137363,365.9155044555664,0.10022206127327073,0.41815869246652093,10.412017929884941,0.02869002989718607,12.104765180339312,18.411816483077356,19.264591431211123,0,44.45967720676958,42.98078246042282,9845842.285714285,12602471.8,0.7812627905038665,0,416221669.0,365.2327178834293,21138499.12267982,0.25214118357447085,0.22310457419572305,0.3855353043467649,0.5786877924804895,0.26085896145408805,0.8796491781694197,1.6746827098576438,,,0.017018997750926135,-0.0036898954726328034,1.0,1.0,1.0,1.0,1.0,1418.8826904296875,-0.045764052943057854,-0.054351250143594654,0.6435204428333593,0.184,0.06355371585195259
2021-07-05,365.7611011366124,377.3419275578244,364.31349783396087,375.9425659179688,12836172.0,0,1,0.03589943164173559,0.047036681980679784,0.05554810092980644,-0.0033261334933979425,0.000642190954741384,0.03527006542044586,0.8333333333333334,0.16666666666666666,365.652522277832,0.02814159075407157,371.24654174804687,0.012649341183921336,349.2680642700195,0.07637257561380476,,,365.2610732070144,366.6718091701949,0,0,1,56.626486262916316,0,0,-1.410735963180457,-2.3137164925197795,0.9029805293393225,1,383.19967909873674,348.1053654569273,365.652522277832,0.0959772229196983,0.7932111379969488,10.698857613828164,0.02845875562854638,12.27965333229098,23.339096273614718,17.408951645905105,0,94.29471450081347,63.581232232085426,10384302.0,12240540.7,0.8483532104100598,0,429057841.0,365.1648430962105,21599310.40193538,0.3174076821448163,0.2468694057085495,0.3616695344118015,0.6825828061798008,0.2601348560137453,0.9112280837098217,1.7348028673217748,,,0.034655372668564416,0.007844684623307226,0.0,0.0,1.0,1.0,1.0,1391.244384765625,-0.019478922288982625,-0.07507633796557722,0.646374703220996,0.1197,0.04568013855033661
2021-07-06,375.7977992357692,377.3419152652749,370.5864334063057,371.8892822265625,6153733.0,0,1,-0.01078165671798581,0.015682734023298117,0.025139673028873766,0.013412210393047186,-0.014953927972565673,-0.010840199954425561,0.7111111111111111,0.16666666666666666,365.5367156982422,0.017378737225303774,371.6151983642578,0.0007375475048144316,350.0656936645508,0.06234140893258762,,,366.28079767156026,367.05828865585175,0,0,1,53.52446257473137,0,0,-0.7774909842914894,-2.0064713908741214,1.228980406582632,0,382.8755366503217,348.19789474616266,365.5367156982422,0.09486773944969762,0.6831891149310944,10.417187917052527,0.028011530353020942,12.442049473388959,22.258006315525588,16.60255183570661,0,81.89101424872085,73.5484686521013,9432549.714285715,11840475.233333332,0.7966360748537508,0,422904108.0,364.66713325495414,21532962.96519524,0.324520370780898,0.24838279222426177,0.35559518625993947,0.6984987475131184,0.25832461363108766,0.9014035353194743,1.7160988183329338,,,0.0181653039811286,-0.00038507659234090667,1.0,1.0,1.0,0.0,1.0,1411.648681640625,0.014666220470271663,-0.06827439636817811,0.6439723815171039,0.1189,0.04583213647720721
2021-07-07,369.5248627228479,381.20220188612825,366.9191944568434,379.89935302734375,10577866.0,0,1,0.021538858965828744,0.04680225002230487,0.029688698988561857,0.06607985727757937,0.03320212481115892,0.021310175634549903,0.7222222222222222,0.2111111111111111,366.0433776855469,0.03785336980935624,372.2145062255859,0.020646285067407656,350.931842956543,0.08254454718829234,,,368.3759600339885,368.0094786092956,0,0,1,58.37704020975276,0,0,0.3664814246928927,-1.5318808277607188,1.8983622524536115,0,384.4612083011779,347.62554706991585,366.0433776855469,0.10063195642049313,0.8761565526082489,10.693317882211979,0.028147765446292595,13.00994757674433,22.713012712109844,15.01855615176278,0,96.16475701207824,90.78349525387085,8869603.857142856,11681716.733333332,0.7592722935862484,0,433481974.0,364.81487759041875,21760798.129128672,0.33313512494259495,0.2435808212454803,0.35784359464594045,0.680690740004681,0.2634382878103385,0.92081873893802,1.7530616287524325,,,0.03759681956672564,-0.006357858687291096,0.0,0.0,1.0,0.0,1.0,1422.4744873046875,0.007668909272440683,-0.06500582038923908,0.6389431632599994,0.1674,0.06387266803067587
2021-07-08,378.7895683973317,379.1755900926461,367.88430088397183,369.7179260253906,12333337.0,0,1,-0.02680032729937365,-0.016557422481221273,0.023647388363157607,0.03164142129569436,-0.007127016492540439,-0.027166004385376048,0.6888888888888889,0.17777777777777778,365.9323974609375,0.010344884986187098,372.42585815429686,-0.007271063675133788,351.63827362060545,0.05141548506261845,,,368.58241634035807,368.1360302697471,0,0,0,51.076923802613344,0,0,0.4463860706109699,-1.136227448086381,1.582613518697351,0,384.22702271406223,347.6377722078128,365.9323974609375,0.09998909842399302,0.6034601286464323,10.787727472294831,0.029178264598276406,13.53728152986003,20.90607824640115,13.823754428196947,0,65.60708630006334,81.22095252028748,9330646.714285715,11513672.433333334,0.8103970968700202,0,421148637.0,365.0051324420822,21430260.660835195,0.35328560588848595,0.25426032408183785,0.36190753926085123,0.7025560301980204,0.2659005577574124,0.8961404953510845,1.7060790033258941,,,0.030540280613547546,-0.002921259594596233,1.0,1.0,1.0,1.0,1.0,1422.7239990234375,0.00017540681465777475,-0.06349150357320954,0.6390010491970906,0.1656,0.06590990550513215
2021-07-09,369.621385949536,377.7279587588995,368.75282983631234,376.4251098632813,7375406.0,0,1,0.0181413541669333,0.01219671513403675,0.04838061389266257,0.061071835246736095,0.0059317582347950815,0.017978763269775728,0.8111111111111111,0.2,365.7828125,0.02909458017052491,372.9209381103516,0.009396554054288036,352.4301126098633,0.06808441275272147,,,369.7889845746539,368.75003616556444,0,0,1,55.06352638164451,0,0,1.0389484090894712,-0.7011922766512105,1.7401406857406818,0,383.6573070077069,347.90831799229306,365.7828125,0.09773282886388716,0.7976950581369646,10.65825614731571,0.028314413326961156,14.026948772038894,19.648604061039222,12.99227306983971,0,82.87197843219012,81.54794058144391,8939876.0,11264113.7,0.7936599574629649,0,428524043.0,364.8095917429892,21564060.51320612,0.3561049165640869,0.25933018859846857,0.35182986237743025,0.7370897593686024,0.26183734161477473,0.9123976974605796,1.7370295867619978,,,0.02384306648896759,-0.00026111819054188356,1.0,1.0,0.0,1.0,1.0,1428.1617431640625,0.0038220653790597137,-0.04993479594936634,0.6359742199272149,0.1687,0.06881562767004515
2021-07-12,379.27204901860864,379.27204901860864,373.0956144159974,374.7844848632813,5679273.0,0,1,-0.004358436663791876,-0.013463745392833792,0.02358994584722618,0.056591011179307316,-0.014965130183109299,-0.004367962336973024,0.6666666666666666,0.16666666666666666,365.4715774536133,0.02548189239380738,373.27608276367187,0.004040982450419784,353.1273748779297,0.061329456524966706,,,370.5575230805966,369.19703236539533,0,0,1,53.90639342925795,0,0,1.3604907152012515,-0.2888556782807182,1.6493463934819697,0,382.42267552523487,348.5204793819917,365.4715774536133,0.09276288016554751,0.7746992368966079,10.338126036979677,0.027584188925939532,14.669366769986777,19.87695926250473,12.437834890037443,0,76.98960056500779,75.15622176575376,8575159.0,10996641.5,0.7797979955971103,0,422844770.0,364.4263825223691,21539307.761539236,0.3488126940551847,0.25487372838347216,0.34832957778205614,0.7317028028637358,0.26133153361801054,0.9084210698840082,1.729458853324963,,,0.016479963424484836,0.007563095767870933,1.0,1.0,0.0,1.0,1.0,1417.535400390625,-0.00744057374754703,-0.04667014094811761,0.6364877969935739,0.1679,0.06725414132977581
2021-07-13,376.85937783974913,381.1539459107378,376.3768434251016,378.5482482910156,5467940.0,0,1,0.010042473954350983,0.023883944066641183,0.043079317970082576,0.0656070331975267,-0.0062072245341318055,0.009992383389097288,0.8,0.2,365.5391311645508,0.03558884950297885,373.8493341064453,0.012569005093459353,353.6986959838867,0.07025627345898101,,,371.786865420661,369.8897150265524,0,0,1,56.181363941323454,0,0,1.8971503941086212,0.14834553619714969,1.7488048579114714,0,382.696496511059,348.38176581804254,365.5391311645508,0.09387430172987252,0.8791117360892585,10.054649966299449,0.026561079100727365,15.494264091717387,20.31445528712251,11.875036972710484,0,90.48438376324908,83.44865425348233,8631961.0,10798933.2,0.7993346046440958,0,428312710.0,364.2679314524202,21594219.40657319,0.3393355956532594,0.2566545860519779,0.3484876934519595,0.7364810605208898,0.25822558020680436,0.917543864817902,1.7468268988146007,,,0.012619533988607207,0.005536229647352474,1.0,0.0,1.0,1.0,1.0,1414.5421142578125,-0.002111612967117149,-0.00305915083829833,0.5981717340358761,0.1693,0.07265189959931669
2021-07-14,378.5482549617656,380.623147091001,377.3419189038887,377.9692077636719,3341557.0,0,1,-0.0015296346765778512,0.004102005578085377,0.005390828358992739,0.061238379566579626,-0.017928775880746817,-0.0015308057620740867,0.5222222222222223,0.15555555555555556,366.08921966552737,0.032451073290271984,374.32318298339845,0.009740312505397577,354.2666390991211,0.06690601385675203,,,372.7379950118934,370.48819597004274,0,0,1,55.72568201837022,0,0,2.249799041850679,0.5686362373278555,1.6811628045228233,0,384.12250426669,348.05593506436475,366.08921966552737,0.09851852298539954,0.8293905786131328,9.570834124928938,0.025321729729140197,16.260240176181526,19.816988844327454,11.584237523875702,0,86.07061884383751,84.51486772403148,7275587.428571428,10590738.9,0.6869763759893494,0,424971153.0,364.04622549563106,21589108.04511223,0.27110899885665013,0.2547162563539059,0.3485292056371085,0.7308318850590633,0.25155106661710785,0.9161403579049952,1.7441548918161949,,,0.008681205028648496,1.762192805525958e-08,1.0,0.0,1.0,1.0,1.0,1398.92724609375,-0.011038814614759862,0.005522294581925102,0.5322741193882475,0.1288,0.061668334621979605
2021-07-15,378.1139722254118,388.8262425936906,376.3768600366378,387.4269104003906,10347950.0,0,1,0.0250224156953871,0.033732521082672884,0.041780252662302564,0.06797026758217029,0.005636304413194848,0.024714481322358407,0.7777777777777778,0.23333333333333334,367.6429809570312,0.05381288496752688,374.62235473632813,0.03417990277989355,354.75641174316405,0.0920927644314976,,,374.9978281485853,371.74291555747595,0,0,1,61.25360741646083,0,0,3.2549125911093597,1.1058915080841565,2.149021083025203,0,387.41478918199556,347.8711727320669,367.6429809570312,0.10755982977558975,1.0003065278162004,9.776444727223499,0.0252342944301931,17.886015991908792,24.00782194968085,10.530563481022558,0,95.46171332802649,90.6722386450377,7874761.285714285,10520961.866666667,0.7484830175712088,0,435319103.0,365.46138004916503,21848038.75160731,0.290413225618194,0.26507542530565653,0.350948373269798,0.7553117366977363,0.25579348093891113,0.9390644027758147,1.7877978605563627,,,0.03213349982371342,0.0003830059665348939,0.0,0.0,0.0,1.0,1.0,1404.81396484375,0.004208023516903747,-0.004841655636961817,0.526929400207081,0.1345,0.06771344278274156
2021-07-16,388.9227465760105,391.81795312620415,385.40025116358777,391.3354187011719,9287112.0,0,1,0.010088375886801337,0.03377949962226712,0.030102882731166458,0.06068529714382187,0.02645240695971296,0.01003782790321068,0.7,0.2777777777777778,369.29083557128905,0.05969436824983779,374.70728088378905,0.04437634032133963,355.38611907958983,0.10115560988900381,,,377.511303618214,373.19421208663863,0,0,1,63.29330438735591,0,0,4.317091531575386,1.7481315127824024,2.5689600187929837,0,391.19051203226695,347.39115911031115,369.29083557128905,0.1186039530447558,1.003308420313038,9.536534529751561,0.024369208801500706,19.6735791935922,25.094589945165403,10.024374678455096,0,98.57346557431002,93.36859924872469,7690367.857142857,10495843.7,0.7327060193496268,0,444606215.0,367.85710718906904,21941730.628366135,0.27253028714094985,0.26458128015009247,0.3488165721225796,0.7585112098891749,0.2551704143664496,0.9485380374529317,1.8058338373832745,,,0.016399491729924415,0.0038609506347249117,0.0,0.0,1.0,1.0,1.0,1392.3916015625,-0.008842710559637479,-0.02114827788524254,0.47256652168886304,0.2084,0.11675879246148971
2021-07-19,384.0974169959572,390.8046575407086,382.3603047801191,383.0841064453125,5708367.0,0,1,-0.021085012655499447,0.01353258037051197,0.036152373144611616,0.0606546707157698,0.004936742038456732,-0.021310476438145362,0.7333333333333333,0.23333333333333334,370.70707550048826,0.03338763072734483,374.1514019775391,0.02387457168558108,355.89615844726563,0.07639292347707484,,,378.3686578993061,373.9267968539478,0,0,1,56.52789812476373,0,0,4.44186104535828,2.286877419297578,2.154983626060702,0,392.3114342287456,349.1027167722309,370.70707550048826,0.11655757419299054,0.786447542843189,9.496433057701648,0.024789420646604974,20.667236882025094,23.40051926326188,11.634187634540588,0,74.17980497835589,89.40499462689748,6743943.571428572,10480229.8,0.6434919558184279,0,438897848.0,369.46772287962506,21821369.6379289,0.24507366415681903,0.2722862921284319,0.3520289431456017,0.7734770036105024,0.25608386773070235,0.9285381009290141,1.7677578080683192,,,0.02204307779548918,-0.01849564685260882,0.0,1.0,1.0,1.0,1.0,1377.52490234375,-0.010677096301117461,-0.03176940623108371,0.45823893772407787,0.2145,0.12750454188239563
2021-07-20,382.6015561812317,382.6015561812317,367.8842562641949,369.6213684082031,9214553.0,0,1,-0.03514303467724589,-0.04595845439281998,-0.018074621689157078,0.02943153091030659,-0.012250077740407428,-0.0357754110926533,0.25555555555555554,0.2,371.45259246826174,-0.0049298997966075115,373.576220703125,-0.010586466899521212,356.2604721069336,0.03750316789918577,,,377.022921054521,373.60787622833703,0,0,0,47.58980123089144,0,0,3.415044826183987,2.51251090067486,0.9025339255091271,0,391.72050253749046,351.184682399033,371.45259246826174,0.10912784285365021,0.45482454644302894,9.903819995088503,0.026794500647351383,19.197181839391334,20.835243677403323,20.799243882667877,0,32.352980268540755,68.36875027373556,7006678.857142857,10209558.533333333,0.6862861733214665,0,429683295.0,370.40928311878054,21497542.28231458,0.32528684453873163,0.2867794528546616,0.34603257178542957,0.8287643309846853,0.25704666936868154,0.8959064542489217,1.705633434118402,,,0.039817232375979006,-0.0012596457434856149,1.0,1.0,1.0,1.0,1.0,1362.657958984375,-0.010792504247349788,-0.04586580231071391,0.45697967228715497,0.233,0.14603122948689637
2021-07-21,382.6015561812317,382.6015561812317,367.8842562641949,369.6213684082031,9214553.0,0,1,0.0,-0.05548705600182291,-0.013776227841879929,0.009488737536577307,-0.00039144980529026707,0.0,0.3,0.23333333333333334,372.17156677246095,-0.006852211700032877,373.2712591552734,-0.009778118881507578,356.4887109375,0.036838915420818345,,,375.8842206473952,373.31257935277154,0,0,0,47.58980123089143,0,0,2.571641294623646,2.524336979464617,0.04730431515902911,0,390.9862957474457,353.3568377974762,372.17156677246095,0.10110782582425344,0.4322286712806637,10.24763998951338,0.027724695770824787,17.83213072837427,18.69789769642848,18.665590875856672,0,27.67286632781389,44.73521719157018,7511718.857142857,10123143.133333333,0.7420342435353288,0,429683295.0,371.58020877242706,21497542.28231458,0.32534872418498223,0.2846906917319312,0.3453102356397582,0.8244490384262231,0.2630930595271008,0.8959064542489217,1.705633434118402,,,0.039817232375979006,0.03511752534472916,1.0,1.0,1.0,1.0,1.0,1362.657958984375,0.0,-0.038713277559860315,0.4532697096348418,0.2205,0.138266293865274
2021-07-22,376.56986233678185,381.3952063982395,375.41176798140685,379.7545776367188,7381389.0,0,1,0.02741510663237623,-0.008691378087931745,0.0031867254733028982,0.04640332540333314,0.021017096898671817,0.027046042692567558,0.45555555555555555,0.3111111111111111,373.3513641357422,0.01715063641403639,373.16896179199216,0.017647812436227026,356.9138235473633,0.06399515116097627,,,376.4796601842142,373.7897644108417,0,0,1,53.946451285535254,0,0,2.689895773372484,2.5574487382461903,0.13244703512629386,0,390.8515663036887,355.8511619677957,373.3513641357422,0.09374655538466878,0.6829468436857488,10.35665413240788,0.027271966533910414,16.56458326814414,17.17957764953263,17.149894230485526,0,56.140285778037516,38.72204412479739,7785068.714285715,10175976.766666668,0.765043876651446,0,437064684.0,372.6799409824136,21699903.84884463,0.36534170089992796,0.29492710092454744,0.34564238731151564,0.8532723755860989,0.2632842012639533,0.92046782522479,1.752393556590504,,,0.015756066599825265,0.018798950825010034,1.0,1.0,1.0,1.0,1.0,1413.5943603515625,0.03738018116090691,-0.0006700075570017505,0.4674885661724038,0.2718,0.17134193214227836
2021-07-23,380.3336219276874,382.69802282891817,377.1488772003597,378.0657043457031,5217004.0,0,1,-0.004447275662944894,0.022845908432908013,0.0002553027602492097,0.005647507412601893,-0.003561003898580717,-0.004457194211292806,0.4111111111111111,0.23333333333333334,374.1161804199219,0.010556944961183336,373.341708984375,0.012653275130119088,357.4339956665039,0.05772173024764324,,,376.72366697828943,374.1065007023129,0,0,1,52.797088292271624,0,0,2.6171662759765013,2.5693922457922524,0.04777403018424886,0,390.9951228830241,357.2372379568196,374.1161804199219,0.09023369395120359,0.6169955977519029,10.013260667847206,0.02648550384959299,15.58322377743592,17.428887511245062,16.471028304902585,0,44.767331724758236,42.86016127686989,8052989.714285715,10028858.1,0.8029817187547718,0,431847680.0,373.6439670762677,21676702.39392194,0.3664299116271396,0.2895372014429037,0.34279815646599177,0.8446288172253575,0.25914110632803106,0.916374251067144,1.741111054848304,,,0.01467772814294817,0.0015247855458966814,1.0,1.0,1.0,1.0,1.0,1398.5279541015625,-0.01065822464533106,-0.00028542727529434764,0.46785041975470265,0.282,0.17435784464620227
2021-07-26,379.2720516494292,388.3919639086477,376.5698706956566,386.0757751464844,7083799.0,0,1,0.02118698075151726,0.04451692500664439,-0.0034874584538020503,0.03814708731315131,0.013297814185109447,0.020965657333610773,0.3888888888888889,0.32222222222222224,374.97267761230466,0.029610417497297047,373.47874755859374,0.03372890069444804,358.04633178710935,0.07828440308122202,,,378.16245285031937,374.9931136241034,0,0,1,57.42969143470894,0,0,3.169339226215982,2.6893816418769982,0.4799575843389836,0,392.47393450475516,357.47142071985417,374.97267761230466,0.09334683798239596,0.8172085754300665,10.142462992500342,0.026270653704320353,15.46521763972919,19.987776915728748,15.099693099930633,0,76.93789455140256,59.281837351399446,7586682.428571428,9878269.366666667,0.7680173669055843,0,438931479.0,374.6738794950087,21826786.70698256,0.356378557182497,0.29572305334294724,0.34401947542779937,0.8596113722201513,0.25463085420862586,0.9357894546856896,1.7658352369017305,,,0.030621173287823013,0.003190840348277153,1.0,1.0,1.0,1.0,1.0,1400.7730712890625,0.0016053430901510346,-0.0028764616923044883,0.43380937633282496,0.3197,0.21781727890035307
2021-07-27,389.8878390725172,405.0394327180903,389.4535462830229,402.7715148925781,28240273.0,0,1,0.043244722463508856,0.060610032403290326,0.029223258731249535,0.06020584579302546,0.06780098733033668,0.04233578173099146,0.6666666666666666,0.5444444444444444,377.0524017333984,0.06821097821136504,373.77309448242187,0.07758295296859581,358.85795532226564,0.12237031092393295,,,381.94846239528226,377.05077297732373,0,0,1,65.11482194823611,0,0,4.8976894179585315,3.1310431970933053,1.7666462208652263,0,397.31825035530585,356.786553111491,377.0524017333984,0.10749619166323067,1.1345432071217902,10.772548319579315,0.02674605308782183,16.982460886439643,28.512789394238833,13.201048237023551,0,93.89609189899454,71.86710605838512,10294276.857142856,10555299.766666668,0.9752709145837701,1,467171752.0,379.08935852082453,23048029.475161284,0.4394841096666252,0.3177296536548291,0.351121056304995,0.9049005975273636,0.26212886038500044,0.9762574099378505,1.7111523413715177,,,0.0386965956101049,0.00987387495262151,1.0,1.0,1.0,1.0,1.0,1393.638916015625,-0.005093012865297508,0.0008958072224261038,0.42637422441328354,0.3148,0.23501068086701546
2021-07-28,404.3638458541909,404.7498675016864,393.31379580380286,401.7581481933594,12775129.0,0,1,-0.0025159840300250647,0.06266752994339808,0.04874658445458824,0.08666126230992743,0.09480598786390337,-0.0025191544367563273,0.8111111111111111,0.7111111111111111,379.1876159667969,0.059523389678788556,374.02401245117187,0.07415068235975396,359.59092498779296,0.11726442542174241,,,384.9961063642172,378.88094891925226,0,0,1,64.35541392210001,0,0,6.11515744496495,3.7278660466676348,2.3872913982973154,0,400.44340492840723,357.93182700518656,379.1876159667969,0.11211225296699337,1.030926710538166,10.819942846601046,0.026931483269864116,18.391329615527923,26.360188217728382,12.204422071365771,0,91.16870154337019,87.33422933125577,11303814.285714285,10381870.333333334,1.0888032621078731,0,454396623.0,381.5605970603119,23015887.454615775,0.4070935220235705,0.3054640602765735,0.3506182493573042,0.8712155195472572,0.25879005758630214,0.9738011618852532,1.6483862783415835,,,0.028465064739345562,0.003953434894812443,1.0,1.0,1.0,1.0,1.0,1396.781982421875,0.0022552946607117264,0.013979478734185147,0.3920518913511866,0.2308,0.18032948942328067
2021-07-29,405.8114577616007,457.44264204280313,402.2406911802188,442.0980529785156,61414603.0,1,0,0.10040842971463859,0.1451069490458845,0.19608358922114744,0.1744648308373662,0.24062287936591553,0.09568141063021486,1.0,0.9777777777777777,382.9851638793945,0.15434772590234405,375.4310827636719,0.1775744558071383,360.7272937011719,0.22557416834876826,,,393.7810212279554,383.5636973680866,0,0,1,76.23654582784627,1,0,10.217323859868827,5.025757609307874,5.191566250560953,0,417.45965839842125,348.5106693603678,382.9851638793945,0.1800304438418563,1.357342361705931,14.024553632518383,0.03172272200257784,21.927237644156673,45.72125114370745,8.743160570509676,0,82.86638495001472,89.31039279745983,18760964.285714287,11951634.666666666,1.5697404421203545,1,515811226.0,395.8705952171961,29182431.303393707,0.5636582016951986,0.3927900685084868,0.3877646426674485,1.0129599898703199,0.33466825643035464,0.9664557090791468,1.7901523497865357,,,0.12486359189025191,0.01008892933838032,0.0,0.0,0.0,0.0,0.0,1397.131103515625,0.0002499467333796357,0.025298457550524178,0.3559285625472233,0.0783,0.08855483236680012
2021-07-30,442.0980368683997,443.5938817741224,426.7051772508381,429.2626037597656,12987115.0,1,0,-0.029033037201305567,0.06577200196059763,0.1613576498794187,0.14535852228876966,0.19779175278994288,-0.029462835163876443,0.9888888888888889,0.9333333333333333,386.3025863647461,0.11120820546217301,376.4926580810547,0.14016195149109695,361.8332620239258,0.1863547352133181,,,399.2397262328493,386.948801545248,0,0,1,68.42172301573505,0,0,12.290924687601319,6.478791024966563,5.812133662634755,0,425.13822202425104,347.4669507052412,386.3025863647461,0.20106329613251103,1.0531004793081733,14.22913583900166,0.03314785801132799,25.210580813597655,41.84503592215758,8.001921622753354,1,68.53445041684914,80.85651230341135,19299901.714285713,11627101.466666667,1.6599065355725957,0,502824111.0,398.538493757933,28805375.910461072,0.6420789880792068,0.40691354008570524,0.3860914986838884,1.0539303286210526,0.33530160255294705,0.9383965645240377,1.7381787900191787,,,0.039343526259594565,-3.644014227626326e-08,0.0,0.0,0.0,1.0,0.0,1417.086669921875,0.014283245399115074,0.039943047027052314,0.24810978843765416,0.0741,0.12427985810712684
2021-08-02,432.3508549508645,436.4523976596618,427.2360017064021,430.2276916503906,7683565.0,0,1,0.0022482459039574465,0.0708623921756264,0.13290982383352712,0.1365200964280926,0.21273122964419122,0.0022457223807611226,0.9666666666666667,0.9333333333333333,389.0168426513672,0.10593589911981306,377.58318603515625,0.13942492028851286,362.91413940429686,0.18548065489149906,,,404.00710552785563,390.15464525674,0,0,1,68.68167606347266,0,0,13.852460271115604,7.953524874196372,5.8989353969192315,0,432.15364448247607,345.88004082025833,389.0168426513672,0.22177344064132265,0.977676221343135,13.871082990020094,0.03224126028896332,28.259399470935712,39.859093450457614,7.62215480798942,1,69.61205792644711,73.67096443110366,19343069.714285713,11444146.066666666,1.6902152071115397,0,510507676.0,401.00426151280936,28822650.45400011,0.6500637409503471,0.4042113281247209,0.36675011463277646,1.1021436994762879,0.33426775040327583,0.9405063107565167,1.6915197348401163,,,0.021422135608948935,0.007194316868159364,0.0,0.0,0.0,0.0,0.0,1434.9964599609375,0.012638457773404888,0.015140198779550973,0.22676323480868218,0.133,0.24264864435999953
2021-08-03,432.1095837607585,435.101303128812,424.82332561979024,433.1228942871094,8879300.0,0,1,0.006729466031376363,-0.020301285271307035,0.14562862832715973,0.14592111047819212,0.22105843577454043,0.006706924247777714,0.9777777777777777,0.9444444444444444,392.07852325439455,0.10468405841776691,378.69494567871095,0.14372504631887986,364.02300354003904,0.18982286854152064,,,408.4864576446639,393.3374785182489,0,0,1,69.49301543027454,0,0,15.148979126415043,9.392615724640107,5.756363401774935,0,438.65214385553037,345.50490265325874,392.07852325439455,0.23757292398756147,0.9406396851151599,13.614432598520214,0.031433186234425765,30.76177408778162,37.70974168691427,8.476958140489538,1,72.84481230399452,70.33044021576359,19866254.85714286,11413882.2,1.7405344219465362,0,519386976.0,402.8240660159921,28882403.40173251,0.6373162186127175,0.40373178816254174,0.3609370539266938,1.1185656439821763,0.3358104842534627,0.9468354160270477,1.6337822295925855,,,0.023729933569867277,0.004374177085507343,0.0,0.0,0.0,0.0,0.0,1439.5865478515625,0.003198675410495344,0.029358436225450202,0.2271138210554124,0.135,0.24549844062142878
2021-08-04,430.4207078616505,439.588861952874,425.5953636031118,427.2359924316406,8621637.0,0,1,-0.013591758674309284,-0.004721145775044455,0.106611758454773,0.1027524959226731,0.2026622245000802,-0.01368497221385271,0.9111111111111111,0.9111111111111111,394.4453552246094,0.08313100096807892,379.88584106445313,0.12464310655672438,365.14537841796874,0.17004354343107417,,,411.37100145804493,395.8484795488705,0,0,1,65.7624510301805,0,0,15.52252190917443,10.618596961546972,4.903924947627457,0,443.17427828083527,345.7164321683835,394.4453552246094,0.24707565907819157,0.8364596952942686,13.64150872360893,0.031929680469960926,33.22185505429743,37.296426879780384,7.855837589795151,1,66.2715564281892,69.57614221954361,20085946.0,11224750.966666667,1.7894335526594563,0,510765339.0,405.0272817864695,28765220.192251015,0.6670102602964967,0.40779518832033673,0.3545589440513674,1.1501477967546536,0.3374942975513241,0.9339662575481189,1.611576255801588,,,0.03275355681087946,-0.006238844589147129,0.0,0.0,1.0,0.0,0.0,1426.3658447265625,-0.009183680651038695,0.0182704636190274,0.21867550296482374,0.142,0.2709064151357329
2021-08-05,429.45563418467344,430.131194153904,417.778295319901,427.62200927734375,11790679.0,0,1,0.0009035213618264759,-0.006056519428238705,0.0616987385301897,0.09272503546089883,0.20065042038091274,0.0009031134320978283,0.8111111111111111,0.9,397.340559387207,0.07621031675406581,380.9908447265625,0.12239444909561667,366.21949981689454,0.1676658656656725,,,413.8711565071678,398.20207434357224,0,0,1,65.89175056442404,0,0,15.66908216359559,11.628694001956697,4.040388161638893,0,446.75931398186424,347.9218047925498,397.340559387207,0.24874759662528598,0.8063760928266142,13.54946516006565,0.03168561221384151,34.45668683932795,34.86765948842135,11.465175951282102,1,66.70257898665444,68.60631590627939,17736004.0,11315541.8,1.5674021017712116,0,522556018.0,407.7268588875873,28775873.322597954,0.6400988640681955,0.40795152761574743,0.35454483861845515,1.150634512704798,0.33996909341369097,0.9348101160130388,1.5833480420173769,,,0.02888742526344391,0.005195352901799276,0.0,0.0,1.0,0.0,0.0,1429.15966796875,0.001958700323985374,0.025487772725719893,0.2185943698176272,0.1416,0.27039819318806635
2021-08-06,429.1661128212459,439.926624193364,423.9547176710157,426.7051696777344,18059875.0,0,1,-0.0021440421206541105,-0.014817329432419202,0.062094624829782896,0.11386811015781206,0.17624362687782447,-0.0021463438695812844,0.8222222222222222,0.8777777777777778,399.8545623779297,0.06715093392988807,382.04083984375,0.11690983050987828,367.25260559082034,0.16188466244172534,,,415.84562007187037,400.31341473869537,0,0,1,65.26134203141115,0,0,15.532205333175,12.409396268200359,3.122809064974641,0,449.9049228897865,349.8042018660729,399.8545623779297,0.25034282572247263,0.7682359030505267,13.722496685942978,0.032159199515456496,35.982138613482434,37.06759238285284,10.511992895399976,1,65.67884503741172,66.2176601507518,18490967.714285713,11490337.666666666,1.609262342909886,0,504496143.0,410.3529234479726,28737152.189904206,0.6398318734791305,0.406913766276301,0.3433237603847497,1.1852187737320843,0.3436019104584396,0.9328058437494933,1.5432809597648567,,,0.037430778104729584,0.0036109075548090065,0.0,1.0,0.0,0.0,0.0,1533.227294921875,0.07281735504125675,0.09768547577011133,0.3065822815846083,0.0535,0.07264763713911304
2021-08-09,426.5121600474693,429.455608052372,413.8214820010766,419.5154113769531,13778833.0,0,1,-0.016849475496655608,-0.018070998678611616,-0.05108061763542748,0.1349869007401323,0.1370650534255966,-0.016993042884017054,0.06666666666666667,0.8111111111111111,402.09110870361326,0.043334215296423166,382.8215802001953,0.09585099972046748,368.168938293457,0.1394644353255279,,,416.4102033495754,401.7357848600478,0,0,1,60.38259373215595,0,0,14.674418489527625,12.862400712465812,1.812017777061813,0,451.4169441406673,352.76527326655923,402.09110870361326,0.24534656136061322,0.676624506396607,13.859041640611007,0.03303583435736535,36.211639505585325,34.08078818898895,14.88756727303306,1,57.650832653898455,63.34408555932154,11685857.714285715,11465682.533333333,1.0192029720265046,0,490717310.0,411.68805918285364,28504986.080898196,0.20563737982419145,0.41044428685294454,0.34195398055118836,1.2002910046297988,0.34615192739418854,0.917088554542099,1.5041521196255025,,,0.03726710778033233,-0.0004523255024325947,1.0,1.0,0.0,0.0,1.0,1490.07373046875,-0.028145575412107382,0.06652391226510668,0.31740655507750404,0.0885,0.11713462362037985
2021-08-10,421.2525280019053,424.4372432371024,408.46536649898377,412.0361328125,10417993.0,0,1,-0.0178283761731286,-0.03644778829598361,-0.04013037892512605,0.11475192732216377,0.14081487960041406,-0.017989216216980936,0.1111111111111111,0.8222222222222222,403.7655029296875,0.020483745695958486,383.44404968261716,0.07456650625703794,369.08816619873045,0.11636235064400523,,,415.7372694207945,402.49877359726645,0,0,1,55.716372286114634,0,0,13.23849582352807,12.937619734678265,0.30087608884980455,0,451.98756821117877,355.54343764819623,403.7655029296875,0.2388617399534935,0.5857556580637262,14.009958433290123,0.034001771489456864,35.85568833275278,31.30554722284555,16.406023704333574,1,44.64704935812523,55.99224234981181,11318840.285714285,11509414.4,0.9834418930744456,0,480299317.0,412.50928640134936,28319250.182725176,0.16077637945805495,0.4087699248649346,0.34135244483985955,1.1975010902784158,0.3490076861423949,0.9007383548076516,1.4571672399924733,,,0.03876329153246068,0.004140769511304836,1.0,1.0,1.0,0.0,1.0,1443.2781982421875,-0.03140484344478811,0.018482658030899657,0.32981405634610306,0.1279,0.16223321647540323
2021-08-11,414.3040463968589,428.9731047283761,414.0627791838508,421.3973083496094,19239106.0,0,1,0.02271930734135208,-0.01243917745860379,-0.020524906862473546,0.10965695521576269,0.17363256925324833,0.022465067444384392,0.2222222222222222,0.8666666666666667,405.93690795898436,0.03808572240538207,384.17460693359374,0.09689006182142003,370.2356332397461,0.13818679380526705,,,416.6080446406122,403.89866506040295,0,0,1,59.89390032651801,0,0,12.709379580209259,12.891971703784463,-0.18259212357520482,0,453.16898387335164,358.7048320446171,405.93690795898436,0.23270648708365083,0.6636642058529784,14.219030824903406,0.03374257628885158,35.7688534603064,30.920575108758253,15.010166248258214,1,55.429580200152785,52.575820737392156,12969631.857142856,11813691.233333332,1.097847539856801,0,499538423.0,413.5394377797141,28756349.344912026,0.23306331004819403,0.4108269693078688,0.34415949891904624,1.1937109700537545,0.3522229387173916,0.9212025063246706,1.450664403920853,,,0.035383058337323386,0.005504161901720702,1.0,0.0,0.0,0.0,1.0,1433.8492431640625,-0.0065330128935702225,-0.0007994561860495963,0.3290727015336031,0.1157,0.1477374596746972
2021-08-12,424.5554826056351,431.7463913350709,421.591671533365,424.8955993652344,8349354.0,0,1,0.008301645374352296,0.012824768393185249,-0.01899528985974419,0.12386708046046402,0.16045055521345897,0.008267376245863135,0.23333333333333334,0.8555555555555555,407.8103424072266,0.04189510461445578,384.9674090576172,0.1037183651607277,371.45427276611326,0.14387053943722036,,,417.88305305978486,405.4539935274275,0,0,1,61.360845967665085,0,0,12.429059532357371,12.799389269499045,-0.37032973714167383,0,454.92329640791843,360.69738840653474,407.8103424072266,0.23105325736759433,0.6813222851379357,13.942605979228984,0.03281419247471216,35.83589460631746,30.70197005871635,14.214345272506327,1,59.755252434888725,53.277293997722246,12893925.285714285,11817593.3,1.0910787804581399,0,507887777.0,415.02190012137277,28825662.720924955,0.23595260861402237,0.40872714819265316,0.3300153750368707,1.2385094123174973,0.3523082954332842,0.9288500028501424,1.4566580665542312,,,0.023899329192574252,0.007494528781863001,0.0,0.0,0.0,0.0,1.0,1439.68603515625,0.004070715258256419,6.910824836192653e-05,0.3281802009699792,0.1263,0.16090661708925663
2021-08-13,425.04135765277096,436.8966613203886,423.195047646912,429.5599670410156,13343808.0,0,1,0.010977679417601749,0.042529848314273755,0.00543955717810185,0.11263123638884753,0.18364071019009387,0.010917862067220868,0.4666666666666667,0.8777777777777778,409.72156982421876,0.04841921606740903,385.9335998535156,0.11304112211027696,372.5926495361328,0.15289436755074345,,,419.67950136458956,407.23962119510065,0,0,1,63.288913983138215,0,0,12.439880169488902,12.727487449497017,-0.28760728000811575,0,457.1209076399129,362.3222320085246,409.72156982421876,0.23137340724350777,0.7092687169379429,13.925392243103817,0.032417807318097173,36.167129107216475,31.18598035816115,13.21535075256104,1,58.98948987304839,58.058107502696636,13568521.142857144,12093376.033333333,1.1219795949003672,0,521231585.0,416.5794264415167,28972146.767358985,0.2341890953624636,0.4069288027794287,0.3299021647716504,1.2334832754465073,0.3554234015273775,0.9390466204084696,1.4726487918299271,,,0.03189685893650411,0.0003430449450508155,0.0,0.0,0.0,0.0,1.0,1433.7991943359375,-0.004088975426974617,0.0052113906378625785,0.2996281238685166,0.0915,0.12721381616951136
2021-08-16,430.0944525263023,434.3701256847543,423.8752888726164,429.2684631347656,8288547.0,0,1,-0.0006786105052060121,0.0186787020922925,0.0038502551826185005,0.06578654960059538,0.1418458617118461,-0.000678840865537423,0.4444444444444444,0.7888888888888889,412.0307876586914,0.041835891861443084,386.8949249267578,0.10952208333058243,373.72811126708984,0.14861165160782652,,,421.15472625230893,408.8713872647055,0,0,1,63.077076609602635,0,0,12.283338987603429,12.6386577571183,-0.35531876951487185,0,458.45602730760453,365.60554800977826,412.0307876586914,0.22534840133048412,0.6856498276199828,13.680352569463397,0.031868990490383525,36.47470400090842,29.47710744809551,12.491199879678277,1,56.066293781372856,58.27034536310333,13068216.57142857,11941788.533333333,1.0943265772083486,0,512943038.0,417.5804101976222,28966522.072291892,0.23434503944045162,0.39739411078630754,0.32987712905709476,1.2046731215413453,0.3527004860111197,0.9384093735069823,1.4564702620471612,,,0.024448189684139792,0.0012442627951771675,0.0,0.0,0.0,1.0,1.0,1426.91455078125,-0.004801679050932983,-0.0015709351710792019,0.29408501230604506,0.1428,0.19755299487055733
2021-08-17,427.665054623234,431.30909900541,416.8786773209313,424.2639465332031,8413999.0,0,1,-0.011658244272166218,-0.0014866071406126613,-0.005721100464695428,0.056018274778118826,0.14083402455984984,-0.01172673443904796,0.3333333333333333,0.7777777777777778,414.7629165649414,0.02290713462753389,387.8960955810547,0.09375668217972312,374.82173126220704,0.1319086145419053,,,421.63306783398497,410.0115768401498,0,0,1,59.4011069607126,0,0,11.621490993835152,12.435224404461671,-0.8137334106265186,0,456.9142465205053,372.6115866093775,414.7629165649414,0.20325505618805265,0.6127014257708802,13.733928934821638,0.03237119026267959,35.90035197233778,27.264822547511965,15.192579985341347,1,39.895791740779956,51.65052513173374,11690234.285714285,12017130.733333332,0.9727974626495245,0,504529039.0,419.2258624273352,28868429.61664413,0.2457455736895217,0.39769815723283225,0.3310594415514376,1.2012892771434243,0.35625460112282364,0.9274691678033473,1.4394903759570694,,,0.03401283988987128,-0.003735211526657665,0.0,0.0,0.0,1.0,1.0,1438.4388427734375,0.008076371486910539,-0.06182283113689768,0.2920382390279192,0.1507,0.21010199781530714
2021-08-18,426.4017841539436,427.2277735093759,412.4086591309688,414.8866271972656,12169397.0,0,1,-0.022102560004361838,-0.034159002164065644,-0.011033645139506776,-0.061550657366438055,0.09209616676394705,-0.022350481526380982,0.28888888888888886,0.5666666666666667,417.0261795043945,-0.005130498784684449,388.798505859375,0.06709933537482905,375.81627044677737,0.10396132318603633,,,420.59515388987427,410.3726916814176,0,0,1,53.150670275036404,0,0,10.222462208456648,11.992671965260666,-1.770209756804018,0,453.44276965816,380.60958935062905,417.0261795043945,0.174648940251396,0.4706239340628153,13.81144218079203,0.033289677891269125,34.85618376128792,25.175248045496815,16.339978722801252,1,18.279339869585524,38.08047513057945,11460314.857142856,12070181.766666668,0.9494732621833388,0,492359642.0,420.6679695856547,28599454.789234728,0.26211179744335683,0.40167021410364806,0.3296725139463186,1.2183915768272178,0.3553516868458141,0.9069697248697782,1.4076739535467768,,,0.03571846718347246,0.005038933046772952,0.0,1.0,1.0,1.0,1.0,1456.7481689453125,0.012728609397513857,-0.022365041972086774,0.29343921386058347,0.1176,0.1648413136024389
2021-08-19,426.4017841539436,427.2277735093759,412.4086591309688,414.8866271972656,12169397.0,0,1,0.0,-0.03350312723295712,0.0069180689696035635,-0.03348993468470274,0.12217070905231964,0.0,0.4777777777777778,0.7111111111111111,418.78278198242185,-0.009303521903915729,389.65748779296877,0.06474696417922168,376.58498321533204,0.10170783671432969,,,419.7169190140884,410.7070572751841,0,0,1,53.150670275036404,0,0,9.009861738904249,11.396109919989383,-2.3862481810851346,0,450.7465460566159,386.8190179082278,418.78278198242185,0.15265080346849458,0.43905356740663426,13.883418766335964,0.03346316284071222,33.88659899388448,23.255821268593266,15.094175994744752,1,20.410057222311423,26.19506294422564,11710515.42857143,12064717.1,0.9706415269837889,0,492359642.0,421.6312022558786,28599454.789234728,0.23572081015521404,0.39156843888606707,0.32894777933824165,1.1903665672217094,0.3567657015985104,0.9069697248697782,1.4076739535467768,,,0.03571846718347246,0.02775494846500047,0.0,0.0,1.0,1.0,1.0,1456.7481689453125,0.0,0.009332899727530375,0.29344370473098647,0.119,0.16280071966334742
2021-08-20,404.2459929281475,404.2459929281475,389.7669957471194,392.2449340820313,23309477.0,1,0,-0.05457320537947563,-0.07546955783730724,-0.0691802574196606,-0.0882852459418737,0.04202648496136674,-0.0561188189254935,0.011111111111111112,0.34444444444444444,419.49174346923826,-0.06495195629328276,389.91405029296874,0.005977942542237752,377.12727905273437,0.04008634715385575,,,415.49045979377195,409.33949259420984,0,0,1,41.053892048252116,0,0,6.150967199562103,10.347081375903928,-4.196114176341824,0,448.106480002489,390.87700693598754,419.49174346923826,0.13642574367068117,0.023902494165099486,14.686005386608127,0.03744090518588265,32.081301623883775,20.41454656056294,24.26231235863406,1,4.940105043974755,14.543167378623906,12291997.0,12595852.8,0.9758765202464099,0,469050165.0,420.360370871373,27327381.913625564,0.3689011359514967,0.4257241142558337,0.3496128988923081,1.2177013937548404,0.3599449443349505,0.8574734798014934,1.3308526737725301,,,0.036913152785295264,-0.02564708903972184,1.0,1.0,1.0,1.0,1.0,1426.91455078125,-0.020479598876490868,-0.004836416670632504,0.29976111376247894,0.1855,0.26811728414046143
2021-08-23,399.38729000084834,404.0030798487901,388.2122198426737,395.35455322265625,15943020.0,0,1,0.007927748379727095,-0.04707809964027232,-0.06952542268432638,-0.08720005698756061,0.05488505845400393,0.00789648888545713,0.011111111111111112,0.4,419.9556823730469,-0.05858029830999512,390.2009576416016,0.013207542114205256,377.6968103027344,0.04675110416147996,,,412.3926280136003,408.30357115927995,0,0,1,42.97353478576011,0,0,4.089056854320347,9.095476471587212,-5.0064196172668645,0,446.51638613489854,393.39497861119526,419.9556823730469,0.12649288901993117,0.036888604854579815,14.764923573715862,0.03734603143776249,30.52181037940269,18.855043317155623,23.161028599872292,1,13.811110211283397,13.053757492523197,13376806.42857143,12937977.7,1.0339178764059418,0,484993185.0,419.94621411618164,27453774.16459852,0.3681254793130413,0.42577107720721225,0.3483793089984179,1.2221480042293378,0.3654582013629255,0.8642713137916486,1.3414033389006856,,,0.039941009601129604,0.018208918199370115,1.0,1.0,1.0,1.0,1.0,1393.5889892578125,-0.02335498051035456,-0.03201881852902366,0.3067256618453404,0.1691,0.23896252037051172
2021-08-24,403.2742688707002,411.7770395999018,400.8934812043995,408.958984375,15050015.0,0,1,0.034410710693603574,-0.014287379813394674,-0.04795833933949567,-0.04277965429039787,0.08033516525641304,0.03383190292074658,0.1,0.5111111111111111,420.26505584716796,-0.02690224018120479,390.83619384765626,0.046369273912251346,378.40431640625,0.08074608730400126,,,411.86437514612334,408.35212028637034,0,0,1,50.559426584307886,0,0,3.512254859753,7.978832149220369,-4.466577289467369,0,446.1176936703406,394.4124180239953,420.26505584716796,0.12303015662845934,0.2813362112311433,14.883320916825127,0.03639318730109541,28.381354843074945,21.09988257478984,21.33558310003087,1,40.11796092948596,19.623058728248044,13620550.285714285,13257380.2,1.0273938048268607,0,500043200.0,421.2589799092848,27971655.876697917,0.441867781392168,0.4352665737522171,0.3549602606972999,1.226240292074273,0.36776561945839503,0.8940115039313137,1.3875619811190312,,,0.026612836033264593,0.020031932308577024,1.0,1.0,1.0,1.0,1.0,1434.5975341796875,0.02942657070196497,0.0005568003154861056,0.31857928524475104,0.2179,0.30288181033242745
2021-08-25,411.7284537552256,422.66058727256666,411.7284537552256,418.5306701660156,17974391.0,0,1,0.023405001862579766,0.06701357697710142,-0.02501416686969371,-0.021260222612704105,0.1073141980065877,0.023135304872102885,0.2111111111111111,0.6333333333333333,421.10368194580076,-0.0061101621526935485,391.8674584960938,0.06804140300970572,379.19065032958986,0.10374733607548524,,,412.8899589953375,409.10608694412184,0,0,1,55.086332235452595,0,0,3.783872051215667,7.139840129619429,-3.3559680784037624,0,445.47424779714515,396.73311609445636,421.10368194580076,0.11574615419525623,0.44721066807640014,14.798912486878095,0.03535920672434332,27.155093449689893,24.957562540656593,19.924612204684617,1,58.62670314781891,37.51859142952943,15004242.285714285,13745141.333333334,1.091603347091638,0,518017591.0,421.93226672973805,28392346.531531654,0.47785966209960545,0.4390982937264801,0.3573312549799579,1.2288269990575227,0.3702769001749989,0.9149358448459939,1.420037871871567,,,0.02612026858869076,0.006771997892302295,1.0,1.0,1.0,1.0,1.0,1472.0638427734375,0.026116250517029815,0.03164120231829437,0.32486092866330596,0.2381,0.32730821379781877
2021-08-26,419.3080657360569,420.0854500560619,408.91037993795146,412.1171569824219,7695674.0,0,1,-0.015323878608584973,0.04239891414713326,-0.028630265781564912,-0.03418756961939318,0.0637287857895954,-0.01544250265029936,0.2,0.43333333333333335,419.6046371459961,-0.01784413111947818,392.98276794433593,0.04869014775934459,379.78739044189456,0.08512596087750733,,,412.77106637796584,409.3291291691811,0,0,1,51.672297337085176,0,0,3.4419372087847364,6.400259545452491,-2.958322336667755,0,442.158397897711,397.0508763942812,419.6046371459961,0.1075000548378954,0.3340081672852519,14.540066603394692,0.03528139112154186,25.76535608418931,23.58744447322801,20.21518094276578,1,49.1018001114187,49.28215472957453,14901624.42857143,13656732.133333333,1.0911559429506248,0,510321917.0,418.78478913958224,28274418.95734441,0.48101721234484784,0.4375798959298963,0.3589943535601093,1.2189046752141433,0.3689161567373219,0.9009154790249306,1.3982773839034137,,,0.027116245778107964,0.0018574399093211362,1.0,1.0,1.0,1.0,1.0,1472.4130859375,0.00023724729452268,0.023618830466616947,0.32481947929848365,0.2375,0.32552480981785503
2021-08-27,414.9352048179723,426.5961473421308,414.9352048179723,425.5272216796875,15558923.0,0,1,0.032539447751838146,0.040513200437467534,0.0256469931419665,0.014330368181235897,0.08737211441784898,0.03202125117826709,0.6666666666666666,0.5,419.41786804199216,0.014566269353797932,394.32574584960935,0.07912614420560302,380.55828186035154,0.11816571064885567,,,414.7335518089999,410.528987873663,0,0,1,57.590703091639874,0,0,4.204563935336864,5.9611204234293655,-1.7565564880925013,0,441.6950483591659,397.1406877248184,419.41786804199216,0.10622904751851614,0.6371213401048237,14.535704014559993,0.034159281178729475,24.95552846195495,25.108562734652164,18.776873243438015,0,76.64666719878997,61.45839015267586,15385842.42857143,13865792.5,1.1096258961448782,0,525880840.0,418.2724721178242,28780697.719377782,0.5046552192461448,0.44562750434832643,0.3636674776242118,1.2253707899852577,0.370944775684098,0.9302307711834847,1.4437765577795159,,,0.02740351716660838,0.006837977472679279,1.0,1.0,1.0,1.0,1.0,1502.6954345703125,0.020566476162177993,0.03154098052394727,0.32764386638381876,0.2679,0.37054557589771
2021-08-30,428.49107443102827,439.7147200644721,428.1995330665281,435.3904418945313,11735730.0,0,1,0.023178823145345806,0.04028324070450573,0.049420283405559706,0.0566802453042603,0.13654008237140447,0.022914274376903007,0.8333333333333334,0.7333333333333333,419.6760055541992,0.03744420965783009,395.93836853027346,0.09964195566775776,381.66762481689454,0.1407581193280681,,,417.91153489908163,412.370577060394,0,0,1,61.340733073176125,0,0,5.540957838687632,5.8770879064810195,-0.3361300677933876,0,442.5911063129582,396.76090479544024,419.6760055541992,0.10920376888594642,0.842883858678332,14.510832183861751,0.033328320485677645,25.03839998944351,29.812583481181065,17.465553064351113,1,91.60375098040282,72.45073943020384,15323890.0,14066704.6,1.0893731286572976,0,537616570.0,418.6158100181843,29052718.129529312,0.5163486448035888,0.4432693022285617,0.3661944804928635,1.2104751050096731,0.37187072182075,0.9517924257131053,1.4772415992736834,,,0.02644795542097231,0.006965130784445525,1.0,1.0,1.0,1.0,1.0,1513.1722412109375,0.006972009363707787,0.03873289389920842,0.32534536121450847,0.2554,0.35385702613519043
2021-08-31,435.3418520149618,457.8377475886907,432.232255495588,455.0682678222656,20847646.0,0,1,0.04519581514492921,0.10422063268206938,0.16016353120597837,0.07990311946824624,0.23117413309204693,0.04420425077659683,0.9777777777777777,0.9666666666666667,420.77327423095704,0.08150468599506275,397.94551330566406,0.14354416020950403,382.85311248779294,0.18862366003822217,,,423.62795534880223,415.53336896868075,0,0,1,67.51278078385468,0,0,8.094586380121484,6.3205876012091124,1.7739987789123717,1,448.08028969392757,393.4662587679865,420.77327423095704,0.12979443864574944,1.1279520667100007,15.303307891664678,0.033628598111001745,26.006642041153537,34.708522549878595,15.378170183021373,1,96.02232132943003,88.09091316954095,14972199.857142856,14454474.366666667,1.035817662914821,0,558464216.0,420.4870607933274,29994944.484352235,0.31297326998900865,0.4410926520852752,0.37351228062581876,1.1809321271745756,0.37902649085339957,0.9939509579954663,1.5440067375188564,,,0.05626736448937233,-0.00011160070340107238,0.0,0.0,0.0,1.0,0.0,1584.0638427734375,0.04684965771363081,0.11013223735517075,0.34584258200435974,0.2996,0.3892517607060138
2021-09-01,460.6072373091744,460.6072373091744,442.1926534069469,445.156494140625,10038500.0,0,1,-0.021780850000975738,0.046129299045674976,0.12596779400165703,0.04768440719475331,0.20435811397408776,-0.022021554295834318,0.9222222222222223,0.9,421.66929931640624,0.055700509527953024,399.7438055419922,0.11360448359433634,383.939482421875,0.15944442945173415,,,426.9400382398519,417.7276745369729,0,0,1,62.13194708556463,0,0,9.212363702878974,6.898942821543086,2.3134208813358885,0,450.97230674836413,392.36629188444834,421.66929931640624,0.13898572876641854,0.9007642368920058,15.52554189241917,0.034876593056091976,27.024335497328046,33.042171563878185,14.0753281259949,1,78.65772575343472,88.76126602108918,14128697.0,14481939.266666668,0.9756080825805056,0,548425716.0,421.2181825442335,29776297.42161744,0.4045572091872648,0.44865288917419804,0.3758299320145415,1.1937657194287519,0.3795296675674601,0.9664557090791468,1.5103769583684623,,,0.041366539957542164,0.012171733075161666,1.0,0.0,1.0,1.0,0.0,1561.7137451171875,-0.014109341462600788,0.12064156444642515,0.350097411590741,0.3192,0.4163628075718629
2021-09-02,447.0513572748048,451.86150776800736,442.824289474771,444.0389709472656,5360608.0,0,1,-0.0025104052351673234,0.019863846838487298,0.08577874044233891,0.03370659516059482,0.16927878449971612,-0.0025135615859760096,0.8777777777777778,0.8222222222222222,422.49014739990236,0.05100432206521143,401.5014123535156,0.10594622406034372,384.96787109375,0.15344423337377747,,,429.5706432717617,419.67665945625384,0,0,1,61.53644154880427,0,0,9.893983815507852,7.497951020336039,2.396032795171813,0,453.37245806855606,391.60783673124865,422.49014739990236,0.14619186202902132,0.8488861921403416,15.062090206763257,0.03392064929488372,27.969336563775805,31.62608411136753,13.472102169412151,1,77.1140791980948,83.93137542698652,12744496.0,14414579.9,0.8841392595839717,0,543065108.0,421.54484335905454,29762840.12323056,0.3995978234256597,0.4448809146055396,0.3759584980368988,1.183324534299731,0.38016020687874996,0.9640295136075171,1.506585300145098,,,0.020352308883964252,0.004256622466752555,1.0,1.0,1.0,1.0,1.0,1567.0518798828125,0.0034181262618167008,0.09232857477261969,0.3361823983884353,0.2951,0.3977560051694097
2021-09-03,444.3305262684708,451.37567950072105,437.2853730362206,448.2660827636719,8516918.0,0,1,0.009519686543252304,-0.014947614543957766,0.07104715309361032,0.044255800880816265,0.18568301120954778,0.009474659861689648,0.8555555555555555,0.8555555555555555,423.56819305419924,0.05830912262647711,403.2113464355469,0.11173975317514276,385.8797775268555,0.1616729066152594,,,432.4468647320556,421.7943945160626,0,0,1,62.98174377352849,0,0,10.652470215992992,8.128854859467431,2.5236153565255606,0,456.506876329378,390.6295097790205,423.56819305419924,0.15552954076966746,0.8749070584142623,14.992677082315913,0.03344593235759068,28.255541804493618,29.503041856640706,15.206594632290095,1,82.95303326473655,79.57494607208868,11393428.42857143,14524577.033333333,0.784424111106572,0,551582026.0,421.7346444030935,29843918.512905143,0.391586141024479,0.4440811376237901,0.3745539432544828,1.185626651705195,0.383304826728696,0.9732067723955046,1.520927519953151,,,0.031432907833736125,0.0006565984976120616,0.0,1.0,1.0,1.0,1.0,1562.0631103515625,-0.0031835382065481532,0.061138155128219296,0.334108828953138,0.2875,0.3891509199749747
2021-09-06,453.7564225143291,461.5789593314007,448.6547603322452,455.9914245605469,12183840.0,0,1,0.0172338307400961,0.024339598686162534,0.10646066739705384,0.0747824044126284,0.1810930752843407,0.01708701270338701,0.9,0.8333333333333334,425.3919937133789,0.07193231489867978,404.95225830078124,0.12603749013261686,386.95193267822265,0.17841878034948427,,,436.06910470566964,424.32750785269104,0,0,1,65.53090739503133,0,0,11.741596852978603,8.851403258169666,2.8901935948089363,0,461.2920332695494,389.4919541572084,425.3919937133789,0.16878568514084102,0.9261754475129618,14.872691331273979,0.03261616453775913,29.030589102984216,32.516991644975036,14.234326001309501,1,92.38410373720863,84.15040540001333,12034595.0,14694578.4,0.8189819859003236,0,563765866.0,423.37665757731446,30053892.749229554,0.3499211561068349,0.44306192030599645,0.37569229956137,1.1793212712192453,0.38271556868940476,0.9878947368421052,1.5471389273999774,,,0.028343074678676194,0.012247948175797484,0.0,1.0,1.0,0.0,1.0,1578.4764404296875,0.010507469236906264,0.0720336945556661,0.33457272806248917,0.2941,0.3965787924942739
2021-09-07,456.7202428520674,459.0524253951437,447.8773556232314,449.23779296875,5684070.0,0,1,-0.01481087412620874,0.011708030964925786,0.055720457073156426,0.0827965123955452,0.11536634632308784,-0.014921650277594097,0.8111111111111111,0.6,427.25207672119143,0.05145841868407259,406.7134735107422,0.10455596440152029,387.97633575439454,0.15789998401638744,,,438.09505674614354,426.1727141575843,0,0,1,61.54110495939453,0,0,11.922342588559218,9.465591124247577,2.4567514643116404,0,464.0814298213713,390.4227236210116,427.25207672119143,0.17240104896769542,0.7984808908773803,14.60857550560529,0.032518580881331804,29.665549294130635,30.74024829962257,13.8366676176714,1,83.17879948236359,86.17197882810292,10623901.714285715,13942704.966666667,0.7619684802686899,0,558081796.0,424.37118992544816,29969706.703934994,0.3640025947221513,0.4327068572635755,0.37654564236429866,1.1491484924553774,0.37900710334760046,0.9732631522447927,1.5242244474904987,,,0.02487562254738813,0.0015983157846068748,1.0,1.0,1.0,0.0,1.0,1554.629638671875,-0.015107480319009992,0.03456069866640199,0.3382287684745189,0.3402,0.4433483673761806
2021-09-08,451.71575727880463,452.68750246832326,442.33842213101167,443.4073181152344,6689343.0,0,1,-0.012978593842217556,-0.010839019134532779,0.018413073529632173,0.0687433362473937,0.10366726875152255,-0.013063551680715933,0.5222222222222223,0.5777777777777777,428.35257720947266,0.03514567603126539,408.4005426025391,0.0857167703294762,388.94243408203124,0.1400332780910093,,,438.9123277260037,427.44935148778063,0,0,1,58.24418053060826,0,0,11.462976238223064,9.865068147042674,1.5979080911803898,0,465.75620051204925,390.94895390689607,428.35257720947266,0.1746394222546512,0.7012470928815693,14.304325850727167,0.03226001300909902,29.6501765484935,29.15165144257197,15.887478623735667,1,75.23177213162315,83.59822511706513,9902989.285714285,13739845.433333334,0.7207496862875398,0,551392453.0,425.2123812103631,29882888.438066714,0.365043066966682,0.43508362418316077,0.37270992153034876,1.167351870850943,0.37785973969215947,0.9606315650902111,1.5044421574621412,,,0.02333989520358352,0.005515930201863056,1.0,1.0,1.0,1.0,1.0,1552.484375,-0.001379919447378919,0.02597994644522572,0.3385431451556412,0.3426,0.44838920235501184
2021-09-09,445.3022765040778,453.4649309606514,443.11584961453246,450.4525146484375,6926659.0,0,1,0.015888769186646945,-0.012146960696568843,-0.010142990624059212,0.14839600338658054,0.018897304825560735,0.015763864016009866,0.36666666666666664,0.28888888888888886,429.6304229736328,0.04846512388644926,410.0866510009766,0.09843252285567516,390.0127621459961,0.1549686532560609,,,440.6877410986858,429.15328949968114,0,0,1,60.96542188451594,0,0,11.534451599004683,10.198944837435077,1.3355067615696061,0,468.26282324189947,390.9980227053661,429.6304229736328,0.17984015191883942,0.7694900074835415,14.021808386112292,0.031128271971255006,29.68224803820472,28.010826701399097,15.049901675567382,1,84.83448390851169,81.08168517416614,7914276.857142857,11923580.633333333,0.6637500177604249,0,558319112.0,425.87492516236426,29992944.524152324,0.25099514775274767,0.33855668457533616,0.36733246994753666,0.9216628321032706,0.30706305114091514,0.975894818301337,1.5283458916567183,,,0.022974855305660808,0.0042736290345820075,1.0,1.0,0.0,1.0,1.0,1541.558837890625,-0.0070374538290441935,-0.026832886235439335,0.3398531643101045,0.4614,0.45891349395503644
2021-09-10,445.3022765040778,453.4649309606514,443.11584961453246,450.4525146484375,6926659.0,0,1,0.0,0.0027039614625032904,0.011896985840982754,0.13936341690429743,0.0493635147880962,0.0,0.5,0.37777777777777777,430.67505035400393,0.045922010755387384,411.8374182128906,0.09376296258633215,391.1443716430664,0.15162724381342235,,,442.1900139524938,430.7310098810705,0,0,1,60.96542188451594,0,0,11.459004071423294,10.450956684232722,1.0080473871905724,0,470.4134734287352,390.93662727927267,430.67505035400393,0.18454016800865194,0.7488456104214362,13.75947074039848,0.03054588506656971,29.71202870722228,26.505960242641144,14.241353877939003,1,81.6653917438402,80.57721592799169,7469728.142857143,11721565.433333334,0.6372636987219318,0,558319112.0,426.33613218441565,29992944.524152324,0.20594921308607372,0.3263533801913288,0.36739990648830634,0.8882783431021805,0.3022213517716107,0.975894818301337,1.5283458916567183,,,0.022974855305660808,-0.011433476286350183,1.0,1.0,0.0,1.0,1.0,1541.558837890625,0.0,-0.012905634780751796,0.338433999254191,0.5071,0.48848114875624044
2021-09-13,462.5507129285117,466.9235663070375,455.3111993619393,464.8343200683594,16632808.0,0,1,0.03192746172400973,0.04832351898070497,0.0468322613142067,0.1366282141441446,0.08043793807231414,0.031428375561859206,0.7777777777777778,0.5111111111111111,432.4533432006836,0.07487738822416527,413.6152532958984,0.12383263519495757,392.43089752197267,0.18449980112061068,,,445.67375335493466,433.25718100605485,0,0,1,66.18306069200258,0,0,12.41657234887981,10.84407981716214,1.5724925317176712,0,475.009946958272,389.8967394430952,432.4533432006836,0.19681477517374465,0.8804459708782779,13.95315509169859,0.030017480399568204,30.517933670695722,31.160731809387002,13.040549810582561,1,96.39867007927108,87.63284857720767,9080042.42857143,12019873.533333333,0.7554191317729585,0,574951920.0,428.73627073225583,30523987.864935126,0.2681520208453003,0.337616030619142,0.3705197321701418,0.9111958184837227,0.30311594209655146,0.9955255069792209,1.5771420966136356,,,0.024981733154708655,0.026857877105018323,1.0,0.0,0.0,1.0,1.0,1529.03662109375,-0.008123087156380993,-0.024259093956675692,0.3386589048835182,0.4652,0.4636316446644577
2021-09-14,469.450130236156,469.7902470003932,459.8298583145575,464.4456481933594,15253798.0,0,1,-0.0008361514161493444,0.031064614115525746,0.03609366412452286,0.10970516929889751,0.07231839812532903,-0.0008365011857318548,0.7222222222222222,0.4666666666666667,434.4624282836914,0.06901222742807533,415.46638061523436,0.11788984587777027,393.5407894897461,0.18017156187430158,,,448.56173717623074,435.56743783474406,0,0,1,65.92658895223687,0,0,12.99429934148668,11.27412372202705,1.7201756194596314,0,479.1326100009672,389.7922465664156,434.4624282836914,0.20563426804817958,0.835606648070476,13.667957491279813,0.0294285403350136,31.411764591331,31.03685014133167,12.361751842659237,1,91.22107346004532,89.7617117610522,10042453.857142856,12232356.8,0.8209745694421582,0,559698122.0,431.11597162219573,30511233.38013577,0.27053615623302635,0.3375224246746877,0.3705599744099418,0.910844257295027,0.30255450757186186,0.9886234360096681,1.5758233670160833,,,0.021445757376736086,0.009930011551465908,0.0,0.0,1.0,1.0,1.0,1509.8294677734375,-0.012561604513156244,-0.033438881074637994,0.3413786479046121,0.4651,0.4597634382097108
2021-09-15,464.6886075281524,473.8230072835405,460.9473822467883,473.0455932617188,12415050.0,0,1,0.018516580146271666,0.05015640467878035,0.0374001961058974,0.1478425133411656,0.10722317791942104,0.018347235537270492,0.7555555555555555,0.6333333333333333,437.37037658691406,0.08156751939443567,417.32930541992187,0.13350677059626698,394.7719058227539,0.19827572905886692,,,452.3284842663058,438.34359749600145,0,0,1,68.80695502481362,0,0,13.984886770304342,11.81627633168251,2.1686104386218332,0,484.19500967783205,390.5457434959961,437.37037658691406,0.21411890515457904,0.8809449676363214,13.611362315956411,0.028773890952252763,32.4439813207394,31.05604200413077,11.52649755904359,1,98.67983862655386,95.43319405529009,10075483.857142856,12358803.9,0.8152474898596664,0,572113172.0,433.672345049511,30741117.64848074,0.2729827502791388,0.3370849168359447,0.37158579833304817,0.907152314076921,0.301111224158616,0.9983592733787271,1.6050022266878041,,,0.02721857093725968,0.0005231168291447742,0.0,0.0,0.0,1.0,1.0,1513.421630859375,0.002379184644763166,-0.04121367155318678,0.33978457690110636,0.4543,0.4504886639602552
2021-09-16,469.3529585002602,474.2116847787308,466.8750199603649,469.64447021484375,8011765.0,0,1,-0.007189841941923181,0.010348095953364611,0.04542511241371283,0.10367667751316079,0.0982701077723187,-0.00721581341757568,0.8,0.6111111111111112,440.10826873779297,0.0671112168870606,419.3278363037109,0.11999354575327904,395.8768472290039,0.1863398263934524,,,454.9924821045424,440.6621806603601,0,0,1,66.41576226933753,0,0,14.330301444182282,12.319081354182464,2.011220089999819,0,487.7931373932341,392.42340008235186,440.10826873779297,0.21669608159009948,0.8097020324253377,13.163169637557088,0.028027945546841973,33.4223130578138,30.03056156756927,11.067608686047897,1,90.07389484314035,93.32493564324652,10408011.714285715,12232840.1,0.8508254525689185,0,564101407.0,435.65624950715556,30683514.324454907,0.2521969979499563,0.3384251422893798,0.3723741522651191,0.9088309170514912,0.2980470423978337,0.9903688274446082,1.593462514361484,,,0.01562174215531515,-0.007806086377419513,0.0,0.0,0.0,1.0,0.0,1499.8519287109375,-0.0089662403865155,-0.03523521525534168,0.3413220924008168,0.4592,0.4551692658756243
2021-09-17,470.32470445913407,471.7337469441219,456.81745131585353,459.68408203125,12113274.0,0,1,-0.021208358269474092,-0.010252149375564845,0.036708379070517605,0.055797366683128846,0.07728735130728004,-0.02143648675277165,0.7444444444444445,0.4777777777777778,443.48022613525393,0.03653794451492448,420.99301574707033,0.09190429493354112,396.95697692871096,0.158019908323224,,,455.7142667086512,442.07121039153714,0,0,1,59.85544947224554,0,0,13.643056317114088,12.58387634676879,1.0591799703452978,0,486.1926883785082,400.76776389199966,443.48022613525393,0.1926239761149021,0.6896853405888022,13.288392922607892,0.02890766385446544,33.02471472087777,27.6227420042125,15.58642417889485,1,65.39352012268907,84.7157511974611,11182859.0,12034620.066666666,0.9292240999758802,0,551988133.0,441.12370424005763,30426611.669646602,0.2824509831255893,0.34557829718442123,0.37501475753971686,0.9215058614001929,0.29633836411104086,0.969364730533244,1.4973987287860857,,,0.03244901490248759,0.0014484025415632765,0.0,1.0,1.0,1.0,1.0,1476.9530029296875,-0.015267457635588566,-0.048651937041435556,0.2701925531757704,0.6384,0.8160949838750877
2021-09-20,448.9462885810624,450.88977900782027,429.90007646777343,431.8435668945313,18031539.0,1,0,-0.06056445333868676,-0.08709948248982402,-0.04131167470211561,-0.051035641397007114,0.029386657041070574,-0.062476066354973846,0.13333333333333333,0.32222222222222224,445.30467681884767,-0.03022898843209862,422.13419738769534,0.02300067032455728,397.7051400756836,0.08583853558531118,,,452.0418513526328,441.31360716953674,0,0,1,46.137404296020556,0,0,10.72824418309608,12.212749914034248,-1.4845057309381673,0,482.0640439336785,408.54530970401686,445.30467681884767,0.16509760183715616,0.3169023165950348,14.466650968384227,0.03349974869931871,31.096564802931596,23.560611683489114,26.58468170441316,1,4.385962281304266,53.2844590823779,12769270.42857143,12176376.933333334,1.0486921108375862,0,533956594.0,443.93629951820697,29334541.36725639,0.4799966263992805,0.3901223305087324,0.39789081281893784,0.9804758439754664,0.30088993834333755,0.9106556855426947,1.406709593347112,,,0.048604874887885334,-0.023359071740616938,1.0,1.0,1.0,1.0,1.0,1415.6895751953125,-0.04147960538544737,-0.0816506380434654,0.2841890752316795,0.6992,0.953557423623507
2021-09-21,432.4266089462653,439.6661224637817,426.40177691455295,438.257080078125,18750888.0,0,1,0.0148514732538787,-0.06683223614314093,-0.02707374068014834,-0.015498850748699833,0.06363749481542924,0.014742270016635044,0.23333333333333334,0.4444444444444444,446.7695816040039,-0.01905344919704943,423.3283740234375,0.035265073098693284,398.5888540649414,0.099521664012011,,,449.92111731040086,441.0871977553581,0,0,1,49.03516528082003,0,0,8.833919555042769,11.536983842235953,-2.7030642871931843,0,479.55013721969726,413.9890259883106,446.7695816040039,0.146744796268375,0.3701592854972286,14.380772009873121,0.032813553194188126,29.54621948167473,22.008359956041435,26.570781948347875,1,24.79674965543027,31.52541068647454,14458446.0,12454140.1,1.1609349087055798,0,552707482.0,445.5413312782188,29613019.678874865,0.4956656022125611,0.38783038397898256,0.3954885592301354,0.9806361648841111,0.29819526444733174,0.9241802641000245,1.4151452045905484,,,0.0302661295212029,0.001350123277108733,1.0,1.0,1.0,1.0,1.0,1438.2392578125,0.015928409032804014,-0.06702279377120712,0.2739064726584728,0.6984,0.9820548608047358
2021-09-22,440.1033972864267,451.2784671407016,439.4231934363091,449.91802978515625,13613171.0,0,1,0.026607555786554604,-0.021245139059285156,-0.03208947713028054,0.013239961405524525,0.0676813089937558,0.026259731127262126,0.17777777777777778,0.4777777777777778,448.3389495849609,0.0035220678499093844,424.76735046386716,0.05921048144077762,399.54526672363284,0.12607523416455957,,,449.9206423065171,441.74133346126905,0,0,1,53.892211014830785,0,0,8.179308845248045,10.865448842838372,-2.6861399975903275,0,478.3122753239128,418.36562384600904,448.3389495849609,0.13370832833818683,0.5263414246044649,14.283673085066226,0.031747278702938246,27.65075570533083,26.382260387088362,24.840592550363642,1,49.18698638242543,26.123232773053328,14027069.285714285,12266608.933333334,1.143516465059636,0,566320653.0,447.7716825014324,29975232.885689273,0.4809351559664127,0.389716923338265,0.397805041474178,0.9796681356627854,0.29542501158380546,0.9487704420338987,1.4527987595677667,,,0.026349852461021884,0.004212863390529948,1.0,1.0,1.0,1.0,1.0,1434.547607421875,-0.002566784608730388,-0.06179643598351825,0.2733216565727803,0.7021,0.9944283697320855
2021-09-23,460.1213402587764,471.10204887167737,454.7767417974813,469.5958557128906,12757667.0,0,1,0.043736468923307736,0.0874212138665007,0.011088934818455076,0.047582839231813834,0.10520291670338655,0.042807033193083086,0.5,0.6666666666666666,451.2128845214844,0.04074123727850003,426.41072937011717,0.1012758905165576,400.5165420532227,0.17247555695337133,,,452.94759821518994,443.80463140583356,0,0,1,60.69887658419809,0,0,9.14296680935638,10.520952436141974,-1.377985626785593,0,477.33828645223747,425.0874825907313,451.2128845214844,0.11580077975148831,0.8518217870892739,14.776554942313004,0.03146653609172254,27.085545135923315,33.263217953551454,22.29687385562946,1,90.34545500703918,54.77639701496497,13670479.142857144,12413552.7,1.1012543687720555,0,579078320.0,449.8048065103496,30533208.191968683,0.5602542205384827,0.4068816711107985,0.4045441104880566,1.0057782589392334,0.29887801428658106,0.9902663109872674,1.4814830729953732,,,0.03476458932844014,0.02267815423732276,0.0,1.0,1.0,0.0,1.0,1471.0660400390625,0.02545641038906843,-0.025674043699478122,0.2828432793878453,0.7241,1.0367606572594334
2021-09-24,467.4094798593546,471.92808948202594,460.2185707156578,465.2230529785156,9226843.0,0,1,-0.009311842685955307,0.06153003368612686,-0.0165365461482595,0.02024517988877883,0.0830223686419429,-0.009355468931424174,0.3,0.5555555555555556,453.19767608642576,0.026534506963792556,427.88848205566404,0.08725304019282933,401.2978814697266,0.15929606025994306,,,454.83612971724006,445.39118115195816,0,0,1,58.62763873343649,0,0,9.44494856528189,10.305751661969959,-0.860803096688068,0,477.0383426576123,429.3570095152392,453.19767608642576,0.10521089506487266,0.7522030341765601,14.557480929745514,0.03129140062287023,26.604737545377716,31.757403003722512,21.0158159578093,1,81.19922793879716,73.57722310942059,13215021.0,12276320.533333333,1.0764643171476223,0,569851477.0,452.28462153417684,30447289.281464674,0.5499855843268299,0.4078396679000679,0.40461220953811905,1.0079766707130098,0.29692530606396456,0.9810451068821526,1.4676877356777347,,,0.025169687296018203,-0.004655867011894568,1.0,1.0,1.0,0.0,1.0,1458.444091796875,-0.008580137056153014,-0.03632665077694297,0.28382558154939347,0.7314,1.0464091978999785
2021-09-27,461.4818126224717,476.1065964068793,458.9552690450855,467.7981567382813,6825039.0,0,1,0.005535202400824613,0.03974085448778997,-0.003931300363693935,0.041315232289066195,0.08975663695895486,0.005519939464407246,0.3888888888888889,0.5777777777777777,454.8180618286133,0.0285390928792077,429.58276306152345,0.08895932742833253,401.86708251953127,0.16406189281637842,,,456.83028772047714,447.05095712131543,0,0,1,59.50399566382762,0,0,9.77933059916171,10.20046744940831,-0.4211368502465991,0,477.95771116309584,431.6784124941307,454.8180618286133,0.1017534318731702,0.7804730253696017,14.74275567489182,0.031515206852642516,26.38673437518409,31.142907870418664,19.269441829504988,1,83.2844385042366,84.94304048335766,13045488.714285715,12227536.933333334,1.0668942392414758,0,576676516.0,453.6696996221482,30485067.253723197,0.5505926031003999,0.40779459040035154,0.3993955857970772,1.0210292875083042,0.3007166990590893,0.9825492027808461,1.4617923869103322,,,0.03666394814674191,-0.008041820653751449,1.0,1.0,0.0,1.0,1.0,1527.83935546875,0.047581709893573354,0.018660126524534082,0.3139712082340743,0.6674,0.8629309314774244
2021-09-28,467.31228356131066,473.14275504593166,461.6275679327429,464.6399841308594,6148679.0,0,1,-0.006751143761322798,-0.010553482365187716,0.010781104443970069,0.04788524038321573,0.09516726068189807,-0.006774035822270247,0.5,0.6444444444444445,455.296647644043,0.02052142605302275,431.4831353759766,0.07684390428374745,402.5296780395508,0.1542999422894873,,,458.03177947592053,448.3538480109113,0,0,1,57.884576079780636,0,0,9.677931465009237,10.095960252528496,-0.4180287875192583,0,478.85031617404564,431.74297911404034,455.296647644043,0.10346515245338343,0.6983414276828012,14.5122150633416,0.031233246296027844,26.184302860004298,29.377811512373228,18.177301630640173,1,76.93058260116969,80.47141634806782,12193403.714285715,12152026.266666668,1.0034049833921563,0,570527837.0,454.5607369921338,30443556.63785197,0.5340249770169516,0.4065052087740707,0.3988523462450728,1.019187206997889,0.2979283747893381,0.9759158718602995,1.4519236163570934,,,0.024783030962625147,-0.0010386385024652278,1.0,1.0,0.0,1.0,1.0,1483.9873046875,-0.028702003665690312,0.004762711977875478,0.32612198725121666,0.6709,0.8324309902069993
2021-09-29,461.579010946371,482.8602267831517,460.0242125573839,480.18792724609375,9508220.0,0,1,0.03346234427998662,0.03216709527132822,0.11194877973803319,0.0660123134640811,0.15739552872544005,0.032914664333178106,0.9333333333333333,0.8333333333333334,457.04821929931643,0.050628592279064,433.69446655273435,0.10720326008057587,403.4828628540039,0.1901073662695925,,,461.4404175944087,450.71192795425816,0,0,1,63.195135204175486,0,0,10.728489640150542,10.222466130052904,0.5060235100976378,1,482.5560125467653,431.54042605186754,457.04821929931643,0.11161970300006391,0.9535811413065219,15.106772146372041,0.03146012485780364,26.52997382856718,30.800423500031552,16.21461933821517,1,95.26678549751641,85.16060220097425,10975786.714285715,12063320.366666667,0.9098479009654736,0,580036057.0,455.69910730038464,30761723.96898182,0.31603204174848143,0.408074317449492,0.4017379450462032,1.015772402088033,0.3034745721883942,0.9944656871930393,1.5005083842758777,,,0.04755641058435947,-0.006587838518060674,1.0,0.0,0.0,1.0,1.0,1482.3409423828125,-0.0011094180519517494,0.04708049586245244,0.32434806906857994,0.6881,0.8619788503815188
2021-09-30,481.25684506539625,489.7596161796258,471.8795091390512,474.1631164550781,14333358.0,0,1,-0.01254677689538819,0.01360620948397151,0.0819291644314164,0.052637294799310785,0.14287394524680197,-0.012626152336795048,0.8888888888888888,0.8222222222222222,458.554426574707,0.034038903510242684,435.58263732910154,0.08857212344951058,404.37579956054685,0.1725803496904915,,,463.3977558806655,452.449053028393,0,0,1,60.03601547673637,0,0,10.948702852272504,10.367713474496824,0.5809893777756798,0,484.3833441000517,432.7255090493623,458.554426574707,0.11265366128195776,0.8021553238740075,15.30486749595794,0.03227764236573199,27.193511777872885,31.45018910382015,14.861552462753925,1,75.38347281810549,82.52694697226387,10344711.0,12135452.4,0.8524371946776372,0,565702699.0,457.41733971183294,30581886.523994092,0.3574909278543592,0.41101453184055414,0.3980228356861556,1.0326405798602034,0.3041571655390979,0.9681547861250621,1.4816818403487089,,,0.037708768185617754,0.0022260405950495377,1.0,0.0,0.0,1.0,1.0,1464.8299560546875,-0.011813062587326728,0.018488369092796608,0.32639580936882573,0.6927,0.8686964413007081
2021-10-01,469.45011341833725,472.2681685754828,460.0727781420877,470.664794921875,8072310.0,0,1,-0.007377886241673903,0.012966621463465833,0.046112322163718744,0.012543124725941546,0.19992574543599728,-0.007405237456846446,0.7777777777777778,0.9222222222222223,459.6743621826172,0.023909170585614665,437.434619140625,0.07596604001423876,405.3881640625,0.16102253752359458,,,464.5157618870054,453.798367242725,0,0,1,58.21620027579566,0,0,10.717394644280375,10.437649708453534,0.2797449358268409,0,485.56728966783584,433.78143469739854,459.6743621826172,0.11265769690645498,0.7122284694446361,15.218115411460259,0.032333234980930096,26.707762470480393,29.370225321470553,19.42035234124076,1,69.8619437164468,80.17073401068957,9553159.42857143,11627546.833333334,0.821597157638175,0,557630389.0,458.24893186191684,30522329.939106565,0.35517958293868956,0.3709270548436499,0.39765453700371084,0.932787181654081,0.3009230102272339,0.9610118502486993,1.470750160284262,,,0.025910989232622247,-0.009939623882971038,0.0,0.0,1.0,1.0,1.0,1455.4508056640625,-0.0064028936272483294,0.014571282356919513,0.3210821933689165,0.6911,0.7983794474430088
2021-10-04,472.268167734792,495.05560456272025,467.40944172929,491.41156005859375,10303925.0,0,1,0.04407970462324995,0.023373417313650835,0.04645633916974168,0.058060425305153984,0.24296421035990945,0.04313583197085229,0.7777777777777778,1.0,461.4453689575195,0.06493984579100393,439.5413348388672,0.11800989146729919,406.51004119873045,0.20885466594995503,,,468.65357699032666,456.58452967353014,0,0,1,64.99327482782958,0,0,12.069047316796514,10.763929230122132,1.3051180866743817,0,490.8806286763315,432.0101092387075,461.4453689575195,0.12757852477883164,1.0090186291429748,16.105833084458116,0.032774632087486356,27.342716356156213,35.875275649422164,17.039235333627673,1,94.69214663048174,79.97918772167802,9202624.857142856,11439577.0,0.8044549948956029,0,567934314.0,459.6529472868639,30976523.909566686,0.3565961998500426,0.38617799242227724,0.4053681087631817,0.9526600244911831,0.3094236743585978,0.9926391207966522,1.53558039292419,,,0.0562586741551905,0.003406613008272936,0.0,0.0,1.0,1.0,0.0,1523.249755859375,0.0465827837886823,0.03547340119341391,0.33875109903502365,0.7397,0.8443777096027574
2021-10-05,481.9856534723681,491.8974670792877,480.2365238501175,481.305419921875,8162109.0,0,1,-0.02056553194538957,0.015062967191952659,0.03456915309848596,0.017460952554707143,0.17690389088147773,-0.02077994730213018,0.6555555555555556,0.8555555555555555,463.04875030517576,0.03942710050435736,441.1120129394531,0.09111836858530267,407.4425537109375,0.18128412346281325,,,470.600014364411,458.41570672896313,0,0,1,59.89693325802746,0,0,12.184307635447851,11.048004911187277,1.1363027242605739,0,493.16971353418603,432.9277870761655,463.04875030517576,0.13009845382007326,0.8030558730458489,15.78834095193755,0.03280316468179456,27.932316392855192,33.982651420513356,16.140319045160847,1,79.97171445223519,81.50860159972125,9050520.0,11209980.133333333,0.8073627153974975,0,559772205.0,460.7667598720365,30808665.796185434,0.38348783635115286,0.3859491012779567,0.40848590980661104,0.9448284310728761,0.3087281510046262,0.9722249692476652,1.483422131416175,,,0.024227741360284244,-0.019181287849845782,0.0,1.0,1.0,1.0,0.0,1524.247314453125,0.0006548883989068166,0.04511878311027839,0.3295233754950112,0.7142,0.8374387968572701
2021-10-06,483.9291279096946,484.4150005280779,460.6072422272997,462.45355224609375,11231113.0,0,1,-0.03916820151088529,-0.017446052401570045,-0.0114250225555671,-0.015311407723933024,0.10494543222520725,-0.03995591291772946,0.3,0.6333333333333333,464.0010620117188,-0.0033351427234145836,442.3259210205078,0.045504073510204184,408.17496673583986,0.1329787221992513,,,469.34671250005454,458.7148063968987,0,0,1,51.74578427466896,0,0,10.631906103155814,10.964785149580985,-0.3328790464251714,0,492.67701736508866,435.3251066583489,464.0010620117188,0.12360297292873718,0.47301729364278766,16.361156476854738,0.035379026493342146,26.927880297040794,30.45054539425144,23.032354326540325,1,52.512403993403844,75.72542169204027,9679959.142857144,10985204.2,0.8811815389701307,0,548541092.0,461.6194477403137,30368763.29900991,0.46794531566553743,0.4037064640309806,0.4181845278385389,0.9653787674011023,0.31769043253495766,0.9341446657382584,1.4253191544471595,,,0.05148140431648998,0.005451232999299055,1.0,1.0,1.0,1.0,1.0,1476.254638671875,-0.031486147507807094,-0.033763181064967784,0.33547512463105156,0.7338,0.8829926223212395
2021-10-07,471.29645126902,471.8795043562914,459.635508144838,464.0083618164063,9774465.0,0,1,0.003362088068652458,-0.05576425234872373,-0.001359380027602608,0.00940706879831077,0.12591372126785227,0.0033564488866445114,0.3888888888888889,0.7,464.67885437011716,-0.001442915999738628,442.7641271972656,0.047980930057767976,409.09760498046876,0.1342240975440546,359.7067804718018,0.289962789157879,468.52542777949327,459.1069216131586,1,1,1,52.32207167748243,0,0,9.41850616633468,10.655529352931724,-1.2370231865970442,0,492.63831126302483,436.7193974772095,464.67885437011716,0.12033883887747529,0.4880095569045024,16.067073600754643,0.03462668978174985,25.92629853837162,28.793045751955514,22.21064432569486,1,54.77711322167957,62.42041055577288,10197928.57142857,11054497.233333332,0.9225140100155894,0,558315557.0,462.1546778089473,30401625.911163874,0.467225672700393,0.39976917083874863,0.4158106683676619,0.9614211496980417,0.31751968508351464,0.9372853423733324,1.3924222155366712,,,0.02638744733720548,0.01912170201737474,1.0,1.0,1.0,1.0,1.0,1517.3626708984375,0.02784616633858339,0.022490331356281867,0.3448365404240314,0.7194,0.8337766744976719
2021-10-08,467.360878304276,476.8839696568997,459.2953751353334,460.2671203613281,7086881.0,0,1,-0.008062875074993703,-0.043710913465220824,-0.0414854388343594,0.06581909664927044,0.0816396623099962,-0.008095555838046574,0.1111111111111111,0.5444444444444444,465.1695846557617,-0.010539090379396859,443.38421752929685,0.03807736532912503,409.9384378051758,0.1227713186048466,360.8579951477051,0.27547990220622176,467.25491894592943,459.1928622611712,1,1,1,50.75143614841095,0,0,8.06205668475826,10.136834819297032,-2.0747781345387715,0,492.4130548424743,437.9261144690491,465.1695846557617,0.11713349748296004,0.4100249663344166,16.1757536665269,0.0351442737291951,25.275384625446392,28.76662756708379,20.485602084074003,1,49.327684423257644,52.205733879447024,9852023.0,10772095.833333334,0.9145873887896312,0,551228676.0,462.656851173633,30344485.274989527,0.405943598440399,0.3921286263848311,0.4161614456446214,0.9422512116119642,0.32057779524272084,0.9297281277481535,1.3811952891611532,,,0.038213884380354016,0.007225120846413095,1.0,1.0,1.0,0.0,0.0,1544.452392578125,0.017853162068134587,0.04190092064479467,0.3436018154805085,0.6875,0.784183079121737
2021-10-11,464.9800924917368,476.1551626352164,462.7936657245343,473.7257995605469,5565678.0,0,1,0.029241018104124272,0.024374874535409763,-0.0009222920960211267,0.08093130971460649,0.08804822976638027,0.028821654988190983,0.4111111111111111,0.5777777777777777,465.6141586303711,0.01742137944008534,444.2541796875,0.06633954438825529,410.91868286132814,0.15284560989507046,361.9995391082764,0.30863647154769563,468.25043904048596,460.269376135199,1,1,1,55.882133262983615,0,0,7.981062905286933,9.705680436495014,-1.7246175312080805,0,493.1234878149958,438.10482944574636,465.6141586303711,0.11816362829491651,0.6474343644611564,16.155202852767,0.034102434082655876,24.670964563444397,26.745848259600077,19.04654285836865,0,61.65939140457788,55.25472968317171,8599497.285714285,10566427.433333334,0.8138509765927052,0,556794354.0,462.8908887022014,30507231.366149254,0.4513866680362803,0.39514800883685325,0.41648741532177874,0.9487633822778567,0.3210778466823468,0.9569143247635509,1.4215828456168456,,,0.028205128205128206,0.01023964546220204,1.0,1.0,1.0,0.0,0.0,1536.320556640625,-0.005265190417378718,0.04880470957768179,0.34362691234283127,0.6638,0.7631444491075303
2021-10-12,478.8760448836189,485.386749887376,473.6772315470123,484.5607604980469,8685800.0,0,1,0.022871798300939217,0.044293164461920886,0.0295241235930519,0.07699787165549488,0.06480894134174187,0.02261415976244248,0.6222222222222222,0.43333333333333335,466.61991424560546,0.03844852245846981,445.28293701171873,0.08820868760415684,411.98894134521487,0.17614992022813164,363.214559173584,0.3340895849565057,470.75971926472613,462.06873793985443,1,1,1,59.53683738521497,0,0,8.6909813248717,9.502740614170351,-0.8117592892986512,0,495.39125444976855,437.84857404144236,466.61991424560546,0.12331809820280965,0.8117832906832309,15.83765395902391,0.03268455733548352,24.630127060772974,29.496876762711164,18.04068571609954,0,73.94453729778458,61.643871041873375,8687138.714285715,10161032.566666666,0.8549464493189334,0,565480154.0,463.5160934144843,30705891.23183155,0.4667450744484433,0.3801664626424349,0.41008689596699244,0.9270387968530314,0.3079980438418092,0.9788006761908222,1.4540970017298693,,,0.02416522198026996,0.010871785593796326,1.0,1.0,0.0,0.0,0.0,1550.9876708984375,0.009546910112225637,0.06564073815657778,0.3160208546857447,0.6216,0.746178832883443
2021-10-13,485.8240471510297,497.5335654923881,481.0138963256487,493.6951599121094,8901206.0,0,1,0.018850885500249603,0.0726274766803654,0.004647021029060339,0.051319243783856994,0.10903730802622191,0.018675409381817665,0.4444444444444444,0.6888888888888889,467.652392578125,0.05568830128380823,446.61212036132815,0.10542266410658324,413.2489807128906,0.19466758045099608,364.4330297088623,0.35469378367408627,474.2882485950928,464.41143586372516,1,1,1,62.367196987827974,0,0,9.876812731367636,9.577555037609809,0.29925769375782707,1,498.7801832697528,436.5246018864972,467.652392578125,0.13312362423732352,0.9183202012629329,15.886369331003587,0.03217849924603631,25.190759111131516,32.76743846147312,16.70069528889969,1,90.05034972054315,75.2180928076352,8486750.285714285,10123122.766666668,0.8383529945581006,0,574381360.0,464.34144194373323,30873686.846951686,0.39912488556499387,0.37600928961634705,0.4109941291144436,0.9148775200914006,0.305407780061914,0.9922851324081421,1.4815080178157352,,,0.033461274300684504,0.0026070758426339625,1.0,1.0,0.0,0.0,0.0,1566.2037353515625,0.009810564415583478,0.028198907846175292,0.31467941155925633,0.6172,0.7358212694923908
2021-10-14,496.9505153099063,508.5628532633552,493.9867041571992,501.5177001953125,8876529.0,0,1,0.015844879428422498,0.05866663935244154,0.04199470738708566,0.07801558195456182,0.12944523568602073,0.01572065977192877,0.7333333333333333,0.7222222222222222,469.2460540771484,0.06877339902544674,448.0900341796875,0.1192342206704827,414.540439453125,0.20981610589531557,365.6237819671631,0.3716769119803977,478.4773949951266,467.16004803643534,1,1,1,64.6478051223909,0,0,11.317346958691246,9.925513421826096,1.3918335368651498,0,503.87052815820135,434.6215799960955,469.2460540771484,0.14757491844720064,0.9660236288733067,15.813606761020889,0.031531502786167655,26.18128525499114,35.54873470053353,15.579143902081185,1,85.79823392115904,83.2643736464956,8588810.285714285,10240320.133333333,0.8387247833939091,0,583257889.0,465.69390942964844,31014334.378699582,0.37619167623964184,0.37720831668176863,0.40902933503579325,0.9222035789896584,0.307570186459805,0.9861469373493655,1.5049823337302666,,,0.029064077101325442,0.006593857226342755,1.0,0.0,0.0,0.0,0.0,1642.6829833984375,0.048830970275848484,0.07770108421532984,0.34470262820489167,0.6006,0.655645979380275
2021-10-15,496.9505153099063,508.5628532633552,493.9867041571992,501.5177001953125,8876529.0,0,1,0.0,0.03499445493654241,0.08447150586148133,0.07208139444614403,0.11879466120508408,0.0,0.8888888888888888,0.6888888888888889,471.3377349853516,0.06403044562281623,449.5862847900391,0.11550934083660017,415.81356231689455,0.20611193487984936,366.83721305847166,0.3671396530737834,482.0220573336167,469.7050593074633,1,1,1,64.6478051223909,0,0,12.316998026153442,10.403810342691566,1.9131876834618762,0,508.49198735637145,434.1834826143317,471.3377349853516,0.1576544783632678,0.9061441596050138,15.725216928530537,0.031355258094393205,27.101059531432217,33.19508260200943,14.547661767843874,1,85.70019547228333,87.1829263713285,8252441.142857143,10252307.166666666,0.8049350266921684,0,583257889.0,467.4145651575174,31014334.378699582,0.21252163863122375,0.3770254339073688,0.4087080161055289,0.922481133352717,0.30678056955423144,0.9861469373493655,1.5049823337302666,,,0.029064077101325442,-0.009106727207489512,0.0,0.0,0.0,0.0,0.0,1642.6829833984375,0.0,0.11273688181348662,0.3444261981295089,0.6037,0.659234967919846
2021-10-18,520.3209536903782,536.2575386026228,511.6238227146814,527.4632568359375,23481789.0,0,1,0.05173407963571508,0.06839867931830601,0.13675377480511508,0.13520849442734328,0.15673942189651968,0.05044030635059961,0.9555555555555556,0.7888888888888889,476.11871948242185,0.10783977872017123,451.74524169921875,0.16761220295737692,417.28341094970705,0.26404080055679435,368.19726066589357,0.4325561680768824,489.0130111032045,473.9834443095725,1,1,1,71.33096346622362,1,0,15.029566793632,11.328961632879654,3.700605160752346,0,516.3554174831929,435.8820214816508,476.11871948242185,0.16901960101258567,1.1380311991870171,17.08340417701481,0.03238785632101089,28.917309301167453,39.95300605495368,12.434569127163307,1,88.57323992662563,86.69055644002266,10210630.285714285,10628905.466666667,0.9606473891160162,1,606739678.0,476.4234639500366,32229143.12081464,0.30402376190560343,0.39903431158678343,0.4180718127706186,0.9544635619950766,0.31364059068704314,0.9836006375041338,1.5819249370807187,,,0.04670224052327406,0.03749270162896136,0.0,0.0,0.0,0.0,0.0,1611.901611328125,-0.01873847381472893,0.06230477541253232,0.348484414095933,0.4956,0.5677676240637867
2021-10-19,532.2248639026137,532.2248639026137,511.1865563611725,518.6690063476562,11017925.0,0,1,-0.01667272625023175,0.03419880523790941,0.12688693891599367,0.08013753973835569,0.15455336675945253,-0.016813280623739484,0.9333333333333333,0.7777777777777778,480.1393157958984,0.08024689769028692,453.8778991699219,0.1427500816766538,418.66097442626955,0.23887593549515118,369.5150259399414,0.40364794375630453,493.57547191004323,477.29348594202315,1,1,1,66.72644838032784,0,0,16.28198596802008,12.31956649990774,3.9624194681123406,0,520.5163041435853,439.7623274482116,480.1393157958984,0.16818863617013466,0.9771243736652425,17.365897274473838,0.03348165605028215,30.563033165574016,36.495722525944,11.5384134909262,1,77.14652049452573,83.80665196447823,10772208.0,10806700.633333333,0.9968082179285193,0,595721753.0,482.6902669461135,32045444.273444057,0.3383837923519352,0.399885673795151,0.4131765629065804,0.9678324224928642,0.3185253644408062,0.967201333335474,1.53511140783869,,,0.04056210663056189,0.009027372058557005,0.0,0.0,0.0,0.0,0.0,1565.9542236328125,-0.028505082054886777,0.013921977238026129,0.3559258526676535,0.5038,0.5663403148794393
2021-10-20,515.9966839687855,515.9966839687855,496.0759080340207,498.4566955566406,9440844.0,0,1,-0.038969575092496656,-0.006103482763379575,0.0522050857669889,0.05123464533299282,0.12415080940793088,-0.0397492108798021,0.7888888888888889,0.6777777777777778,482.56624908447264,0.032929046534678756,455.4190869140625,0.09450110871330102,419.7968469238281,0.18737598724052656,370.73993278503417,0.3444915194653724,494.3264293941352,478.86113109866153,1,1,1,57.533981774368996,0,0,15.465298295473644,12.948712859020922,2.516585436452722,0,521.087141057944,444.0453571110013,482.56624908447264,0.15965017050634353,0.7062575093420922,17.739268777271104,0.03558838497988509,30.76371585031649,33.175600785186504,16.573152835237295,1,50.8838611819321,72.20120720102783,11325803.142857144,10898417.333333334,1.0392154013240646,0,586280909.0,486.140679101204,31677538.59424951,0.4648222479516761,0.4173376304121164,0.4227032775435867,0.9873063507748244,0.32331763202137864,0.9295099083464944,1.4441452982413432,,,0.039964907909439844,-0.005152269262604634,0.0,0.0,0.0,0.0,0.0,1586.1590576171875,0.012902569998184399,0.032440170614875585,0.3576791006824668,0.4478,0.5221697543313313
2021-10-21,501.6149179267016,506.084922423872,477.7099784636969,479.7992248535156,14173662.0,0,1,-0.03743047464191385,-0.09036464884462525,-0.009826498620394308,0.019407506212902215,0.06514939810688425,-0.038148981290686175,0.28888888888888886,0.4,483.07641754150393,-0.006784004701920149,456.5171594238281,0.050999321600686154,420.74228424072265,0.14036369251397668,371.87758392333984,0.29020743813486516,492.0914748494245,478.930619524947,1,1,1,50.60388364638863,0,0,13.160855324477495,12.991141352112237,0.16971397236525831,0,521.1415990189904,445.0112360640174,483.07641754150393,0.1575948653060304,0.45695288238772014,18.49895986176424,0.0385556268195557,29.635444026173705,29.540817995238147,21.848857462876506,1,26.641467436004167,51.55728303748733,12109783.42857143,11139984.1,1.0870557192780401,0,572107247.0,487.6035407714463,31147011.698175453,0.5202478698408946,0.4329791044483978,0.38552038318174225,1.1231030143593796,0.3361641700918642,0.8947179112927233,1.3900902542762814,,,0.059139203421677146,0.006336001498653946,0.0,0.0,0.0,0.0,0.0,1591.4974365234375,0.003365601249517569,0.026118689648599203,0.35692811627422005,0.4334,0.5251417068957958
2021-10-22,475.18342468389056,478.0986604181476,451.3756661874584,457.1575622558594,19392383.0,1,0,-0.04718986906360434,-0.11859479425027886,-0.07400841779116218,-0.06970531543590486,0.014885137477043342,-0.04833962819279323,0.011111111111111112,0.26666666666666666,482.6731430053711,-0.05286306296355878,457.069111328125,0.00019351762248238832,421.5013555908203,0.0845933380571448,372.94087074279787,0.22581781220525526,486.71702675810684,477.3178004679776,1,1,1,43.72134449291955,0,0,9.399226290129263,12.272758339715644,-2.8735320495863803,0,521.6936302569372,443.652655753805,482.6731430053711,0.1616849324103865,0.1730489219033567,19.207859776356596,0.042015841718935514,27.891978654917388,26.41837904462347,29.332434383889183,1,6.811697131421902,28.11234191645272,13608523.0,11555508.233333332,1.1776654669973308,0,552714864.0,486.2161386024265,30231887.683574185,0.5650347257665279,0.45701947669643783,0.3938190734253482,1.1604808084113016,0.348445614357767,0.8524962902099581,1.3244920771903912,,,0.058454669542867536,-0.009620274336696315,1.0,0.0,0.0,1.0,0.0,1539.563232421875,-0.03263228888072278,-0.01700960247276362,0.37024731708758984,0.4804,0.5914054338838791
2021-10-25,460.16992966793737,464.4942076895141,446.3711655590501,459.87841796875,9196105.0,0,1,0.005951680421657057,-0.07739544464300796,-0.08302654564404477,-0.0445185137466414,-0.010661652734420657,0.005934039134000388,0.011111111111111112,0.15555555555555556,482.2771560668945,-0.046443705276883754,457.6813104248047,0.004800518382334727,422.2881176757812,0.08901576606005608,374.0669804382324,0.22940126238885486,482.5880100212827,476.02599435692366,1,1,1,44.694792475217696,0,0,6.5620156643590235,11.130609804644319,-4.568594140285295,0,522.0860169698351,442.46829516395394,482.2771560668945,0.16508706830567305,0.2186714516555034,19.13037280164998,0.04159876187742722,26.507958815452454,24.630715441348496,29.2161537685767,1,15.027030185267584,16.16006491756455,13654176.714285715,11307618.133333333,1.2075201473274946,0,561910969.0,485.5445037678375,30286619.961658187,0.5484147455321551,0.44790579470453357,0.393939453533469,1.1369914607105471,0.3525499290739461,0.8575700756899359,1.3323750307548452,,,0.039408333642861906,0.006589341751700145,0.0,1.0,1.0,0.0,0.0,1528.7872314453125,-0.00699938836523839,-0.06933519924671872,0.3700416038348269,0.5024,0.6062353532623216
2021-10-26,461.627544758172,474.2116569428575,459.1981817615385,472.3167419433594,8120433.0,0,1,0.027046983482174713,-0.01559502917588218,-0.05822517977048669,0.021327957476726223,0.016947287116625187,0.026687678178651725,0.06666666666666667,0.26666666666666666,482.6609939575195,-0.02143171323902458,458.6423663330078,0.02981489852252976,423.26923095703125,0.11587780873046083,375.21474884033205,0.2587904484115785,481.0078149323714,475.75123491888183,1,1,1,49.03473850333012,0,0,5.256580013489554,9.955803846413367,-4.699223832923813,0,521.8977491896294,443.42423872540957,482.6609939575195,0.16258515075101868,0.3681816073606572,18.83630868591205,0.03988067119621798,24.69839340072082,26.913359715518425,27.552816044411685,0,28.864860718912382,16.901196011867288,13546163.0,11069839.3,1.223700058590733,0,570031402.0,485.4487383732793,30506253.178877294,0.5951113403309838,0.4547021536681735,0.3972659387245982,1.1445787552992117,0.35501537097510727,0.8807647593619289,1.3606129892915124,,,0.031786879117487274,0.0038034548286648784,0.0,0.0,0.0,0.0,0.0,1540.411376953125,0.007603507714296631,-0.062258882254766834,0.3685847043772649,0.5056,0.62183080314592
2021-10-27,469.3529532601213,473.9201677730172,462.2106197794484,466.2919616699219,8972879.0,0,1,-0.012755805031700485,0.019980855985381796,-0.11597261870515918,0.00492146271799121,-0.014276914716041755,-0.012837858834387978,0.011111111111111112,0.12222222222222222,481.96619567871096,-0.032521438535157904,459.67047302246095,0.0144048596463523,424.23448944091797,0.09913732446513202,376.3297393798828,0.23905158927455228,478.7438375073791,475.0505480115515,1,1,1,47.10648967502637,0,0,3.693289495827628,8.70330097629622,-5.010011480468592,0,521.8737423375229,442.058649019899,481.96619567871096,0.16560309422785818,0.303618170984108,18.32725435074468,0.03930424681804434,23.018082658470018,25.685121504873727,26.29539512653581,0,22.162198157906648,22.018029687362205,11473461.57142857,10955100.266666668,1.0473168927845538,0,561058523.0,485.18746809940717,30391796.883780256,0.4297038307287929,0.45308165296790054,0.39713192107900075,1.1408844993796654,0.3544470333206366,0.8695298958127154,1.3428839489261113,,,0.025112052010576525,-0.00627500238726134,0.0,0.0,0.0,0.0,0.0,1563.060791015625,0.014703484018210533,-0.030300125000965572,0.37073097186023846,0.4938,0.6019097044303033
2021-10-28,442.9700853034575,463.6682476008852,440.63790259682384,455.5541687011719,12659503.0,0,1,-0.023028046484642295,-0.009403027188529589,-0.12168615605340305,-0.010239600987479558,-0.03000205987143023,-0.023297334091054993,0.011111111111111112,0.044444444444444446,481.03574829101564,-0.05297231999985994,460.48382385253905,-0.0107053818093419,425.0706558227539,0.07171399027631066,377.4064821624756,0.20706503526628162,475.176196152578,473.6063717663382,1,1,0,43.800533374215235,0,0,1.569824386239759,7.276605658284928,-5.706781272045169,0,522.5449122973852,439.52658428464605,481.03574829101564,0.1725824500729516,0.19306079513028018,18.850597545198493,0.04137948643724046,22.504990348895088,23.18831689314493,31.913587997310398,0,15.599584695598944,22.208881190805993,11707972.714285715,11110024.866666667,1.0538205678920725,0,548399020.0,483.72780443938467,30100273.260223787,0.43095846819617456,0.4575348125713543,0.40036013443694063,1.1428081200312892,0.36436185185790443,0.8495063209521541,1.3119599549267609,,,0.05055456976658353,-0.050015608853607986,0.0,1.0,1.0,0.0,0.0,1395.4349365234375,-0.10724205703046896,-0.10889161671264702,0.4859730717598234,0.4657,0.43734022311539067
2021-10-29,456.1858374356439,460.8016275548775,443.747479952732,446.8084716796875,8306338.0,0,1,-0.019197929955112047,-0.05400670354965065,-0.10361627065572088,-0.05682048118516936,-0.028009693732851892,-0.01938460323462783,0.03333333333333333,0.05555555555555555,479.8429321289062,-0.06884432016671711,461.57509460449216,-0.031991810427851784,425.7445724487305,0.04947543807735471,378.4863021850586,0.18051424609079558,470.81193084905635,471.62134213029003,1,1,0,41.26063489645273,0,0,-0.8094112812336789,5.659402270381206,-6.468813551614885,0,523.8998197341095,435.7860445237029,479.8429321289062,0.183630453447495,0.12509312113417187,18.72227969212328,0.04190224867881443,22.028547490004083,21.679583580123257,29.83715038558253,0,6.453244689709382,14.73834251440499,11545900.42857143,10983127.0,1.0512398180018705,0,540092682.0,483.03627462463766,29940808.7651163,0.4054219504228669,0.45677702144494386,0.40250174365303437,1.1348448265076239,0.3659788548800073,0.8331975581060898,1.286773039608165,,,0.038168809866191186,0.0013865941261672371,1.0,1.0,1.0,1.0,0.0,1420.42919921875,0.017911449714440142,-0.10448501844916214,0.48757607931763786,0.4397,0.41087060335731473
2021-11-01,450.6954338990785,467.5066444729226,450.25816633091887,464.6399841308594,7466267.0,0,1,0.03990862658475991,-0.0035427965199020806,-0.03159496709750709,-0.041110997817306316,0.07594513326242947,0.03913285024033313,0.16666666666666666,0.43333333333333335,478.50435333251954,-0.028974384674042074,462.96080322265624,0.0036270476820378927,426.5808804321289,0.08921896279124467,379.6499718475342,0.2238641342964641,469.86240058471833,471.10420450070256,1,1,1,47.89493803941062,0,0,-1.2418039159842351,4.279161033108118,-5.520964949092353,0,522.7078421271866,434.3008645378524,478.50435333251954,0.1847568929595483,0.34317562278780134,18.863414913631264,0.0405979157151457,21.166148837090798,22.519357009245784,27.498630871311207,0,25.101624035234664,15.718151140180998,10587701.142857144,10630951.266666668,0.9959316788568926,0,547558949.0,482.16523486663533,30238777.226801418,0.4828755435650912,0.43210669735113,0.40831725926322776,1.0582621418718086,0.3624048732017368,0.8664493283238793,1.3381263843452236,,,0.037122242448135744,0.008699392392401967,0.0,0.0,0.0,0.0,0.0,1442.080810546875,0.015243006367394951,-0.09388430200865239,0.4740106757100903,0.392,0.3581771370146283
2021-11-02,466.4377483421703,467.4094936512165,453.9508151898641,455.1654968261719,5953912.0,0,1,-0.02039102881429844,-0.0008531847619969168,-0.004357502957749615,-0.07804342884948834,0.03858104641465854,-0.020601795936971753,0.32222222222222224,0.3111111111111111,477.1973571777344,-0.04616928409215106,463.8849334716797,-0.018796550645118412,427.36056365966795,0.06506200040639831,380.76626907348634,0.19539343107707574,467.60133846801887,469.92355948777436,1,1,0,44.98750203894362,0,0,-2.3222210197554887,2.9588846225353973,-5.2811056422908855,0,522.5821366173326,431.81257773813616,477.1973571777344,0.19021387590247885,0.2572769921589648,18.47736230989706,0.04059482196857637,20.365350087957033,21.347727252401178,26.067941079054435,0,15.193107646286157,15.582658790410067,8667919.57142857,10204385.4,0.849430831123702,0,541605037.0,481.40378852745215,30117370.83565162,0.39865109870459897,0.43549139520603936,0.4088901181857109,1.0650572753833258,0.36205028010444,0.8487815351038976,1.3108406106848671,,,0.029568758078541896,0.003869155201254985,1.0,0.0,0.0,0.0,0.0,1469.51953125,0.01902717275096366,-0.04549582615173897,0.47493951984178323,0.3633,0.3339618171753284
2021-11-03,457.692007699388,466.8750120726786,456.5745066052819,464.7857360839844,6928590.0,0,1,0.021135695312789693,0.040234833365434985,0.010670903272455456,-0.07324161060920309,0.03304536674364367,0.020915434673558664,0.45555555555555555,0.28888888888888886,477.31396636962893,-0.026247357438400978,464.8100347900391,-5.2276638273706836e-05,428.33874664306643,0.08508917235845845,381.97361320495605,0.2168006375733439,467.1681688704751,469.5429799763825,1,1,0,48.41190509820835,0,0,-2.3748111059074404,1.89214547684683,-4.26695658275427,0,522.5509867772308,432.076945962027,477.31396636962893,0.18954827888933232,0.3615267962748135,17.993944662512035,0.03871449415405601,19.62175124947568,20.355442893775322,24.856251896009592,0,25.25405292872696,21.849594870082594,8343988.857142857,9981566.033333333,0.8359398544555229,0,548533627.0,481.4444465535251,30263811.402838863,0.41863507180920195,0.43309452059821707,0.40856553392732187,1.0600368475409836,0.3611664110792209,0.8667211230169756,1.3385461384359336,,,0.02216183645002276,0.005550752178786087,0.0,0.0,0.0,0.0,0.0,1482.59033203125,0.008894608409955485,-0.030218004483454575,0.4753189925711681,0.3754,0.34289400868416015
2021-11-04,468.3811947663969,468.3811947663969,456.7202521581048,459.2467956542969,1615558.0,0,1,-0.011917191083262169,-0.011607241435863114,-0.027671994507935227,-0.08428596742358951,-0.022038226983249087,-0.011988770053469888,0.18888888888888888,0.044444444444444446,477.0758880615234,-0.03737160660051491,465.75262756347655,-0.013968427710679975,429.36769775390627,0.06958860216241959,383.16460205078124,0.19856268871473773,465.94949606798616,468.78029965622807,1,1,0,46.61280928256693,0,0,-2.8308035882419063,0.9475556638290829,-3.778359252070989,0,522.6565695475351,431.49520657551176,477.0758880615234,0.19108356815607344,0.3044227090735999,17.541587372924898,0.03819642845397123,18.820985142551056,20.00221951774616,23.6760063431552,0,19.46137198885015,19.969510854621088,7414721.0,9610162.4,0.7715500208404387,0,546918069.0,482.09526861581594,30244558.48944677,0.38383507658919774,0.41600343235219417,0.4092690796079089,1.0164545847214672,0.3586062803244131,0.8563922417780827,1.3225944283304298,,,0.025391451216722247,0.007735733701093715,0.0,0.0,0.0,0.0,0.0,1486.1324462890625,0.002389138915373623,-0.03523664618176492,0.46990605822157705,0.3484,0.3089143383274244
2021-11-05,468.3811947663969,468.3811947663969,456.7202521581048,459.2467956542969,1615558.0,0,1,0.0,0.008966626109807363,-0.015108915861200556,-0.1293293140281404,-0.012846004268182165,0.0,0.26666666666666666,0.08888888888888889,477.0248718261719,-0.03726865667154006,466.42701904296877,-0.015394098316612368,430.3763824462891,0.06708177861411996,384.3688606262207,0.1948074953472654,464.918311388957,468.07411417460355,1,1,0,46.61280928256693,0,0,-3.1558027856465287,0.12688397393396056,-3.282686759580489,0,522.6869782022005,431.3627654501433,477.0248718261719,0.19144539026328972,0.3053300911540073,17.12154131830827,0.03728178722273917,18.077416614692474,19.029156531106686,22.524221891258453,0,20.318277615240234,21.677900844272447,6363675.142857143,9356452.9,0.6801375703881481,0,546918069.0,482.54114287541137,30244558.48944677,0.37913261547975013,0.4152032276015737,0.4087840703594885,1.0157030513357337,0.358624636079147,0.8563922417780827,1.3225944283304298,,,0.025391451216722247,0.019889957205005842,0.0,0.0,0.0,0.0,0.0,1486.1324462890625,0.0,-0.04921647652397254,0.4690788688911939,0.3459,0.30659811797664066
2021-11-08,466.4377228975253,467.8467653809029,446.2254334340905,456.5259094238281,13018619.0,0,1,-0.005924671127192638,-0.017771256772526556,0.0021330958850114268,-0.11981262840713203,-0.02409639104405381,-0.005942291622740129,0.4111111111111111,0.03333333333333333,476.1648773193359,-0.04124404976290824,466.8497283935547,-0.02211379452924001,431.39404846191405,0.05825731961652887,385.48785842895506,0.18428090390287943,463.627172625091,467.218691600472,1,1,0,45.64639866151331,0,0,-3.591518975381007,-0.616796615929033,-2.974722359451974,0,522.7276014540769,429.60215318459495,476.1648773193359,0.1955739549581019,0.28911276927572477,17.442954934629995,0.03820802844825256,18.05364237789565,17.34433505951205,24.82755948578071,0,21.083152537436927,20.287600713842437,6414977.428571428,9562905.566666666,0.6708188618877569,0,533899450.0,481.1714635575263,30167427.453341547,0.3518406612036233,0.41510466087095527,0.4090249048370625,1.0148640240777385,0.3623760762334292,0.8513183993896682,1.3147584913079147,,,0.04736058020036637,0.01565808909561011,0.0,0.0,0.0,0.0,0.0,1564.7568359375,0.05290537182252231,0.12133987402946067,0.47389572182276085,0.3176,0.2786479346274298
2021-11-09,457.400491183838,462.7450899437051,449.2378075354287,451.4728393554688,8628327.0,0,1,-0.01106852856333318,-0.016927622298926193,0.010439299994126294,-0.0942586519952423,-0.028338380735830615,-0.011130240521852679,0.4888888888888889,0.022222222222222223,474.510481262207,-0.04855033306210146,466.77781982421874,-0.03278857696047672,432.3616665649414,0.0442018205322485,386.51307098388673,0.1680661619184676,461.75727519899533,466.0523321749163,1,1,0,43.8290104657782,0,0,-4.295056975920943,-1.3524486879274151,-2.9426082879935276,0,522.1558376553918,426.8651248690223,474.510481262207,0.20081898408839016,0.25823832949611897,17.161835468461884,0.03801299651372704,18.031566300870026,16.36926939184363,23.43180111375228,0,16.555279044450963,19.318903065709375,6460975.857142857,9645560.5,0.6698393377080427,0,525271123.0,479.998897217771,30071924.56948827,0.3355487982399139,0.4158396032910048,0.4089472896206098,1.0168537947195815,0.3635051323913851,0.8418955573695326,1.3002060493929881,,,0.029918261367748417,0.0019157330218424942,1.0,0.0,0.0,0.0,0.0,1631.8072509765625,0.042850373616607484,0.14881280381596818,0.4799481291430792,0.2862,0.24835398712722265
2021-11-10,450.5496722687949,450.88978903210113,435.827737889865,437.04241943359375,14672997.0,0,1,-0.031962985730163096,-0.04834955067910307,-0.0593955872069184,-0.08911395268088584,-0.08985129647040913,-0.032484954554546294,0.08888888888888889,0.011111111111111112,471.67784423828124,-0.07343025589980952,466.61553833007815,-0.06337791279373285,433.17967193603516,0.008917194752686765,387.45696319580077,0.12797668114880426,457.95498969662583,463.9034497496331,1,1,0,39.04771932887782,0,0,-5.948460053007295,-2.2716509609433913,-3.676809092063904,0,521.219335716193,422.1363527603695,471.67784423828124,0.2100649504023957,0.15044022927600165,17.053497325400595,0.03902023365947383,18.781941300136854,15.29659926246643,27.513134277170376,0,2.873562891645089,13.503998157844324,7490508.714285715,9817719.733333332,0.7629580918727776,0,510598126.0,476.7175666644539,29602931.775758542,0.2659830527690924,0.41273518272196585,0.4119391720936079,1.0019323499251416,0.3584996864005546,0.8149860616830426,1.2586475819899685,,,0.03446359088382439,-0.0020447898659681158,1.0,0.0,0.0,1.0,0.0,1652.1617431640625,0.012473588516853873,0.14567902927542553,0.4803983174464474,0.2845,0.244638263243847
2021-11-11,436.36217353859496,443.40732629253154,433.98141557355433,441.1237487792969,7789754.0,0,1,0.009338519933585587,-0.033737757981732064,-0.030849763755791737,-0.03507283877672962,-0.06967932875671357,0.009295185533505728,0.18888888888888888,0.022222222222222223,468.6581466674805,-0.05875156141843331,466.55723388671873,-0.05451310848948743,434.02932312011717,0.016345498521113354,388.3990655517578,0.13574873861408146,455.36556801703676,462.21606449257115,1,1,0,41.00785034833354,0,0,-6.850496475534385,-3.18742006386159,-3.6630764116727947,0,517.9029087661077,419.4133845688533,468.6581466674805,0.21015216506443032,0.22043323274627824,16.50866971065607,0.03742412363047742,19.576126144024204,14.672752254114931,27.18990967123345,0,17.75364244071465,12.394161458936901,7752771.857142857,9599599.6,0.8076140860232189,0,518387880.0,474.1914158164442,29675676.548765272,0.2704711533530875,0.4132459645458615,0.4122959065727442,1.0023043109523322,0.35458464016792696,0.8225968252656641,1.270401487523741,,,0.021367951158968727,-0.0015564756754742216,0.0,0.0,0.0,0.0,0.0,1661.1915283203125,0.005465436537077206,0.13043174520264644,0.4780363223410638,0.279,0.24133839931699164
2021-11-12,447.48865098428064,457.20610268860815,445.9824578322336,455.3111877441406,17010073.0,0,1,0.03216203843956267,0.008501836775278715,-0.020384765719513753,-0.009931386310282897,-0.03262110815040431,0.03165566872578862,0.25555555555555554,0.03333333333333333,466.3478210449219,-0.02366609814119435,466.6981359863281,-0.024398958050522546,434.9547412109375,0.0468012981684707,389.41113998413084,0.16923000138798114,455.3572018212066,461.7045921408356,1,1,0,47.34666525792982,0,0,-6.347390319628971,-3.8194141150150664,-2.5279762046139047,0,513.3878046803965,419.3078374094473,466.3478210449219,0.20173776530176332,0.38268880590704407,16.478218581988585,0.03619111285982373,19.078232631672137,19.631268679652056,25.294430202298336,0,53.01924980957617,24.548818380645304,9192983.714285715,9897525.033333333,0.9288164145405208,0,535397953.0,471.30578315348964,30222755.170451038,0.31656822958845887,0.42449483312902564,0.3993768949598933,1.0628928175017605,0.3542995272535041,0.8490532159801206,1.3112601889991573,,,0.024650492143587787,0.01442883595044948,0.0,0.0,0.0,0.0,0.0,1701.40185546875,0.024205714069042594,0.14758731303590333,0.48011179359051254,0.2947,0.2607640342805135
2021-11-15,460.2185487437976,460.2185487437976,442.28983731474966,443.0186462402344,8882843.0,0,1,-0.02699810994061047,0.013674248862125982,-0.03533644560533511,-0.062030610184549584,-0.09847736144544339,-0.027369254290937946,0.16666666666666666,0.011111111111111112,462.1255905151367,-0.041345782763520196,466.43868041992187,-0.05021031737462914,435.6954693603516,0.01680801705520146,390.2802033996582,0.13512968985150006,453.45896250105704,460.3204480000503,1,1,0,43.03217487357804,0,0,-6.861485498993261,-4.4278283918107055,-2.4336571071825555,0,500.41319900729303,423.8379820229804,462.1255905151367,0.16570217827355843,0.25048135640521113,16.581825213921398,0.03742918126504685,18.84657223416499,18.115136466034667,24.931578159585893,0,22.6277241250456,31.133538791778804,10231167.285714285,9850155.633333333,1.0386807748591904,0,526515110.0,463.78235863203076,29982935.198551856,0.3470149721835074,0.4095628948328265,0.4038503119294385,1.0141452977369152,0.34685359683286476,0.8261303839096604,1.2758586422558125,,,0.04046942850194572,0.010778037376965683,0.0,0.0,0.0,0.0,0.0,1745.6533203125,0.026008826016919118,0.1746283614703874,0.46843921007535455,0.204,0.17822118080117275
2021-11-16,444.087594899154,446.9056502923968,430.5317363218359,433.00970458984375,8937525.0,0,1,-0.022592596802264442,-0.01839403163376896,-0.05713070033961298,-0.07137643325629084,-0.10034317780977942,-0.022851719796074022,0.1111111111111111,0.011111111111111112,457.8426254272461,-0.054238988373415335,466.11411865234373,-0.07102212256134484,436.41379608154296,-0.007800146380026809,391.10356506347654,0.10714844677922022,450.31292282240884,458.2974299696647,1,1,0,39.84812977754155,0,0,-7.98450714725584,-5.139164142899733,-2.845343004356107,0,487.7439393204151,427.9413115340771,457.8426254272461,0.13061830521029327,0.0847520124679961,16.566974410824216,0.038260053378057234,19.307560209221478,16.836276838852775,28.241013305857955,0,6.546905477227285,27.397959803949686,11277162.57142857,9876002.833333334,1.1418751859169243,0,517577585.0,459.2795686197509,29781013.299816698,0.359657197673914,0.4103676365814569,0.4014057815741803,1.022326173210887,0.35040644810526955,0.8074659532398896,1.2470336823746424,,,0.037814196303222795,0.002412875096774071,0.0,1.0,1.0,0.0,0.0,1707.7877197265625,-0.021691363425561994,0.14914907079176087,0.4746709222916113,0.2206,0.19062757746247963
2021-11-17,429.5114101416615,436.5079879608451,427.0820469621272,432.8153381347656,7474301.0,0,1,-0.00044887320773157047,-0.049407636392225895,-0.05193696743080167,-0.049914658077297,-0.0640890614146612,-0.0004489739814674284,0.12222222222222222,0.05555555555555555,454.56055755615233,-0.04783789323538151,465.9022790527344,-0.07101691149749396,437.1514108276367,-0.009918926453106526,391.919440612793,0.10434771354549062,447.62098671661755,456.409867611524,1,1,0,39.78656388396586,0,0,-8.78888089490647,-5.869107493301081,-2.9197734016053882,0,479.7267158941405,429.39439921816415,454.56055755615233,0.11072741758892875,0.06796704667151329,16.056900595673767,0.037098732833433304,19.918709272855857,16.13031533305692,28.591422555302255,0,13.882347402930389,14.352325668401088,10485117.142857144,9750775.766666668,1.0753110720380674,0,510103284.0,456.02796854178234,29777658.286351275,0.3627334513981388,0.39559895075688933,0.39874005025918435,0.9921224379134895,0.3413705464401052,0.8071035034073248,1.2464739223654855,,,0.02177820462495478,-0.008079020888217563,0.0,1.0,0.0,0.0,0.0,1702.64892578125,-0.0030090355411006575,0.08812365389740195,0.463078643460605,0.1708,0.14591371035882295
2021-11-18,435.4390359738615,441.1723268007832,423.9724246647078,427.8594055175781,9688141.0,0,1,-0.011450455149175864,-0.03421806475033984,-0.0523031105738313,-0.04240981844161129,-0.07790582944953739,-0.011516516382349806,0.12222222222222222,0.044444444444444446,451.9635665893555,-0.05333208880900324,465.4504168701172,-0.08076265481792175,437.7685339355469,-0.022635542872132722,392.63333084106443,0.08971748425192407,444.58074345522687,454.295018567528,1,1,0,38.16731854349467,0,0,-9.714275112301152,-6.638141017101096,-3.0761340952000564,0,476.8820344720444,427.0450987066666,451.9635665893555,0.11026759555302515,0.016339423730727297,16.138543562845314,0.037719267952804836,20.05158398160449,16.96679566044045,26.414868961428546,0,8.752732498490218,9.727328459549295,10636519.142857144,9747898.3,1.091160249677322,0,500415143.0,452.3049831848928,29666724.662351884,0.3628978535902506,0.39612925527148873,0.3981478442489789,0.9949300517216216,0.34529851120826327,0.7978618009408166,1.2322012286228223,,,0.04019989256814125,0.006061933595983011,1.0,1.0,0.0,0.0,1.0,1684.988525390625,-0.010372308773237915,0.03259041432879761,0.46006961268508073,0.1721,0.1482538251681
2021-11-19,435.4390359738615,441.1723268007832,423.9724246647078,427.8594055175781,9688141.0,0,1,0.0,-0.011894188554374518,-0.0210117222211903,-0.07915930584855246,-0.07041066678477625,0.0,0.28888888888888886,0.05555555555555555,450.49865875244143,-0.05025376390144605,464.9985546875,-0.07986938624977248,438.4179864501953,-0.02408336623711184,393.3694178771973,0.08767836560987559,442.00822992635784,452.33682500827246,1,1,0,38.16731854349467,0,0,-10.328595081914614,-7.3762318300638,-2.952363251850814,0,477.4900085881332,423.50730891674965,450.49865875244143,0.11982876890438912,0.08062021031407472,16.214354889504605,0.037896455425328865,20.174967639728223,15.681218656469635,24.41340983035102,0,8.752732498490218,10.462604133303605,9924396.857142856,9834606.966666667,1.0091299927674307,0,500415143.0,450.0488790270094,29666724.662351884,0.31934793614134727,0.3958664973753448,0.3927341463260455,1.0079757542821317,0.346039966750324,0.7978618009408166,1.2322012286228223,,,0.04019989256814125,0.01771523626345052,1.0,0.0,0.0,0.0,1.0,1684.988525390625,0.0,0.019868988228535,0.45827682230052397,0.1765,0.15249124456757615
2021-11-22,430.094432212664,435.0503386725018,420.6684918938488,429.6571350097656,10007050.0,0,1,0.004201682770097914,-0.0072968835591881165,-0.025994097577521802,-0.05604194956400199,-0.09302567981659782,0.0041928803490874494,0.2777777777777778,0.03333333333333333,448.9875946044922,-0.043053438061589504,464.2950109863281,-0.07460316212095258,438.95513214111327,-0.021182112818670874,394.1115982055664,0.09019155225586352,440.10806147765135,450.65684797134605,1,1,0,39.20817236176001,0,0,-10.548786493694706,-8.010742762789981,-2.5380437309047252,0,477.127300659335,420.8478885496494,448.9875946044922,0.12534736546398675,0.15652698082466612,16.083461453015207,0.03743324651794657,20.499743172032982,14.679635736387722,24.321404749323303,0,18.83909855186284,12.11485451628109,10241153.42857143,9982652.7,1.0258949936795287,0,510422193.0,448.47540441907773,29708771.111916393,0.3124679933124214,0.38526256324156954,0.38995149745029706,0.9879755963513766,0.3474378374808353,0.8012141631227488,1.23737854729442,,,0.03347284522186777,0.005223740944486622,1.0,0.0,0.0,0.0,1.0,1672.017578125,-0.007697943974198873,0.0065170388965527515,0.4587269938132288,0.1909,0.16035200092833163
2021-11-23,426.8391136643503,440.5893034267438,424.7012621891085,437.479736328125,9020906.0,0,1,0.01820661332246143,0.022484794506058003,-0.03916321824719993,-0.05874965093792228,-0.09716227150033885,0.018042857576438778,0.2,0.03333333333333333,447.2457443237305,-0.021835888031472354,463.7556927490234,-0.05665904878739355,439.6110366821289,-0.004848150242290142,394.83836517333987,0.107997030977638,439.7037037623396,449.68076562740373,1,1,0,43.65299117805073,0,0,-9.977061865064115,-8.404006583244808,-1.5730552818193075,0,473.5586603380545,420.9328283094065,447.2457443237305,0.11766647910361284,0.3144255849429772,16.06950286620236,0.03673199358004018,20.234685696953374,16.104987935523333,22.603779022273443,0,35.234315857525424,20.942048969292824,9099843.857142856,9993822.9,0.9105468396025765,0,519443099.0,446.8409358253275,29873011.259276666,0.25260138328869897,0.3828153548695395,0.38079991129629714,1.005292657675212,0.3507036269305384,0.8158015595792042,1.2599070200385187,,,0.036317204931564505,-0.00655876771452028,0.0,0.0,0.0,0.0,1.0,1704.145751953125,0.019215212954969862,0.0016127268672920803,0.4607332331629787,0.2,0.16619529325367588
2021-11-24,441.0751488185726,443.99038447455166,431.6492379907599,439.3260192871094,7761523.0,0,1,0.004220270804953685,0.026799957232820804,-0.008335150189417995,-0.0433770612134724,-0.11012694682823931,0.004211390438387374,0.4222222222222222,0.011111111111111112,445.89744720458987,-0.014737532046164287,463.08130126953125,-0.0512982966863423,440.2053033447266,-0.001997440855292562,395.5685731506348,0.11061911665012755,439.64559845845804,448.9137473799745,1,1,0,44.68104203847018,0,0,-9.268148921516456,-8.576835050899138,-0.6913138706173179,0,470.8283449890778,420.96654942010196,445.89744720458987,0.11182346048753644,0.36820715454600966,15.803191696030174,0.03597144490024488,19.651860911735884,16.743891827614505,21.342928170266617,0,39.103899527761484,31.059104645716577,8939655.285714285,9955833.466666667,0.8979313801948708,0,527204622.0,445.4223909629269,29905766.988195542,0.20554119086061304,0.3778279540625102,0.37830047241783504,0.9987509443160225,0.3492078781353228,0.8192444630837319,1.2652241688521433,,,0.028091089400572346,0.008218466346863896,0.0,0.0,0.0,1.0,1.0,1751.24072265625,0.027635529795001057,0.003200751419961012,0.46570285445212506,0.2029,0.16459648219773582
2021-11-25,438.7429793867595,445.8367078336567,431.11477326037925,434.418701171875,8633424.0,0,1,-0.011170105797961738,0.011082246224076275,0.0032539607475214893,-0.05406264064847499,-0.13379188610353387,-0.011232959926208185,0.5222222222222223,0.011111111111111112,444.840673828125,-0.02342855154534893,462.37678588867186,-0.060466021586837254,440.8523110961914,-0.014593571956828439,396.24529235839844,0.09633782293355105,438.8414604143684,447.84004025344865,1,1,0,42.46341122216568,0,0,-8.998579839080264,-8.661184008535365,-0.3373958305448994,0,469.8397679028886,419.8415797533614,444.840673828125,0.11239572074033236,0.2915529933788505,15.72595904440498,0.03620000474653393,18.92612353914842,16.462872654598137,19.915764735602405,0,29.14521507829087,34.49447682119259,8896212.285714285,9947729.966666667,0.8942957152560577,0,518571198.0,444.43332061236106,29809330.72871688,0.16115612158839096,0.37372527962585916,0.3789477784755355,0.9862184207262387,0.3504283869901345,0.8100934157566922,1.2510914810279268,,,0.03388881402564852,-0.0013271235364023788,0.0,0.0,0.0,1.0,1.0,1759.123046875,0.0045009941333447046,0.03005954812501921,0.44605978043804334,0.1666,0.13960234611655561
2021-11-26,429.317044024416,430.1916384827033,402.9827712015282,405.2177734375,14826141.0,1,0,-0.06721839473209479,-0.0737450451109064,-0.06376290825597442,-0.11238822359739242,-0.19201700502356978,-0.06958418349039926,0.08888888888888889,0.011111111111111112,442.7611389160156,-0.08479372324868144,461.2874597167969,-0.12155042392377272,441.1402377319336,-0.08143094014530251,396.7851751708984,0.02125230173473493,433.66858549485016,444.6828353041191,1,1,0,32.21670658722273,0,0,-11.01424980926896,-9.131797168682084,-1.8824526405868767,0,473.3626440204582,412.15963381157303,442.7611389160156,0.13823031162744925,-0.11342351218315143,16.848099824829397,0.04157788954296205,20.02650722754035,14.268790077836929,29.188237354772312,0,3.7398184725963093,23.99631102621622,9946475.142857144,10146050.366666667,0.9803297621638861,0,503745057.0,441.5436798586607,28812741.330625184,0.4509348106299765,0.4177956293357496,0.40398938946573987,1.0341747586199428,0.36492652699252587,0.755640236766488,1.1669951200102304,,,0.06714628297362124,-0.011743640717346883,1.0,1.0,1.0,1.0,1.0,1665.831298828125,-0.05303309976672943,-0.021623733698496572,0.4744100832363553,0.2904,0.25418778811384835
2021-11-29,402.3025203968048,421.2515521546253,395.5974843212535,408.27874755859375,19069247.0,1,0,0.007553898969256068,-0.07067023204975609,-0.04576423401350216,-0.09567373279539859,-0.22595793684718213,0.00752551114398245,0.17777777777777778,0.011111111111111112,439.94307708740234,-0.0719736965482876,460.8161633300781,-0.11400949001403042,441.47518035888675,-0.07519433543989211,397.3012776184082,0.02763008970418903,429.7624565815799,441.986236211858,1,1,0,34.01420084123792,0,0,-12.223779630278102,-9.750193661001287,-2.473585969276815,0,472.38628914531694,407.49986502948775,439.94307708740234,0.1474882263073738,0.012003782605057892,17.477097539725285,0.04280677758574018,21.386036426882043,12.77274030786578,29.14627086942902,0,19.624039546021766,17.50302436563631,11286633.142857144,9998965.633333333,1.1287800715337137,0,522814304.0,437.48417699834545,28956788.495882973,0.4615518404025018,0.3835397105810405,0.40256468932514966,0.9527405675445549,0.3720655662450206,0.7613482667721267,1.1758104832444025,,,0.06283468827798853,-0.007194287200101848,1.0,1.0,1.0,1.0,1.0,1661.3414306640625,-0.002695271824476486,-0.014033979680117104,0.4709010762297607,0.3748,0.301930203626761
2021-11-30,407.1126926422688,417.8504660113662,398.4155606154887,401.0878601074219,14850682.0,0,1,-0.01761269106994079,-0.07672515242677358,-0.06257089376771074,-0.08226789374992227,-0.22669784544909066,-0.01776964010708871,0.1,0.011111111111111112,437.2391952514648,-0.08268091135620081,460.0727789306641,-0.1282077999927303,441.7005764770508,-0.09194626073063096,397.69963623046874,0.008519554880833844,425.3509802009402,438.95672687078866,1,1,0,31.875687694195463,0,0,-13.605746669848429,-10.521304262770716,-3.084442407077713,0,473.1673569816355,401.3110335212941,437.2391952514648,0.16434099284949838,-0.003105828452180951,17.61694095802188,0.04392289747514073,22.648456397699334,11.766253750729872,26.849556999606058,0,8.496263308613928,10.620040442410664,12024139.0,10126724.2,1.1873670855971372,0,507963622.0,434.496350125159,28695228.02163904,0.4630427038802987,0.3837289940034166,0.40300198930516173,0.9521764263869397,0.37466949629290663,0.7479388749528344,1.155101296446221,,,0.04845548152634776,-0.002856026485085607,1.0,1.0,1.0,1.0,1.0,1659.146240234375,-0.0013213361137993651,-0.01533677218974483,0.4623899147531621,0.3703,0.30395152923799346
2021-12-01,407.647143209178,414.06066796069473,404.34321520243066,412.8945617675781,8183556.0,0,1,0.029436696630494197,0.01894484603909463,-0.03901383656018309,-0.06399380466328597,-0.17165409663825026,0.02901175616387155,0.24444444444444444,0.044444444444444446,434.6446365356445,-0.05004105179216377,459.3323095703125,-0.1010983700366627,442.04983001708985,-0.06595470978551121,398.15823455810545,0.037011233048659005,423.4346081342691,437.02619612240267,1,1,0,38.691295241661464,0,0,-13.59158798813354,-11.135361007843281,-2.4562269802902588,0,469.68046900305,399.608804068239,434.6446365356445,0.1612159889819888,0.18960242648293155,17.28521716482552,0.04186351375234513,23.82070351345825,11.135486234163807,25.410200960859235,0,26.766933663027476,18.295745505887723,11763639.857142856,10084814.6,1.166470611878463,0,516147178.0,432.54650319747,28936124.876969703,0.5143624835996381,0.3869152737113696,0.40722204759837616,0.9501334124545383,0.37066107413176,0.769955724712974,1.189103662887199,,,0.023534949737928763,0.01635373132460152,0.0,1.0,1.0,1.0,1.0,1689.528564453125,0.01831202306462032,0.01047296784269558,0.4637261831087652,0.4104,0.33910250764433597
2021-12-02,415.9069821971851,421.64027345061646,409.104765198633,419.8911437988281,7775405.0,0,1,0.016945202671834636,0.028442323558778515,-0.040204359353697705,-0.07779304550104005,-0.12486072913722956,0.016803234269475727,0.2222222222222222,0.06666666666666667,432.6768539428711,-0.029550252174411793,458.33821533203127,-0.0838836262111619,442.37447235107425,-0.05082419976169659,398.5654420471191,0.053506148556622335,422.88945977497053,435.75693298732307,1,1,0,42.37078160563443,0,0,-12.867473212352536,-11.481783448745132,-1.3856897636074041,0,466.2864589053528,399.0672489803894,432.6768539428711,0.15535661155065789,0.3097908297595935,16.94595224247966,0.04035796537446988,24.069903534810624,13.74197285605812,24.06757193117556,0,37.59402556219639,24.2857408446126,11585711.142857144,9871539.366666667,1.1736478691437668,0,523922583.0,431.7345039214106,29067880.690550297,0.5120091187429523,0.3803038337623856,0.4074123783515363,0.9334616569608494,0.36064181606732376,0.7830027805165748,1.2092532654526436,,,0.02985418586963406,0.00729585881855878,1.0,1.0,1.0,1.0,1.0,1728.3916015625,0.023002296573751302,0.014227568024382187,0.46750919605523555,0.4367,0.35191238348836756
2021-12-03,415.7126029111719,421.5430743666178,412.019982851514,412.651611328125,5938378.0,0,1,-0.017241450736983466,0.02883096790216011,-0.06071665867245635,-0.06854572639283973,-0.09735363603768965,-0.01739181539160939,0.1111111111111111,0.1111111111111111,430.3470947265625,-0.04111909576078582,457.28678649902344,-0.09760871402522749,442.58763427734374,-0.06763863386761408,398.9868766784668,0.034248581716311115,421.31440616776354,434.0454276792343,1,1,0,39.71479055928159,0,0,-12.731021511470772,-11.731631061290262,-0.9993904501805098,0,462.63565982433835,398.05852962878663,430.3470947265625,0.15005824597603773,0.22597909902697394,16.415747904809958,0.03978113123556126,24.301303554637826,13.172545490748524,23.070281788215716,0,33.23862134628449,32.53319352383612,11325261.857142856,9423072.533333333,1.2018650835044182,0,517984205.0,431.0501859080195,28965494.43880571,0.5105628074661017,0.3592601432960498,0.4087557665272388,0.8789114985417811,0.34874288214184157,0.7695026766493772,1.1884039848478054,,,0.023077800385786995,-0.009951486115787564,1.0,1.0,1.0,1.0,1.0,1704.29541015625,-0.013941395795065481,-0.026806887192980633,0.45810867581191705,0.3999,0.3111876446541673
2021-12-06,412.9431434624513,420.2798080177466,406.3838632217119,409.4448547363281,8160853.0,0,1,-0.007771099163955464,-0.008354934529730795,-0.0574879634973775,-0.05442106632653132,-0.10966716693334577,-0.007801451504686184,0.14444444444444443,0.08888888888888889,427.9930419921875,-0.04333759065222829,456.1197204589844,-0.10233029537878398,442.8512417602539,-0.07543478232361146,399.37370010375975,0.025217370673010848,419.4883213321581,432.22316301679683,1,1,0,38.56171792843245,0,0,-12.734841684638752,-11.93227318595996,-0.8025684986787915,0,459.0883499255293,396.8977340588457,427.9930419921875,0.1453075395272871,0.201752635870006,16.235761968468864,0.03965311025565158,24.86883503199301,12.36724664614423,24.13947618800595,0,27.562867112498175,32.798504673659686,11257751.714285715,9388564.133333333,1.199091954254856,0,509823352.0,428.67695401222113,28902075.640880246,0.5103329732228417,0.3583588825052272,0.40314178848743676,0.8889152470394293,0.34676773410242956,0.7635227950422058,1.1791687796347134,,,0.033938501449684313,0.0007064849047553767,1.0,1.0,1.0,1.0,1.0,1641.9346923828125,-0.036590321960510486,-0.06661748574118631,0.47199417663676263,0.4031,0.3037256652182223
2021-12-07,415.3239243605821,431.8435940259026,413.1861025500222,429.9972839355469,18303734.0,0,1,0.05019584191002724,0.02406847652295485,0.06115109484917203,-0.006510985057422536,-0.08959974154989303,0.04897666288225373,0.8555555555555555,0.16666666666666666,426.9192642211914,0.007209840296081689,455.42686645507814,-0.05583680804224043,443.45500091552736,-0.03034742409533457,399.8577365112305,0.0753756765775867,421.1050848096025,432.05828308485235,1,1,0,48.81826621352232,0,0,-10.95319827524986,-11.736458203817941,0.7832599285680804,1,456.01987901302033,397.81864942936244,426.9192642211914,0.13632842193202885,0.5528858193611043,16.675974634262122,0.038781581319852515,24.163173402354825,16.133862505808327,21.823510316742706,0,68.47199699613323,43.091161818305295,11754550.714285715,9728007.5,1.208320482306959,0,528127086.0,427.3393738172305,29820846.979107436,0.39713776419336444,0.38004212170765617,0.41651993595210957,0.9124224050379007,0.3507444482503076,0.8018484645568463,1.238358149282497,,,0.04338978912870754,0.01435863598295784,1.0,1.0,1.0,1.0,1.0,1674.7115478515625,0.019962338100782517,0.00533082133207885,0.47443425746106066,0.4138,0.33018819096482693
2021-12-08,433.3983472141778,445.4965864817197,427.6650566237965,444.52484130859375,13700443.0,0,1,0.03378523054862925,0.07724004730742307,0.08877781164643683,0.03895072908554065,-0.04668131160437328,0.03322704711228968,0.9333333333333333,0.2222222222222222,427.2933853149414,0.04032698980573194,454.71360473632814,-0.022406990513605767,444.20403564453125,0.0007222033982582394,400.34637329101565,0.11035061378079312,424.70812427098576,432.98173184216654,1,1,0,54.58907442517543,0,0,-8.273607571180776,-11.043888077290507,2.7702805061097315,0,457.12518114728243,397.4615894826004,427.2933853149414,0.13963144227169888,0.7888102360732085,16.758514293095057,0.03769983752485302,22.535399375359674,20.726870214091214,20.164879754340717,0,97.38876034829823,64.47454148564321,10987578.714285715,9885592.966666667,1.1114739147499644,0,541827529.0,427.14805241232403,30283719.604480788,0.4236035686862705,0.39304446515689306,0.4206116178151988,0.9344593646711449,0.35521944255065446,0.8289390997969638,1.28019636485778,,,0.04011368589757705,0.007909499444979599,1.0,1.0,0.0,1.0,1.0,1711.678955078125,0.022073895217350703,0.030299325283148937,0.47645874913425035,0.435,0.3577132490212174
2021-12-09,444.5248855974437,445.73956718487216,439.42322293024415,442.7757263183594,5586232.0,0,1,-0.003934796951021502,0.08140503219535011,0.10393699325572303,0.034862668924473095,-0.028050324770915958,-0.003942558631659483,0.9333333333333333,0.26666666666666666,427.37598419189453,0.03603324167965007,454.08585693359373,-0.02490747166540439,444.83424713134764,-0.004627613153131254,400.8740353393555,0.10452582927585338,427.4877553551971,433.7072129144771,1,1,0,53.802509410709334,0,0,-6.219457559279988,-10.079001973688403,3.859544414408415,0,457.37768126728724,397.3742871165018,427.37598419189453,0.14039954599752036,0.7566478504160296,16.012645004633125,0.03616423406444802,21.043056717892878,20.25126405030584,19.596720196045467,0,93.90718784787424,86.58931506410191,9664085.857142856,9649817.266666668,1.0014786384116803,0,536241297.0,427.1027360783991,30261738.91583949,0.3893210594901356,0.3877242428779333,0.42045968736917627,0.9221436787529638,0.3448688561946399,0.8256773927545003,1.275159052104629,,,0.014265335426464873,9.963188967988354e-08,1.0,0.0,0.0,1.0,0.0,1718.4139404296875,0.003934724634886422,0.03572180604582531,0.3419056168814177,0.4516,0.5104503466749639
2021-12-10,442.5327836873553,447.9259876517813,440.6378982311881,442.24127197265625,5308752.0,0,1,-0.0012070543029697456,0.02847457064157788,0.0710755551718738,0.02928878851879091,-0.010221828807009392,-0.0012077833797641444,0.8777777777777778,0.34444444444444444,426.7224884033203,0.03636739096503447,453.5173864746094,-0.024863687343074883,445.4760028076172,-0.007261290876666795,401.4549992370605,0.10159612612399255,429.75752714249853,434.3393654373052,1,1,0,53.54861445808823,0,0,-4.581838294806687,-8.979569237912061,4.397730943105374,0,454.66055422399995,398.7844225826407,426.7224884033203,0.13094255203289754,0.777735467962299,15.389462462915988,0.034798792962651204,19.837736664223456,20.581030619863462,18.93382389149717,0,89.13648333639865,93.47747717752371,9253399.57142857,9549897.733333332,0.9689527395806709,0,530932545.0,425.36788164724015,30255330.96389449,0.38296282666735454,0.3837725967713835,0.4182946459374812,0.9174695409052464,0.33976620965245496,0.8246807553047111,1.2736198658838151,,,0.016479894307657124,-0.0005486810061250294,1.0,0.0,0.0,1.0,0.0,1736.5235595703125,0.01053856624097027,0.027815448703229828,0.3405614448786518,0.4715,0.5295744474231937
2021-12-13,447.0028002250409,456.23437979490586,444.5248617815698,445.30224609375,9401208.0,0,1,0.006921502616524133,0.0017488444129865055,0.06051830973385908,0.01788085050814292,-0.041618755805706065,0.00689765897660602,0.8444444444444444,0.23333333333333334,426.83666839599607,0.043261460565572965,452.5952001953125,-0.016113635536601563,446.06826751708985,-0.001717273967062682,402.05729965209963,0.10755916253496764,432.14902236576796,435.1514306711159,1,1,0,54.86239779267222,0,0,-3.0024083053479558,-7.784137051399241,4.781728746051285,0,455.072239924153,398.60109686783915,426.83666839599607,0.13230152711229337,0.8269913923884945,15.289722845725532,0.03433560683748846,19.369493457294016,23.117032086025908,17.696096890750603,0,81.9711520259047,88.33827440339253,9485657.142857144,9614395.766666668,0.9866098060726953,0,540333753.0,425.4354512790222,30320401.449664976,0.3799647626677016,0.36591642014945686,0.39817277150220237,0.9189890578628702,0.3364635869227519,0.8303887853103498,1.2803002248612152,,,0.02629566348711122,0.01076681113715472,0.0,0.0,1.0,0.0,1.0,1715.7200927734375,-0.011979950794346106,-0.007331387619337604,0.3439190742303896,0.4563,0.4830063945390215
2021-12-14,442.04692985828905,451.2785101836327,441.852598591996,448.6548156738281,8027659.0,0,1,0.007528750662021855,0.013277804102661328,0.08724842786830833,0.02123433618126347,-0.01430398656695675,0.007500551068781444,0.9111111111111111,0.32222222222222224,427.6189239501953,0.04919307950478554,451.94218811035154,-0.007273878214973657,446.5271005249023,0.00476503026675117,402.692527923584,0.11413742387334795,434.68837518239263,436.1516814120576,1,1,0,56.319582751398826,0,0,-1.4633062296649655,-6.519970887052386,5.0566646573874205,0,457.3992152869097,397.83863261348097,427.6189239501953,0.1392842536603121,0.8531847873109774,14.870879184719186,0.03314547992176308,18.67665145219334,22.070407923088464,18.178460887913413,0,87.50007885154481,86.20257140461605,9784125.857142856,9683520.666666666,1.010389319539793,0,548361412.0,425.80040931711176,30380839.692675713,0.335801864298975,0.36215854177455803,0.3973430231167209,0.9114506124552556,0.3346213556446015,0.8366405754274906,1.2698555466300232,,,0.02100927319253233,-0.0073103521574773445,0.0,0.0,0.0,0.0,1.0,1716.268798828125,0.0003198109394408899,0.007025418598514799,0.34204701348517264,0.4791,0.5044688753757149
2021-12-15,448.5575859320913,450.7440126110391,443.1643823308341,445.3994140625,3651118.0,0,1,-0.007255915901490773,0.007141219714199343,0.08781294699459763,0.025276796005797575,-0.04171023445087263,-0.0072823680935337805,0.9111111111111111,0.23333333333333334,428.24812774658204,0.04004988044236662,451.6011053466797,-0.013732675165661595,446.96351318359376,-0.0034993888202487244,403.27721908569333,0.10444972585435336,436.3362273177937,436.83669864542367,1,1,0,54.480387486654756,0,0,-0.5004713276299526,-5.3160709751679,4.8155996475379474,0,459.0063957232157,397.4898597699484,428.24812774658204,0.1436469466357364,0.7788077392548143,14.350075691539605,0.0322184431287239,18.03329816174271,21.2377317169227,17.492620739474404,0,82.13139764532666,83.8675428409254,9139878.0,9574271.6,0.9546290706856488,0,544710294.0,425.9420977967716,30354347.487521295,0.33453156610795115,0.35686503594985425,0.39394743400332866,0.9058696799300359,0.33366878433542324,0.8305699817724139,1.260641581576634,,,0.01701760271992957,-0.00021671391533112507,0.0,1.0,1.0,0.0,1.0,1691.5240478515625,-0.014417759615194536,0.03020178311524968,0.34662694775376907,0.4828,0.4943256204264797
2021-12-16,450.8897698303968,450.8897698303968,435.876294727153,437.7712097167969,8879417.0,0,1,-0.017126660037843466,-0.016912190412279204,0.018079011360488506,0.08033565754814509,-0.04676262554407884,-0.017275017633189074,0.6444444444444445,0.2222222222222222,428.743717956543,0.021055682875728832,451.0763623046875,-0.02949645270683333,446.92024475097656,-0.020471292454602323,403.8237692260742,0.08406498843736399,436.55699384071727,436.9059216877476,1,1,0,50.33256728913072,0,0,-0.34892784703032476,-4.322642349540385,3.9737145025100604,0,459.7936379479557,397.6937979651303,428.743717956543,0.1448413991435317,0.645370612271313,14.39746136380419,0.03288809552624121,16.772284932886507,19.655844920928246,19.805447794911966,0,69.55126093793587,79.72757914493577,7793547.0,9816400.233333332,0.793931259397475,0,535830877.0,426.395614984705,30202272.731228046,0.2535346357131478,0.35855032902698636,0.3850963464878634,0.9310665559333899,0.3359815013480821,0.8163450920569599,1.2390510017794019,,,0.034295254621600955,0.012326814078669568,0.0,1.0,1.0,0.0,1.0,1698.2589111328125,0.003981535639297595,0.014060548702526265,0.3465680205164946,0.4796,0.49352249359309613
2021-12-17,436.7994933397241,444.08758277253366,432.1837033656113,437.4311218261719,14337902.0,0,1,-0.0007768621669866915,-0.025016323140986563,-0.015957982149072625,0.07140311476387673,-0.04750315959645146,-0.0007771640807736653,0.4,0.2222222222222222,429.22230377197263,0.019124863694315927,450.61964233398436,-0.02926752247084158,447.00192993164063,-0.021411111372455164,404.4175959777832,0.08163226866667363,436.6914750692488,436.944825401705,1,1,0,50.1492524041004,0,0,-0.25335033245619343,-3.508783946123547,3.2554336136673534,0,460.50899629988663,397.93561124405863,429.22230377197263,0.1457831629576047,0.6311870541584945,14.219348366884061,0.03250648538110785,15.940161402954303,18.480480593681097,20.476050526581183,0,67.47900037462591,73.05388631929615,7884612.571428572,10240478.366666667,0.7699457280329236,0,521492975.0,426.99305679219896,30191134.157610282,0.13531141231602373,0.3585273355232116,0.38471861131245555,0.9319209546429448,0.3364440028496024,0.8157109044397355,1.2219008844338297,,,0.02721315154081057,-0.0022196900013168744,1.0,1.0,1.0,1.0,1.0,1641.6353759765625,-0.03334210984265029,-0.04092097930734073,0.363543800747311,0.4562,0.4474353577548401
2021-12-20,432.2322551034753,432.66955230762846,414.6436906261108,420.8628540039063,5952052.0,0,1,-0.037876289535817564,-0.05508889164176278,-0.04948977780841024,0.04930339674501294,-0.07811836017134588,-0.038612239428221236,0.18888888888888888,0.17777777777777778,428.7825897216797,-0.018470282860397962,449.56238342285155,-0.0638388140939072,446.9082815551758,-0.05827913383174549,404.9112104797363,0.039395410922978824,434.2563025976576,435.75356826112727,1,1,0,42.10395408257091,0,0,-1.4972656634696477,-3.106480289592767,1.6092146261231193,0,460.28996803098187,397.27521141237753,428.7825897216797,0.14696202254738666,0.37431934767744246,14.83135428353956,0.03524035001530903,16.49484142554457,16.452331925751334,26.67625824056403,0,31.835166798070247,56.28847603687734,7936872.571428572,10004926.133333333,0.793296468725077,0,515540923.0,426.79004663965384,29965692.51272604,0.2576233478780563,0.3741125552040545,0.3920720887681605,0.9541932872076344,0.33451161170120025,0.7848148020456525,1.1756198127509425,0.7848148020456525,1.942089436168061,0.04283072623308862,-0.01188499506160537,1.0,1.0,1.0,1.0,1.0,1586.408447265625,-0.033641409973931946,-0.07681821594804727,0.34768700616690185,0.5576,0.5963345716453715
2021-12-21,425.6244083344329,436.99383932329897,424.99277986956497,432.8639221191406,5029410.0,0,1,0.028515389279574865,-0.011209708379020356,-0.021204149064801503,0.04836430944034431,-0.04121824307946109,0.028116392837605347,0.37777777777777777,0.28888888888888886,428.55179901123046,0.01006208145166873,448.52844665527346,-0.03492426099825983,446.9056918334961,-0.03141998406139577,405.46434768676755,0.06757579202386495,434.04209021634733,435.5395203987579,1,1,0,48.543370399773636,0,0,-1.4974301824105396,-2.784670268156322,1.2872400857457822,0,459.8579186270501,397.24567939541083,428.55179901123046,0.14610191667868477,0.5688702905506559,14.924185071814783,0.0344777753681839,16.57311426455284,17.251783936982033,24.616732865264975,0,53.11892577592224,50.8110309828728,7896966.571428572,9884962.233333332,0.7988868733154093,0,520570333.0,426.5672662856513,30109108.096722625,0.33498069433937283,0.38360958045198423,0.39666054240225035,0.9670979072654239,0.334048807092635,0.8071941016383569,1.2091430693563165,0.8071941016383569,1.9974688724561436,0.02772478564390694,0.011313790906532289,1.0,1.0,1.0,1.0,1.0,1616.890625,0.01921458360040562,-0.06889220357016901,0.32903069205088087,0.6415,0.7436006193621301
2021-12-22,438.1113627839958,451.5214357052145,434.7102543244521,450.2581787109375,7765878.0,0,1,0.04018412185206155,0.02932360375095322,0.011129368110449844,0.0723212083907594,0.0302390767799412,0.03939773772587389,0.6222222222222222,0.4777777777777778,429.09840698242186,0.049312165657567804,447.65970703125,0.005804569048485143,447.13591369628904,0.006982809743100212,406.1406460571289,0.10862624335216849,436.53687306166887,436.62979138484525,1,1,1,56.15515953551805,0,0,-0.09291832317637727,-2.2463198791603327,2.1534015559839554,0,461.55714139132397,396.63967257351976,429.09840698242186,0.15128806763541205,0.8259488102948397,15.190851394261863,0.03373809097205601,15.407113239840031,22.569290110610783,22.457129336431628,0,88.01175695904035,57.65528317767761,7663348.0,9654724.933333334,0.7937406868570618,0,528336211.0,426.85565668262467,30421173.084562868,0.42122022436976275,0.38952586801493394,0.3992547309161444,0.9756324417774932,0.3353401705486161,0.839630487776858,1.2577314217919067,0.839630487776858,2.0777354050226213,0.037336759609546355,0.012122610355618565,0.0,0.0,1.0,1.0,1.0,1654.4066162109375,0.02320255348807998,-0.035736293362041094,0.33402384350083414,0.71,0.8246722729282401
2021-12-23,451.9101275389737,455.21408519283057,446.3225922168442,448.2660827636719,6986665.0,0,1,-0.004424341503287854,0.06511201570550407,-0.000866440962129067,0.08630639129439288,0.016191225260801856,-0.004434157866820217,0.5333333333333333,0.4444444444444444,429.79077606201173,0.042986745483328995,446.5946746826172,0.0037425616018428552,447.34235443115233,0.0020649248240627084,406.78092712402344,0.1019840235208472,438.34136686197706,437.49173889438794,1,1,1,55.148988009926,0,0,0.8496279675891287,-1.6271303098104406,2.4767582773995693,0,463.30106231635045,396.280489807673,429.79077606201173,0.15593767070284328,0.7756662023331428,14.740897221527899,0.032884257338067165,14.608492535312134,23.38621200841716,21.48957140775138,0,84.01561793339818,75.04876688945359,7514634.571428572,9627955.3,0.7805016057177344,0,521349546.0,427.2342875783852,30390261.6926338,0.4202617103789638,0.3890151799531118,0.39859464447276555,0.9759669010798556,0.33501211198307845,0.835915675762361,1.2486325932791342,0.835915675762361,2.068542794037329,0.019835301660942287,0.003668892440256483,0.0,0.0,1.0,1.0,1.0,1672.4664306640625,0.010916188484840106,-0.02552185776142457,0.33513352842104105,0.7017,0.8114648828130375
2021-12-24,450.8897748821509,451.2784670328838,440.05482178317845,445.9338684082031,3122116.0,0,1,-0.005202745523574026,0.03019412249715092,0.0011999439802319323,0.08911826159196212,-0.020595407247508746,-0.005216326931619542,0.5333333333333333,0.37777777777777777,431.8265808105469,0.032668872701575216,445.482998046875,0.0010120933083975028,447.53464141845706,-0.0035768695026161448,407.3936235046387,0.09460198363444831,439.50944402293493,438.11708182133725,1,1,1,53.93066889047198,0,0,1.3923622015976775,-1.023231807528817,2.4155940091264947,0,463.9704631164569,399.68269850463685,431.8265808105469,0.14887403293042012,0.7194396971622566,14.489664937826287,0.03249285592401473,13.768885343363413,22.09229198018057,23.390363252797357,0,76.0721867495244,82.69985388065432,7439062.857142857,9165023.4,0.8116796359890207,0,518227430.0,428.7444159137097,30374018.11759072,0.4189644689296199,0.37790315657510204,0.39846812994897585,0.94838991671302,0.33508691129727786,0.8315666192222031,1.2348333011950503,0.8315666192222031,2.05778069227533,0.025168855843511133,0.005852979333844116,0.0,1.0,1.0,1.0,1.0,1694.41748046875,0.013124956891344963,0.0017105477281640358,0.32980258283481667,0.676,0.7712099248011768
2021-12-27,443.99038693558856,445.6423656785912,438.3542764982456,440.0062255859375,6146709.0,0,1,-0.013292649969433468,-0.02276905475509794,0.0051054427964472016,0.0232767555152531,-0.006799760416096201,-0.013381788043115498,0.5666666666666667,0.4444444444444444,433.41295471191404,0.015212445318820596,443.733857421875,-0.008400602689177871,447.7395495605469,-0.017271925122986326,407.9542439270019,0.07856758971398482,439.58587195570453,438.2570183964928,1,1,0,50.855562001246405,0,0,1.3288535592117228,-0.552814734180709,1.8816682933924318,0,463.7441547358878,403.0817546879403,433.41295471191404,0.13996443666126515,0.6086879330328531,13.996088292978518,0.03180884150977756,13.124302306773487,21.237713625040126,23.35344028527581,0,60.9812808268055,73.68969516990937,7048676.0,9073818.933333334,0.7768147074332921,0,512080721.0,431.53182012849186,30292312.066389754,0.4127606924579337,0.3714426160871184,0.3885004509383388,0.9560931401494622,0.329125049146722,0.8205128952266172,1.2077681123593018,0.8205128952266172,2.030427333819056,0.016563604686820867,-0.004358228002622851,0.0,1.0,1.0,1.0,1.0,1726.3460693359375,0.018843401484712308,0.016538796304262915,0.32553236632038135,0.7292,0.8285543940787701
2021-12-28,443.6988848571739,446.1768233701295,440.0062351324951,445.205078125,2889804.0,0,1,0.011815406775527837,-0.006828543930426312,0.01777184089319861,0.0015302560243961594,0.02816420372542905,0.011746149855565048,0.6333333333333333,0.5,435.61881561279296,0.02200608001452341,442.2645788574219,0.006648733378501172,448.07123901367186,-0.006396663385449746,408.5797026062012,0.08964071216748432,440.4503652125192,438.77168948749335,1,1,1,53.36702995930032,0,0,1.6786757250258688,-0.10651664233939351,1.7851923673652623,0,462.24187264737947,408.99575857820645,435.61881561279296,0.12223097846283507,0.6800368473791975,13.437124685208055,0.030181876500149262,12.476798006077225,20.825191168997264,22.58741390977016,0,73.48132024178862,70.17826260603951,5413233.428571428,8872228.233333332,0.6101323462615269,0,514970525.0,434.224774379406,30326456.276151303,0.41765362952399293,0.3666344644525448,0.38744540728232074,0.9462867737270361,0.32355798625087673,0.8302075888482857,1.2133600118250683,0.8302075888482857,2.0544176586962783,0.013860102997077496,0.008392288691640722,1.0,1.0,1.0,1.0,1.0,1747.0999755859375,0.012021868974384287,0.06424362020502694,0.3207898565023754,0.7215,0.8209572537320763
2021-12-29,444.08758266115166,444.71921114744106,437.77123848763415,441.415283203125,3050356.0,0,1,-0.008512470113404502,-0.01013285943318809,0.04883402990711061,-0.0030725331908917353,0.01986977888866215,-0.008548908119435735,0.7777777777777778,0.5,437.0448516845703,0.009999961106300814,441.1237506103516,0.0006608861852712502,448.271418762207,-0.015294607847213587,409.25352600097654,0.0785863899974602,440.59881413415087,438.96751124420683,1,1,1,51.30859893852068,0,0,1.6313028899440383,0.24104726411729288,1.3902556258267453,0,461.51083143309086,412.5788719360497,437.0448516845703,0.111960956200342,0.5893165032317781,13.008318610362183,0.029469570051964367,12.071731745940326,19.975124507782418,22.892649644594346,0,64.36919683721078,66.27726596860164,4998705.428571428,8724763.4,0.5729330641300173,0,511920169.0,435.6665763905854,30300490.21186606,0.3211046188960025,0.367648580026278,0.3793226432118139,0.9692239221822117,0.32248587631463416,0.823140471560293,1.2030313209876071,0.823140471560293,2.036929489776176,0.015740217713779692,-0.0025100689968648206,1.0,1.0,1.0,1.0,1.0,1714.2232666015625,-0.01881787501791299,0.08056867041791316,0.32572312603434506,0.7217,0.8111043927162269
2021-12-30,441.1723184760608,443.1158088658232,435.7305394536641,436.9452209472656,3843627.0,0,1,-0.010126659465486632,-0.006956730293067204,0.00942859549981545,-0.011975478909435844,0.021235516416184597,-0.010178282892401642,0.5444444444444444,0.5111111111111111,437.8975555419922,-0.0021747885611003988,440.26667053222656,-0.0075441767621103805,448.39191497802733,-0.025528323880065124,409.9230938720703,0.06591999201593764,440.0367228746301,438.81771196295193,1,1,0,48.912179439399694,0,0,1.21901091167814,0.4366399936294623,0.7823709180486778,0,460.996851219095,414.79825986488936,437.8975555419922,0.10550091173042737,0.47938606856159355,12.606672239061965,0.028851836877244273,11.877857129269675,19.139276444641595,23.090965932700517,0,53.6214493360388,63.82398880501274,4829307.857142857,8529946.266666668,0.5661592354942294,0,508076542.0,436.74369048990803,30261567.110124707,0.29558132320113606,0.3672838444493199,0.379706824821608,0.9672827045494254,0.31632542672060576,0.8148048083125419,1.187724708266599,0.8148048083125419,2.016302198478005,0.016902048719398714,-0.0005504220997993545,1.0,1.0,1.0,1.0,1.0,1692.62158203125,-0.01260144170901245,0.04683740251833668,0.3264289339223734,0.7216,0.808449440734357
2021-12-31,442.629953772173,463.8625930510332,442.629953772173,462.1134338378906,18257598.0,0,1,0.057600384863031984,0.03797880245234597,0.026329905124419906,0.03775230844131272,0.08005907519755384,0.056002554017480284,0.6555555555555556,0.6666666666666666,440.37064666748046,0.049373833916836724,440.3657879638672,0.04938541201072562,448.7174496459961,0.0298539408317259,410.6550495910644,0.12530805185049865,443.43313994590096,440.5433209907252,1,1,1,60.18723154541064,0,0,2.8898189551757696,0.9272757859387238,1.9625431692370459,0,462.6663644852199,418.074928849741,440.37064666748046,0.10125887357144729,0.98760007074342,13.628865086540936,0.02949246675941029,12.162564297373239,27.312577233398986,19.833446383990605,0,96.44616371563612,71.47893662962856,6328125.0,8815594.833333334,0.7178330129320636,1,526334140.0,439.78646243930666,31313211.78159923,0.38778403896560126,0.4007000093289976,0.3969243635593166,1.0095122550196312,0.31925174054038324,0.8617378788595932,1.2561381085740873,0.8617378788595932,2.1324419811105155,0.045946812457974516,0.013010172791416008,0.0,1.0,1.0,1.0,1.0,1705.6424560546875,0.007692725982975768,0.030969315125863428,0.3271164447817642,0.6836,0.8375683300136842
2022-01-03,462.11345297821526,466.38915590611873,458.7609495776288,464.5428161621094,5549693.0,0,1,0.005257112531965369,0.05239404669262848,0.03631042816821517,0.03541252636376879,0.08119423212080679,0.0052433421564038055,0.7,0.6888888888888889,443.1255447387695,0.048332287943286416,440.4590759277344,0.05467872397372598,449.0701931762695,0.034454798427840695,411.3991522216797,0.1291778644983536,446.6807824407022,442.3210613737907,1,1,1,61.08012731337035,0,0,4.359721066911504,1.61376484213328,2.745956224778224,0,462.79288507555265,423.4582044019864,443.1255447387695,0.08876644811066975,1.0444882494681778,13.200246603823006,0.028415565034196066,12.603374699413402,27.55234716421517,19.014773252003675,0,96.43188106625703,82.16649803931065,6122843.285714285,8667016.266666668,0.7064534203382925,0,531883833.0,442.0752807277588,31342387.14221809,0.383569163758982,0.4007486066029842,0.39254581632653757,1.0208963895048195,0.3151537008698996,0.8662681318618153,1.2627417679665516,0.8662681318618153,2.1436524685731007,0.016420889664189597,4.141910456930228e-08,1.0,1.0,1.0,1.0,1.0,1713.3251953125,0.00450430817463543,0.02443024499583779,0.32633303046067913,0.6865,0.8432118929137538
2022-01-04,465.4659739905114,467.8953371115475,458.6637572516104,462.6479187011719,5063834.0,0,1,-0.0040790587971900605,0.05882361568844874,0.037481006662783756,0.03872592575133371,0.057529938607647546,-0.004087400850403885,0.7333333333333333,0.5888888888888889,444.7580764770508,0.04022376021999948,440.2656994628906,0.05083798094102453,449.4540328979492,0.029355361922446904,412.1378820800781,0.12255616097740733,449.137264942313,443.8267545091523,1,1,1,59.95072836185302,0,0,5.310510433160687,2.3531139603387614,2.9573964728219253,0,465.2406182935864,424.2755346605152,444.7580764770508,0.09210644123105655,0.9367095252230502,12.916770407831159,0.027919222989467737,13.120612358668819,26.978709895117785,18.044072857687258,0,90.14599781095836,94.3413475309505,6400231.571428572,8535113.866666667,0.7498706720743658,0,526819999.0,445.0123843682609,31321731.46559288,0.38235237661831,0.3984654616930471,0.38968464246339135,1.0225331416043182,0.31054510266749485,0.8627345732178189,1.2575909700493482,0.8627345732178189,2.134908384113049,0.01995379096452803,0.0019872394885552323,1.0,1.0,1.0,1.0,1.0,1715.1712646484375,0.0010774774928823394,0.01224832983542301,0.32174726314870405,0.6803,0.8428986097423492
2022-01-05,459.8298819805726,465.8546849708473,458.6637757732613,461.9191284179688,4489031.0,0,1,-0.0015752589685241736,-0.0004204712646158626,0.04980134724878238,0.05516104797479415,0.051426749473024724,-0.0015765009934450955,0.8111111111111111,0.5888888888888889,445.6277908325195,0.03655817235952432,440.17824279785157,0.049391095484248124,449.92435791015623,0.026659526866975643,412.8703141784668,0.11879956624418443,451.1037054770293,445.1669303542498,1,1,1,59.49507976117472,0,0,5.936775122779466,3.0698461928269025,2.866928929952563,0,467.49874350056297,423.75683816447605,445.6277908325195,0.0981579386114329,0.8724423401375935,12.507780321385075,0.027077857468737202,13.600904470834562,25.870819742297613,17.303086698100024,0,88.77741987712419,91.78509958477986,6163420.428571428,8426030.8,0.7314737596937608,0,522330968.0,446.18345905752784,31314660.079250146,0.364318405596994,0.3985223356531786,0.3875725014620954,1.0282523505918908,0.30783746832412806,0.8613755428439017,1.255609938595043,0.8613755428439017,2.131545350533998,0.015567463556259747,-0.006091104286193592,1.0,1.0,1.0,1.0,1.0,1711.629150390625,-0.0020651665118343043,-0.008524894982947173,0.3112572167316613,0.6994,0.8959869813617449
2022-01-06,461.0931069257321,471.9766652526998,460.1213617056568,465.5631408691406,12132277.0,0,1,0.007888853755964265,0.002196406168673226,0.045727382153589735,0.06431188280688449,0.07169221677899995,0.007857899438652843,0.7666666666666667,0.6555555555555556,446.7671615600586,0.042071085178795785,440.37842224121096,0.05718881161287939,450.431123046875,0.0335945210000307,413.5080531311035,0.12588651501191672,453.32823399889253,446.6777607627602,1,1,1,61.08760210035154,0,0,6.650473236132314,3.7859716014879847,2.864501634644329,0,470.32193001854483,423.21239310157233,446.7671615600586,0.10544538849379959,0.8989845907890951,12.461174837503497,0.026765810571344296,14.506129562271628,27.621925024522227,16.12724397183933,0,88.81355027306608,89.24565598704955,7483773.714285715,8542659.233333332,0.8760473185075834,0,534463245.0,448.0336174343002,31410369.838229995,0.3629096207140994,0.3969886285259558,0.3864475668440201,1.0272768224885482,0.30546456303717173,0.8681708085303615,1.2655152617751544,0.8681708085303615,2.148360800078566,0.0254644375946747,-0.0017882383331163188,1.0,1.0,1.0,1.0,1.0,1709.2841796875,-0.0013700226492343592,-0.02164489521314028,0.31089027050873125,0.7077,0.9040148133870419
2022-01-07,467.5066394074664,481.2568285786514,466.4862891155264,479.5562744140625,9300149.0,0,1,0.030056360387118897,0.03654691835717916,0.08640614102476896,0.13945973100684106,0.1834532092359673,0.029613519566969778,0.9111111111111111,0.9777777777777777,448.6329116821289,0.06892798527862755,441.03337829589844,0.08734689484730619,451.30423645019533,0.06260087028229123,414.2157577514648,0.15774512543243924,457.3633171396879,449.11320621841224,1,1,1,66.52960101962759,0,0,8.250110921275677,4.678799465445524,3.5713114558301537,0,476.2408837619712,421.0249396022866,448.6329116821289,0.12307599982501255,1.0600440815157157,12.692068614075446,0.026466275787097204,15.95642201216026,30.405026831540063,14.702867749148265,0,96.97754746839922,91.52283920619651,8376601.285714285,8358459.5,1.002170470014754,0,543763394.0,449.9897912909409,31689898.468227897,0.36912307693292956,0.34105182035969256,0.39158473085194945,0.8709528066063372,0.28865067241623443,0.8942648632291265,1.3035520445584676,0.8942648632291265,2.2129327065272864,0.030800430004116,0.004174511183805404,1.0,1.0,1.0,1.0,0.0,1695.3154296875,-0.008172280634197282,-0.011029973331039389,0.2698344178681924,0.5651,0.7228649763534961
2022-01-10,482.957366837577,483.24887853692434,476.20372580136615,478.9732055664063,4746931.0,0,1,-0.0012158507327812984,0.03692004963476214,0.09618593499667316,0.10652142877034376,0.17315243183865925,-0.0012165904789582479,0.9555555555555556,0.9555555555555556,450.3164596557617,0.06363690532775738,441.3200427246094,0.08531940359956208,452.14042297363284,0.059346126179782556,414.9186166381836,0.1543786814079722,460.6879153591831,451.3250580219674,1,1,1,66.1146871550873,0,0,9.3628573372157,5.61561103979956,3.747246297416141,0,481.00403302057464,419.6288862909488,450.3164596557617,0.1362933675054721,0.9669112407483981,12.288717479895642,0.02565637772026038,17.42450355526311,30.317821043244567,14.100782665162397,0,91.19119455919936,92.32743076688821,8505644.714285715,7881048.966666667,1.0792528697970043,0,539016463.0,451.08309241701295,31684126.908693086,0.35009802698046977,0.3415669387353834,0.3767741903230981,0.9065560951573589,0.26834981256309837,0.8931775706398688,1.3019671198498726,0.8931775706398688,2.2102421106744594,0.014708866077857102,0.007092165414100938,1.0,1.0,1.0,0.0,0.0,1748.6964111328125,0.0314873447799342,0.03312898151414867,0.2838897444007073,0.5184,0.6313084296888397
2022-01-11,478.0015120101796,483.151779945853,471.9767088819696,472.60833740234375,5346073.0,0,1,-0.013288568316751292,0.015132633825029052,0.022710665382073225,0.049638540171315526,0.17831623543970343,-0.01337765141208715,0.6555555555555556,0.9666666666666667,451.5141357421875,0.04671880676666337,441.6688995361328,0.0700512032853239,452.77691650390625,0.04379954051448735,415.59061645507813,0.13719684393651066,462.52182644274626,452.9015972353286,1,1,1,61.59854368398503,0,0,9.620229207417651,6.416534673323178,3.203694534094473,0,483.7588650477071,419.26940643666785,451.5141357421875,0.1428293236158224,0.8270953441768448,12.209171307323338,0.025833592725913665,18.239539798246756,28.33568227622291,15.651867483326106,0,77.60750619684636,88.59208274148165,6661141.142857143,7564228.666666667,0.8806107583990466,0,533670390.0,452.2799027872228,31613085.252406247,0.21433435031984271,0.33921577117187657,0.37624738153758025,0.9015764303412038,0.25845336127501933,0.8813085194734309,1.2846658408315836,0.8813085194734309,2.1808711573902015,0.023645522474923537,-0.00202870128210536,1.0,1.0,1.0,0.0,1.0,1839.7930908203125,0.05209405080695917,0.07865108791670683,0.3187512567293438,0.3832,0.41280877781776976
2022-01-12,480.0421486384668,486.6986094646171,477.1269129179903,483.8805541992188,9296587.0,0,1,0.023851074779662085,0.009017252022069489,0.04162746116035354,0.07944940026685687,0.17192280791433467,0.023571081255165893,0.7444444444444445,0.9333333333333333,453.4381927490234,0.06713673867133892,442.0507958984375,0.09462658746211557,453.43041534423827,0.06715504259206609,416.31053283691404,0.162306778312464,465.8077845591266,455.19633478820936,1,1,1,66.02479864138297,0,0,10.611449770917261,7.255517692841995,3.3559320780752664,0,488.60647245535796,418.26991304268887,453.4381927490234,0.15511829514458247,0.9328099313415106,12.343535646962625,0.02550946827650499,19.24211195532503,28.077742054714143,14.375669864991693,0,94.47093981625613,87.75654685743395,7196411.714285715,7601329.7,0.9467306377048366,0,542966977.0,454.4103456207777,31834818.844138883,0.24731592175420183,0.33628849199764826,0.37113292338023,0.9061133378703694,0.257458169841561,0.902328674875345,1.3153065018681351,0.902328674875345,2.2328872784499234,0.019781114292693896,0.01572932732626438,1.0,1.0,1.0,0.0,1.0,1826.0235595703125,-0.007484282509105711,0.06577756783484245,0.3172015325574159,0.3438,0.3689407748437152
2022-01-13,488.0104676955219,494.618323415371,485.0466269427736,493.1607055664063,9366574.0,0,1,0.0191785995255489,0.029620654840645466,0.06595250001533648,0.10590547277062212,0.17449656381102896,0.018997008289519095,0.8666666666666667,0.9444444444444444,456.2076675415039,0.0810004755598295,442.7290740966797,0.11391081909997565,454.2408508300781,0.08568109773748046,417.01412063598633,0.18259953599242434,470.01592625255427,458.0085104014091,1,1,1,69.17489413099105,0,0,12.00741585114514,8.205897324502624,3.801518526642516,0,494.7436694858527,417.6716655971551,456.2076675415039,0.16894061492661328,0.979461233138139,12.228838044761877,0.024796862172376,20.67688294797463,30.942627494161748,13.474038674073189,0,97.52475343627717,89.86773314979321,7811088.857142857,7654368.666666667,1.0204746070252244,0,552333551.0,457.6113755010961,32014456.615811303,0.24723585964935368,0.33700059599434695,0.36479310054888014,0.9238129654516063,0.2543263486799367,0.9196340751711984,1.313652761121839,0.9196340751711984,2.275710929349007,0.019408879021705593,0.008534985463794414,0.0,0.0,0.0,0.0,1.0,1849.221923828125,0.01270430720142035,0.07815584480839832,0.3128728213509683,0.3401,0.370811533996878
2022-01-14,491.7030961223239,495.1042044947116,488.7878603745632,492.043212890625,5461072.0,0,1,-0.002265980770908782,0.041122582803138075,0.06521506172699199,0.11826420691069095,0.19239377572518612,-0.0022685519902926527,0.8555555555555555,0.9777777777777777,458.9382720947266,0.0721337548180454,443.38500244140624,0.10974257176334913,454.9060107421875,0.08163708825884157,417.73214630126955,0.17789166394621234,473.40473958148823,460.52959947468435,1,1,1,68.35304171950222,0,0,12.875140106803883,9.139745880962877,3.7353942258410058,0,499.55552273312804,418.3210214563251,458.9382720947266,0.17700528854572367,0.9075231616563363,11.806517050146631,0.023994878378235187,22.038786618888423,30.05415829002356,12.959149526760037,0,94.84452980632,95.61340768628442,7949951.857142857,7638458.466666667,1.040779614346993,0,546872479.0,461.1263360834507,32002081.931670755,0.24852537669206473,0.33092346876020406,0.35040570713050573,0.9444009102196339,0.2521893816539861,0.917550202040588,1.306645197029833,0.917550202040588,2.2705542121429554,0.012836970320231728,-0.0029556479817431556,0.0,1.0,0.0,0.0,1.0,1866.0843505859373,0.009118660416325142,0.09023870629923714,0.30949985101306343,0.3132,0.3391903040277402
2022-01-17,494.6183215845134,494.6183215845134,481.98563360691287,491.6545104980469,6721706.0,0,1,-0.0007899761289147378,0.016065858053943227,0.056042601611883125,0.10433266522626061,0.20078321857203374,-0.0007902883244857262,0.8222222222222222,0.9888888888888889,462.4778549194336,0.06308768142789462,444.08757446289064,0.10711161214696646,455.46865142822264,0.07944752938836838,418.5681381225586,0.17461045339788445,476.2123966455742,462.83514843937786,1,1,1,68.05018872200817,0,0,13.377248206196327,9.987246346009567,3.3900018601867608,0,501.42831426614964,423.5273955727175,462.4778549194336,0.16844248403418782,0.8745354492343516,11.865529259250481,0.024133876545199755,22.37102133673354,27.768637434900345,16.06847915988151,0,94.18985842581924,95.51971388947213,7177013.142857143,7590486.9,0.9455273735940631,0,540150773.0,464.2381365799698,31996771.94438517,0.25554913395472234,0.32902577079717826,0.3502907517343652,0.9392933417970659,0.24940425710839084,0.916825359283895,1.3056129785152184,0.916825359283895,2.2642231060753186,0.025694237941199002,0.0052335010958901775,0.0,0.0,0.0,0.0,1.0,1873.617431640625,0.0040368384485527375,0.09614156259444773,0.2855736287602927,0.2896,0.3379898293693193
2022-01-18,494.4239844048861,497.87366827143234,479.8478052696559,481.9856567382813,6194537.0,0,1,-0.019665951503162304,-0.0226600552355245,0.0050658962333192115,0.09190976180244115,0.12090395624574946,-0.019861899585972728,0.5222222222222223,0.8111111111111111,464.93394165039064,0.036675565193975,444.69783081054686,0.08384980394388308,455.7378253173828,0.057594147254771064,419.2954689025879,0.1495131535758565,477.1005905059907,464.253704609667,1,1,1,60.83021163167109,0,0,12.84688589632367,10.559174256072389,2.287711640251281,0,502.1794399190246,427.68844338175666,464.93394165039064,0.16021845226624007,0.7289097458826406,12.305553098002335,0.025530952894484704,22.92003846987336,26.752725675029723,14.387192893219481,0,74.43319666162631,87.82252829792185,6733354.285714285,7186847.0,0.9368996286847745,0,533956236.0,466.4660357684626,31874950.480158627,0.2504571171781566,0.31107264286705616,0.3487621663749439,0.891933451670991,0.24579066422957027,0.8987951162313486,1.2415519968269162,0.8987951162313486,2.204508314531657,0.03739916893743685,0.005632967556900328,1.0,0.0,0.0,1.0,1.0,1836.8494873046875,-0.01962404048714561,0.08348538280175788,0.29003937502867105,0.2891,0.31331767639118285
2022-01-19,481.20828662383366,491.94606037583776,476.4467109077972,490.5370178222656,5799747.0,0,1,0.017741940998521777,-0.0030611032301631758,0.024142920984869365,0.12265106541002302,0.10350867316710821,0.017586389920591753,0.6444444444444445,0.7555555555555555,466.94788360595703,0.05051770239141878,445.7677227783203,0.10043189032376176,456.1916305541992,0.07528719285433254,420.0655564880371,0.16776300804904357,479.167733170033,466.20061669948916,1,1,1,64.42517293492956,0,0,12.967116470543829,11.040762698966677,1.9263537715771513,0,505.19458740249183,428.70117980942223,466.94788360595703,0.163815728218655,0.8083812704723302,12.533681410147924,0.025550938980693206,22.973346913812186,24.38966528888728,15.054636205348086,0,86.71948380794511,85.11417963179689,6883756.571428572,6923490.466666667,0.9942610023904279,0,539755983.0,468.5438235872673,31977849.24923898,0.2690630707459876,0.30136910435765346,0.349425870307065,0.8624693532073607,0.24179019770910096,0.9147414861532847,1.2635795391012161,0.9147414861532847,2.0840191908800727,0.031596696895271614,-0.0016128490621656855,0.0,0.0,0.0,1.0,1.0,1845.1810302734373,0.004535778802962742,0.05517516850058701,0.2845482759222528,0.2489,0.26623418112676805
2022-01-20,489.61387195113326,493.64660898719046,484.0263365147625,489.1765747070313,4243563.0,0,1,-0.0027733750273811753,-0.00503999401633759,0.035057014431344236,0.058563847937462166,0.10479537524446259,-0.0027772279572976758,0.6888888888888889,0.7555555555555555,468.993408203125,0.043035075015734135,446.728779296875,0.0950191645968425,456.64300659179685,0.07124508126830227,420.8054388427734,0.16247683502447213,480.7075549449558,467.9025395148626,1,1,1,63.42781155454804,0,0,12.805015430093192,11.39361324519198,1.4114021849012115,0,507.40878554216295,430.57803086408705,468.993408203125,0.16382054275014424,0.7626964499890002,12.325580771739359,0.02519658832625248,23.163396975940312,24.015412484026015,14.215326567525581,0,77.81914485854264,79.65727510937135,6726255.142857143,6878734.833333333,0.9778331780231888,0,535512420.0,470.1970808702327,31966080.25758766,0.24797916631570824,0.3011451548951679,0.3458830239202295,0.8706560717608984,0.2429379862010443,0.9122045649590775,1.2600751591623631,0.9122045649590775,2.0070581195658126,0.01966625748215679,-0.0018819086788407118,0.0,0.0,0.0,1.0,1.0,1861.694091796875,0.008949290748447858,0.01190405654083504,0.2851139100012933,0.2456,0.261972701237304
2022-01-21,486.8443714975102,501.2261893722382,485.1438173056527,492.3833312988281,14173177.0,0,1,0.006555417322911206,0.021572580874938296,0.017572057868042945,0.05993099918480582,0.11338168213588196,0.006534024018567459,0.6111111111111112,0.7888888888888889,471.3158813476563,0.04469921508040992,447.47022216796876,0.10037116864058085,457.08417907714846,0.07722680818432294,421.48197830200195,0.16821918052691603,482.5038282301669,469.7159314988601,1,1,1,64.81067158867015,0,0,12.78789673130683,11.672469942414951,1.1154267888918792,0,509.4768679651737,433.15489473013884,471.3158813476563,0.16193380332698268,0.7760338741019479,12.593923007085511,0.02557747634117663,23.9247498082092,26.123760632772054,12.918691159784306,0,79.22379518081065,81.2541412824328,7422910.857142857,7174215.666666667,1.034665140000139,0,549685597.0,473.00080234670713,32058991.347614147,0.21273140075274208,0.30096908908787434,0.34336842452388466,0.8765194106161587,0.24784217787546417,0.918184446566249,1.268335477688906,0.918184446566249,1.9937685126225932,0.03266229996893432,-0.0047676101639123735,0.0,0.0,1.0,1.0,1.0,1824.2774658203125,-0.020098160133520393,-0.0009562273941365884,0.2916658085419549,0.2377,0.2477054126557748
2022-01-24,484.8522859767045,486.35847919500446,462.06484886558366,464.8829040527344,11020372.0,0,1,-0.055851661699334976,-0.0522980179628898,-0.057339932388153714,0.004830855735473705,0.04397161283319018,-0.05747198715115795,0.13333333333333333,0.5555555555555556,472.5597152709961,-0.016245166420627587,447.9075073242187,0.0378993351326616,457.1730938720703,0.016864094331022678,422.0625132751465,0.10145509120274053,479.7929168182542,469.35792946581375,1,1,1,48.03605111558132,0,0,10.43498735244043,11.424973424420047,-0.989986071979617,0,507.94447401670993,437.17495652528225,472.5597152709961,0.14975782997254408,0.3915237592344527,13.859962966096866,0.029813879678665597,22.335666895970657,22.041948150030063,22.794112996386513,0,14.61178479695654,57.21824161210328,7659167.714285715,7228187.8,1.0596248916340711,0,538665225.0,474.1830008990366,31443485.258869324,0.3869420999303139,0.34882085815933517,0.3551625761748658,0.9821441828589276,0.2594846727237542,0.8669023194790396,1.1974968336677607,0.8669023194790396,1.8824132281488097,0.052257525750323226,-0.015295085847561,1.0,1.0,1.0,1.0,1.0,1711.9783935546875,-0.06155810964596231,-0.07421690631340017,0.3429219072790157,0.4456,0.45387353851386486
2022-01-25,462.1134249851169,472.7540469481291,461.23886022295534,472.0252380371094,5498495.0,0,1,0.015363726912970721,-0.03506164758644437,-0.04068336749513379,0.021878525909401203,0.05208998443086266,0.01524689993953231,0.2111111111111111,0.5777777777777777,473.9007232666016,-0.003957548780606334,448.68781799316406,0.05201260009314732,457.4009683227539,0.03197253772326126,422.6886520385742,0.11672086714557159,478.5978893134627,469.55550787850234,1,1,1,51.54389366516099,0,0,9.042381434960362,10.948455026528112,-1.9060735915677505,0,506.87097752620144,440.9304690070017,473.9007232666016,0.13914413986260935,0.4715579198339649,13.692478948888072,0.029007938231920567,20.931169967814114,20.717878461419804,21.855747991164456,0,28.95980109200297,40.93179368992339,7664513.857142857,7143882.333333333,1.072877953403608,0,544163720.0,474.5675678651156,31527962.634481657,0.41211928319642793,0.35070885696931303,0.3538733973295699,0.9910574222754878,0.2604316807138793,0.8802211699757365,1.2158948479993794,0.8802211699757365,1.8558545183818576,0.024395277619177758,-0.005957369142796646,1.0,1.0,1.0,1.0,1.0,1737.5213623046875,0.014920146683021773,-0.06889452142979602,0.3455835994093942,0.4539,0.4612740071138176
2022-01-26,462.1134249851169,472.7540469481291,461.23886022295534,472.0252380371094,5498495.0,0,1,0.0,-0.04134602446434843,-0.0399249311087434,0.013880173494630554,0.05977965649248285,0.0,0.23333333333333334,0.6,475.4312210083008,-0.007163986757049637,449.4720159912109,0.05017714394557427,457.68714752197263,0.03132727364700229,423.31479080200194,0.11506908875738031,477.58671219402373,469.738450853214,1,1,1,51.54389366516099,0,0,7.848261340809756,10.32841628938444,-2.4801549485746843,0,504.6843596620699,446.1780823545317,475.4312210083008,0.12305939265716988,0.44178431566773835,13.53695807576562,0.02867846247386751,19.62699424881161,19.45904828228334,20.52778020671624,0,26.974489278555584,23.5153583891717,7489769.428571428,7205461.566666666,1.0394572726915934,0,544163720.0,475.02189464239086,31527962.634481657,0.4125605552890464,0.3497231492853572,0.3513333078054684,0.9954170057767402,0.2622891413353064,0.8802211699757365,1.2158948479993794,0.8802211699757365,1.7805257029729622,0.024395277619177758,-0.020998481126157948,1.0,1.0,1.0,1.0,1.0,1737.5213623046875,0.0,-0.07263813147637377,0.3426380524053354,0.449,0.4588333943820463
2022-01-27,468.9642433469048,478.924631729649,464.9315066644655,475.32916259765625,6746500.0,0,1,0.006999465906285085,0.022470730701976693,-0.013810564790809776,-0.008814631445644316,0.08579356533097826,0.006975083355237008,0.3888888888888889,0.7,477.3504180908203,-0.0042343222432864825,450.4214111328125,0.05529877321373463,457.9359140014648,0.03798183995705519,423.97433807373045,0.12112720019152441,477.2393968715057,470.1525776490986,1,1,1,53.23743425963745,0,0,7.086819222407087,9.680096875988971,-2.5932776535818842,0,500.33767287345887,454.36316330818175,477.3504180908203,0.09631186613212528,0.4560353005986029,13.569541432152612,0.02854767285473412,18.625402849382052,21.273856329789552,19.015739449957483,0,35.23691797993868,30.39040278349908,7568621.285714285,7134364.333333333,1.0608683453902132,0,550910220.0,475.8403176966315,31575184.53121841,0.4055622527809725,0.3451808656574179,0.3506588985171767,0.9843778872205337,0.2607396968693079,0.8863822480449721,1.2244054625335787,0.8863822480449721,1.792988431926186,0.029438810336634084,-0.006484811496379999,1.0,1.0,1.0,1.0,1.0,1682.24462890625,-0.0318135561367241,-0.08416849582232122,0.35550608293848546,0.4332,0.4210608695556365
2022-01-28,479.1189947354848,492.2861609708131,474.648990206314,476.4953002929688,6616401.0,0,1,0.002453326635672104,0.00946996451810067,-0.028625194468778092,-0.005173369292144958,0.08930361036890377,0.0024503221428795927,0.3,0.7111111111111111,478.0695114135742,-0.0032928498534673845,451.3941290283203,0.05560810309757849,458.19634185791017,0.03993693699268614,424.6703567504883,0.12203569832148624,477.1249204748077,470.6224089560519,1,1,1,53.85051594506667,0,0,6.502511518755796,9.044579804542337,-2.5420682857865415,0,499.92159586087485,456.2174269662736,478.0695114135742,0.0914180215453922,0.46398029843784827,13.860086384463077,0.029087561568689826,18.762345422113015,26.226115132270728,17.28732389864522,0,38.153186008140985,33.45486442221175,7685286.142857143,6876980.966666667,1.1175377945799767,0,557526621.0,478.58792467161874,31591416.724023998,0.38450301403502174,0.345021505576628,0.35067773321226414,0.9838705823040881,0.26416160612739475,0.8885568332234878,1.2274093290676749,0.8885568332234878,1.764310265564544,0.03701436457747862,0.007973068845844165,1.0,1.0,1.0,1.0,1.0,1689.9273681640625,0.004566957222391421,-0.08414007057419604,0.3413742520160067,0.4416,0.4468472394526797
2022-01-31,484.8036911109073,485.6296804905277,474.3574298497304,475.2319946289063,4846015.0,0,1,-0.0026512447515972815,0.006793612572776997,-0.02850623026353305,0.005551440842079369,0.1291849354433532,-0.0026547655252957395,0.3111111111111111,0.8333333333333334,478.6039703369141,-0.007045440315996666,452.3056262207031,0.05068778073747913,458.3003186035156,0.0369444997921518,425.3656080627441,0.11723182509575758,476.8337011138998,470.9638597466337,1,1,1,53.03925472470744,0,0,5.869841367266076,8.409632117087085,-2.539790749821009,0,499.5678825122356,457.64005816159255,478.6039703369141,0.08760442233926286,0.4195766591701043,13.675240974201234,0.028775926555365445,18.857605973084762,24.68199325295054,16.421781500063975,0,34.99392108362888,36.12800835723618,7771350.714285715,6840113.066666666,1.1361436044320916,0,552680606.0,479.17957470483856,31578568.752189085,0.38452206533966254,0.3224737349339314,0.3504798556557902,0.9200920672902698,0.2568384026451178,0.8862010515829081,1.2241551665259227,0.8862010515829081,1.7187897895302573,0.023719469160739932,0.017436459106375608,1.0,1.0,1.0,1.0,1.0,1711.130126953125,0.012546550336123063,-0.08087470734702085,0.32633556202734526,0.366,0.3628199941321813
2022-02-01,478.8760529923273,498.1652320189632,473.9201758830588,496.5618286132813,9809417.0,0,1,0.04488299236045923,0.04466939478232157,0.008486268825207643,0.026207447900130854,0.1471545750043095,0.043904910114720815,0.5555555555555556,0.8555555555555555,480.2996658325195,0.03385836788492044,453.4872680664063,0.09498515962870963,458.62148040771484,0.08272693239714256,426.0811349487305,0.165416132946209,479.8687976522662,472.86000558860763,1,1,1,63.13701511830097,0,0,7.008792063658575,8.129464106401384,-1.1206720427428092,0,501.31564016206033,459.2836915029787,480.2996658325195,0.08751192567712131,0.8869000438847868,14.430227771465747,0.029060284016925318,19.78178868378296,27.924882570605263,14.45098291657195,0,88.33540309345581,53.82750339507523,7147956.428571428,6999446.633333334,1.0212173623170222,0,562490023.0,480.4239140502283,32018844.740460645,0.4812638609832188,0.33568875094078077,0.3605690636477034,0.9309970953824477,0.26675522962729226,0.9259764066109347,1.2790989135131223,0.9259764066109347,1.7803983042774463,0.04882585559105929,0.007667956712945036,1.0,1.0,1.0,1.0,1.0,1743.009033203125,0.018630322584971548,-0.04454828508263353,0.32608342351136377,0.3707,0.38351522376040764
2022-02-02,500.44881799386906,503.7527756621562,493.3064842720202,499.4284973144531,7283452.0,0,1,0.0057730347682531935,0.04812890495957478,0.07431031117848996,0.012709430571618885,0.10920472059894015,0.005756434661057787,0.8888888888888888,0.7666666666666667,482.1751342773438,0.03578235750992779,454.68931762695314,0.09839505339821057,458.8853094482422,0.08835146175186898,426.82860763549803,0.1700914333768222,482.8779822156796,474.82804201274433,1,1,1,64.24963116750519,0,0,8.049940202935261,8.11355932570816,-0.0636191227728986,0,502.9782640586278,461.37200449605973,482.1751342773438,0.08628868766724178,0.9146819064848524,14.145660887085048,0.028323695910725283,20.959896188555618,29.273316785990886,13.688713939203506,0,89.8285577721318,71.0526273164055,6614110.714285715,6983365.766666667,0.9471236270991994,0,569773475.0,481.8636403586587,32060892.36208955,0.25274630471392895,0.3191154192250651,0.3535844077562711,0.9025155301673659,0.26101143089925155,0.9313221006008817,1.2864831960128684,0.9313221006008817,1.7662306459333224,0.02091649044119065,0.007827805434506944,1.0,1.0,1.0,1.0,1.0,1775.38671875,0.01857574168010734,0.037038040569924435,0.32382492638758875,0.3333,0.32964315245536263
2022-02-03,498.5053092785101,501.90641762641417,494.6183283094769,498.1652221679688,5078613.0,0,1,-0.0025294414581411573,0.04825690988455089,0.05537836120704287,0.012442015491644698,0.11131589322274027,-0.0025326458999587816,0.8222222222222222,0.7777777777777778,483.8052383422852,0.029681331841066482,455.964248046875,0.09255325236981159,459.17051696777344,0.08492423567981867,427.5236820983887,0.1652342151500345,485.2298652852625,476.5567220242424,1,1,1,63.34232481486804,0,0,8.67314326102013,8.225476112770554,0.4476671482495753,1,504.23348654404566,463.3769901405247,483.8052383422852,0.08444823074572745,0.8514736967129198,13.655834346360207,0.027412259504851186,22.05385315727309,28.15738064403512,13.166882718869727,0,86.85711857761459,88.34035981440074,6554127.571428572,6919764.033333333,0.947160559212215,0,564694862.0,483.79971035309796,32048046.307817493,0.26035126927277563,0.3187543218886737,0.3534049191228072,0.901952136602568,0.2599929188552919,0.9289663758687388,1.2832291120816715,0.9289663758687388,1.7149387068956716,0.014629863733201149,-0.001848488904632486,1.0,1.0,1.0,1.0,1.0,1747.9478759765625,-0.015455135764875116,0.006000797399143831,0.3269154005681541,0.3455,0.3381276016629752
2022-02-04,498.50531371359887,513.5673651026062,497.5821438631157,510.3120422363281,12631663.0,0,1,0.024383115335706362,0.02769083894637303,0.08111177351116283,0.03794846043287814,0.1443670875637415,0.02409059271589436,0.9,0.8666666666666667,485.34302673339846,0.051446119811350007,458.0661334228516,0.11405756724050832,459.6767965698242,0.11015401700575614,428.31688674926755,0.1914357290681834,489.08866173927265,479.0571161140265,1,1,1,68.01888232870789,0,0,10.031545625246167,8.586690015265678,1.4448556099804897,0,508.8265008210136,461.8595526457833,485.34302673339846,0.09677062528608142,1.0316295069837638,13.822219124440947,0.027085818049419664,23.693953083643503,31.857390141443904,12.079216076587608,0,93.7790638701317,90.15491340662602,7573151.571428572,7236748.933333334,1.0464853266562457,0,577326525.0,486.325421209236,32356045.603628267,0.2703590554062393,0.32306387694872846,0.3510280266980184,0.9203364186833238,0.2621141803676569,0.9516174701545392,1.3145182355236948,0.9516174701545392,1.7494889424456888,0.03132440529805824,0.0006826882538086714,1.0,1.0,1.0,1.0,0.0,1753.385986328125,0.0031111398836902726,0.009130606602956615,0.32515231648478543,0.3545,0.35344243847345663
2022-02-07,512.9357388117239,518.1831872166496,504.7731137837168,507.8340759277344,10939353.0,0,1,-0.004855786466912759,0.016830394457825415,0.06838400815224555,0.05362902158619387,0.154152024216188,-0.0048676141018656185,0.8666666666666667,0.8888888888888888,486.7860702514648,0.04323871811984377,460.0572399902344,0.10384976430001218,460.43670166015625,0.10294004386853084,429.07092086791994,0.18356675139040696,491.97257161442064,481.1887427668937,1,1,1,66.164480901126,0,0,10.783828847526934,9.026117781717929,1.757711065809005,0,512.0972891810202,461.47485132190945,486.7860702514648,0.10399319321721778,0.9157841180001854,13.79278014647608,0.027160013083562386,25.4338426116321,32.035393570261405,11.240354974313814,1,81.82591342231298,87.48736529001975,8172130.571428572,7396503.733333333,1.1048639825056497,0,566387172.0,488.25489846116074,32302926.441374086,0.2868581789668367,0.31989677877347683,0.3460072879693376,0.92453769009,0.2645050198874716,0.9469966189212852,1.308135215665129,0.9469966189212852,1.7409937977149474,0.026406407266851204,0.005141357362248469,1.0,0.0,1.0,0.0,1.0,1727.9427490234375,-0.014510916308832722,0.027164967170618448,0.32392261859227806,0.3991,0.3955470037484435
2022-02-08,511.1380209060477,518.0373887187422,499.5256528655438,511.9154052734375,9863290.0,0,1,0.008036737862159304,0.027601652009406008,0.07433463658233563,0.04358159868562228,0.1498417929763758,0.008004615276851623,0.8888888888888888,0.8888888888888888,488.75142364501954,0.047394197761441145,462.2737908935547,0.10738574273035852,461.17328491210935,0.11002831695031642,429.8810694885254,0.190830305420327,495.040699869654,483.4647918414525,1,1,1,67.72521372646641,0,0,11.575908028201525,9.53607583101465,2.0398321971868754,0,515.4912919998063,462.01155529023276,488.75142364501954,0.10942113745824283,0.9331356706973336,14.129848411241964,0.027601920680028303,26.379603608801315,29.03753134239315,12.841158770343764,1,88.99314071460334,88.199372669016,8635971.857142856,7628953.266666667,1.1319995752072798,0,576250462.0,490.02935759988355,32382195.117562544,0.28307707665468995,0.3193720268134,0.342193909277766,0.9333071634368542,0.27090025821878666,0.9546073825039068,1.3186483554816888,0.9546073825039068,1.7368840911812102,0.03616170887318868,0.006505953686304977,1.0,1.0,1.0,0.0,1.0,1712.177978515625,-0.009123433352593469,0.013166607494933702,0.32303181838483375,0.3915,0.3884307128404029
2022-02-09,520.8554340142191,529.0181175252575,517.0656039603897,526.9774169921875,9235351.0,0,1,0.02942285300186409,0.03265722416196004,0.10888455101531536,0.07727443266839829,0.19383591154384572,0.02899830830276535,0.9777777777777777,0.9888888888888889,490.906266784668,0.07347869165284424,464.5554479980469,0.13436925401077865,461.9438787841797,0.1407823356793337,430.74457275390625,0.22341046254635263,499.9540409654284,486.68794926002545,1,1,1,72.72534113599173,1,0,13.266091705402971,10.282079005892314,2.9840126995106573,0,522.4990103796896,459.31352318964633,490.906266784668,0.1287119180691964,1.070877139856945,14.342195828426108,0.02721595910178962,27.804979191030036,32.03295001963291,11.747389995542102,1,96.9891960840346,89.26941674031697,9263019.857142856,7835119.766666667,1.182243556320731,0,585485813.0,492.48978951454205,32653925.49245616,0.286195940559029,0.3243842993136107,0.34630031779337433,0.9367138366507645,0.27242978224068054,0.9826946551938134,1.3574467522061764,0.9826946551938134,1.7879881764773111,0.022681263332096416,0.017463879087612766,0.0,0.0,0.0,0.0,1.0,1779.1783447265625,0.03913165982255151,0.03976799701061062,0.3377586030794647,0.4203,0.40511804920778083
2022-02-10,532.2248338034173,537.8609438460949,525.7141293960926,531.7875366210938,10906403.0,0,1,0.009127752867211791,0.047167887758615024,0.07093921839740513,0.08002749650018348,0.21705767937732978,0.009086346703766585,0.8444444444444444,1.0,492.83760833740234,0.07903197244846995,466.7933758544922,0.13923539649127628,462.5657955932617,0.149647340307668,431.5411688232422,0.23229850368902383,504.85150183553077,490.0286594349194,1,1,1,74.10505874065625,1,0,14.822842400611364,11.190231684836125,3.6326107157752396,0,529.3502622440036,456.3249544308011,492.83760833740234,0.14817316409669887,1.0333757494501037,14.185382872824404,0.026674906604536863,29.503211161713566,34.52638355887396,11.02887690243701,1,92.0735551190793,92.68529730590576,9419732.142857144,8070545.633333334,1.1671741380101166,0,596392216.0,495.28415333636883,32753476.44371038,0.20081008619169585,0.3208700852409407,0.3451122043250727,0.9297558336670773,0.27375715601021194,0.9887082204155374,1.3698371906907134,0.9887082204155374,1.8043084906816926,0.022841480127912473,0.009957574351440469,0.0,0.0,0.0,0.0,1.0,1782.121826171875,0.0016544049414928264,0.02243981082351154,0.33511807706615127,0.4092,0.39318115437747214
2022-02-11,532.2733898646104,538.2010113766474,524.2564926188176,527.3660888671875,9110193.0,0,1,-0.008314312482762487,0.030182103204136057,0.05593912182216565,0.13440628655031217,0.14120484333763716,-0.008349069164812411,0.7666666666666667,0.8333333333333334,494.60375213623047,0.0662395636698146,469.0876654052734,0.12423780832430076,463.1872259521484,0.13855922469172186,432.2425537109375,0.22006980650004193,508.3152844557857,492.79439494842075,1,1,1,70.57118063812477,1,0,15.520889507364927,12.056363249341885,3.4645262580230423,0,534.2383346644841,454.96916960797677,494.60375213623047,0.16026802205631865,0.9133049302033431,14.168178293181938,0.02686592595215213,30.89548203661272,32.09914438541461,10.988400365358212,1,85.92175199492178,91.6615010660119,9680695.142857144,7765632.133333334,1.2466074849597317,0,587282023.0,497.34180269796923,32677731.452330105,0.22862126071813016,0.2871126122541648,0.3459099315683079,0.8300213033850627,0.2652917149548846,0.9798682605932946,1.3584479362368014,0.9798682605932946,1.7893069060748634,0.026441819169267227,0.0009136228475825214,0.0,0.0,0.0,0.0,1.0,1760.3702392578125,-0.012205443306188779,-0.008458145672487705,0.3371038807437482,0.4465,0.37914892255122
2022-02-14,515.9967330822841,518.8633934615327,505.0160235059347,506.522216796875,4995178.0,0,1,-0.0395244831063869,-0.038816084970137776,0.01677554806523296,0.07308291163247826,0.09036712908744304,-0.04032678705819922,0.5666666666666667,0.7,495.3471374511719,0.022560096749937697,471.0292126464844,0.07535202318126442,463.57446655273435,0.09264477088980286,432.7207745361328,0.17055211259467662,508.03942789287635,493.81127064089884,1,1,1,56.81583041080877,0,0,14.228157251977507,12.49072204986901,1.7374352021084967,0,535.3052074930617,455.38906740928195,495.3471374511719,0.16133360635733443,0.6398350737909488,14.752598798044144,0.02912527488199045,30.111602209813718,28.625577336190617,19.115082062423202,1,58.8384756599248,78.9445942579753,9668775.857142856,7747148.3,1.2480432131579122,0,582286845.0,498.0717547338893,32480299.62385571,0.369345706419555,0.31497892821687823,0.35736378756603926,0.8813957630182983,0.267904171482457,0.9411394740809902,1.3047559837301037,0.9411394740809902,1.718585475493566,0.027338129496402887,-0.02155875401341302,1.0,0.0,0.0,1.0,1.0,1660.2437744140625,-0.05687807178901427,-0.050175467339665714,0.37661718284744317,0.5468,0.45510324325403295
2022-02-15,511.57529510367743,521.1955374242111,499.1855432538725,518.7661743164062,8233217.0,0,1,0.024172597200097456,-0.024486023849719207,0.016566593339694347,0.09902211261767802,0.12129797486775606,0.02388506436725172,0.5666666666666667,0.7888888888888889,497.1861633300781,0.043404287122128425,472.8045904541016,0.09721052796497011,464.1157284545898,0.1177517642933395,433.3227032470703,0.1971820779965413,509.6896965734194,495.65978202426976,1,1,1,61.556068567841315,0,0,14.029914549149623,12.798560549725135,1.2313539994244884,0,537.9327660665627,456.4395605935934,497.1861633300781,0.1639088363343423,0.7648074874596275,15.270984181779465,0.029437123964187715,28.870898727384343,25.67858423573528,19.874342605697812,1,73.47486224100284,72.74502996528314,9040426.42857143,7852794.4,1.1512368678048452,0,590520062.0,499.2688685205834,32679317.862057704,0.36883992921692726,0.31999277687601246,0.35863043280296103,0.8922633095441265,0.27606140713919786,0.9638892594970615,1.3113485168048515,0.9638892594970615,1.76012814994661,0.04242758155799551,0.00997602501773148,0.0,0.0,0.0,1.0,1.0,1740.364990234375,0.04825870577264424,-0.007426200617137391,0.40256377059517656,0.5714,0.45211776687027305
2022-02-16,521.6813910183542,522.7989217314336,511.3323401429426,514.3447265625,4348474.0,0,1,-0.008523007036325247,-0.02469131515956613,0.012820428843558052,0.08208114930635668,0.11349518761884592,-0.008559535564152393,0.5555555555555556,0.7555555555555555,498.37654876708984,0.03204038760433868,474.2009881591797,0.08465553511213869,464.4572964477539,0.10741015481141843,433.9700796508789,0.18520780735916412,510.40585503327793,497.0438519900646,1,1,1,59.03595813654004,0,0,13.362003043213349,12.911249048422778,0.45075399479057054,0,539.6923328558482,457.0607646783315,498.37654876708984,0.16580147758142924,0.6932454889529123,14.999241139401715,0.029161844896603794,27.827398661408477,25.039946448056686,18.789093554534595,1,62.88740706158547,65.06691498750438,8098872.285714285,7848109.166666667,1.031952042679616,0,586171588.0,500.1914262044763,32642255.78755843,0.37251989537909913,0.3216511280944781,0.359376159380858,0.8950263385546401,0.2774288973123414,0.9556740245561297,1.300171884169049,0.9556740245561297,1.7451265653397807,0.022293572766119544,0.005619519633849423,0.0,0.0,1.0,1.0,1.0,1734.2286376953125,-0.0035258997816521864,0.003637787580304641,0.4026763196523677,0.5708,0.4538951376636202
2022-02-17,518.7176112703318,525.4712527330009,513.3730123058722,517.5029296875,5340469.0,0,1,0.006140245951595791,0.0216786401987743,0.010914937031593963,0.08606093149149219,0.1115633611402207,0.006121471455574937,0.5444444444444444,0.7444444444444445,499.7928665161133,0.03543480581233093,475.6955322265625,0.08788688274041988,464.8906945800781,0.11317119426308363,434.6332470703125,0.1906657697628486,511.497712672389,498.5593392269117,1,1,1,60.286636433751376,0,0,12.938373445477339,12.916673927833692,0.02169951764364697,0,541.7183175872458,457.86741544498074,499.7928665161133,0.16777130639490972,0.7112089759194132,14.79202680281079,0.028583464854475556,27.0441247219226,24.86752637757706,17.6914222295853,1,67.80054034734526,68.05426988331119,7452755.0,7621715.566666666,0.9778316882611561,0,591512057.0,501.0977885700257,32675047.580715302,0.37137636594700413,0.32148994094047467,0.3582755556304423,0.8973259154528767,0.2768571541416805,0.9615420981164556,1.3081552593171966,0.9615420981164556,1.7558420716676306,0.023378110022361454,0.008501855821594377,0.0,0.0,1.0,1.0,1.0,1727.0946044921875,-0.004113663589713101,0.008712076760556409,0.4028803075038261,0.5706,0.45328001086245434
2022-02-18,515.9967586596514,522.6046148933558,513.0815227350205,514.6362915039062,3344269.0,0,1,-0.0055393660965838976,-0.007960971661157501,-0.02341869896194093,0.0829159175315406,0.0731509917844484,-0.005554765279095033,0.3333333333333333,0.6333333333333333,500.9055145263672,0.02741191018933427,477.1434326171875,0.07857775319481196,465.3304095458984,0.10595886481204596,435.3592868041992,0.1820955865709177,511.9805709541609,499.75022458076313,1,1,1,58.53956833407926,0,0,12.230346373397765,12.779408416946508,-0.5490620435487426,0,543.1826645499358,458.62836450279866,500.9055145263672,0.1688028931505929,0.6623900495880685,14.4156743282054,0.028011383118899186,26.287173764149003,23.694122345014733,17.00106213935556,1,63.34098694922606,64.67631145271893,6611171.857142857,7423186.233333333,0.8906110731071007,0,588167788.0,502.21022687635997,32656522.450398847,0.3181763329956081,0.3127299314386695,0.3254612727425245,0.9608821621184808,0.27336889816469323,0.9562157644177113,1.3009089084246672,0.9562157644177113,1.7461158196248794,0.018504509525564684,-0.0029104589393496327,0.0,1.0,1.0,1.0,1.0,1732.4326171875,0.0030907471318759594,-0.02627377276573517,0.4020566329261702,0.6037,0.4671433873951699
2022-02-21,513.5673660039902,514.0532386302948,496.7561849959748,497.5335693359375,6308263.0,0,1,-0.033232639147911525,-0.03268461084245167,-0.06441288094640452,0.0019569380219375265,0.038750317457910244,-0.03379739070191171,0.06666666666666667,0.5555555555555556,502.53804779052734,-0.009958407082991371,478.18805908203126,0.04045586226273291,465.3916296386719,0.06906428403583557,435.95083541870116,0.14126073151824634,509.75795532058805,499.58602789596125,1,1,1,49.350751529034625,0,0,10.171927424626801,12.257912218482568,-2.0859847938557667,0,541.3368159991572,463.7392795818975,502.53804779052734,0.15441126648703954,0.4355072508013702,14.663133769614403,0.0294716470874225,24.701304501935205,21.630378002048317,23.472846572045306,0,9.415591023079527,46.85237277321696,5954294.714285715,7475230.633333334,0.7965365894845431,0,581859525.0,504.5727424404727,32446882.222469725,0.35002119594293646,0.32975456129466646,0.3344349302884729,0.986005143093847,0.27861520309024884,0.924438190971273,1.2576762721066865,0.924438190971273,1.6880877826808258,0.03476560115814198,-0.0020770503704516984,1.0,1.0,1.0,1.0,1.0,1681.4462890625,-0.029430482674571934,-0.05649195000637708,0.4007250868141414,0.6501,0.5319079445368406
2022-02-22,487.7188944524002,504.5786790677678,487.3787777121449,501.6148681640625,10664925.0,0,1,0.008203062224670266,-0.030701394353519262,-0.048829875956643454,0.00437774548582226,0.061375410601410385,0.00816959998043805,0.2,0.6222222222222222,504.017529296875,-0.004767018988733033,479.24726013183596,0.04667237539568499,465.59472412109375,0.07736372896184383,436.5186389160156,0.14912588706337263,508.5051726811226,499.73631236026506,1,1,1,51.31468120607828,0,0,8.768860320857527,11.56010183895756,-2.7912415181000334,0,540.0772147902348,467.9578438035151,504.017529296875,0.14308901336691443,0.46668494053761345,14.844331454329295,0.029593085046821576,23.902470622534565,19.840178687511983,26.042418496573735,0,28.011540275651043,33.58937274931889,6176399.285714285,7652525.7,0.8071059840693231,0,592524450.0,505.40131945352624,32534367.265866168,0.3659932822501261,0.32734366688828104,0.331670109513947,0.986955584776674,0.282155236038751,0.9320214149746721,1.2679930688252692,0.9320214149746721,1.7019352718028624,0.034289058094660284,-0.01972665863860609,1.0,1.0,1.0,1.0,1.0,1663.9852294921875,-0.010384547923947052,-0.054752692141774584,0.3684060523788011,0.7681,0.6783349324285795
2022-02-23,505.1131770735089,508.4657101011357,501.08046980862736,504.0442810058594,8928934.0,0,1,0.004843183477971191,-0.020581545982880756,-0.0048920574633142255,0.011801423656804921,0.04167087648316392,0.004831492995775645,0.45555555555555555,0.5666666666666667,505.6184814453125,-0.003113415543975525,480.42015747070315,0.049173880753737666,466.0106314086914,0.08161541182482697,437.0927990722656,0.15317452512532584,507.818881654159,500.0554211488276,1,1,1,52.49547886489184,0,0,7.763460505331409,10.80077357223233,-3.0373130669009214,0,538.3909423486948,472.8460205419302,505.6184814453125,0.12963316059848953,0.47598287714654547,14.311539228484943,0.028393416546508888,22.81970575913049,21.04888673180313,25.082506182238205,0,32.79175685927147,23.406296052667358,6738364.428571428,7640270.6,0.8819536350677721,0,601453384.0,506.6521922884574,32577611.73149086,0.2855208269268897,0.3210509507218294,0.327472305290915,0.9803911522735301,0.28118475879360305,0.9365353656927926,1.2741341919063855,0.9365353656927926,1.7101780565918343,0.014651967239407069,0.00697409333628884,1.0,1.0,1.0,1.0,1.0,1684.9384765625,0.012592207369957809,0.014874142297056858,0.3709066592201827,0.7892,0.6786733081617567
2022-02-24,490.8285355232959,512.4984725600126,490.8285355232959,503.0239562988281,24819208.0,0,1,-0.0020242759326524196,0.011035209081909247,-0.030345498216652445,-0.014281626405603931,0.020000074257931155,-0.0020263275483365668,0.3111111111111111,0.5,507.0032211303711,-0.007848598718310236,481.72521240234374,0.04421347139019032,466.4007873535156,0.07852295694679737,437.7491961669922,0.1491145174072118,507.08120083026193,500.2753126414202,1,1,1,51.92586186426505,0,0,6.80588818884172,10.00179649555421,-3.1959083067124894,0,536.5706322961726,477.43580996456967,507.0032211303711,0.1166359894119823,0.43270860256873744,14.83713907193007,0.029495889581680017,22.509801967487608,18.8530068620873,27.401287338217923,0,30.78412233898098,30.52913982463451,9107791.714285715,8155358.4,1.1167861996458321,1,576634176.0,507.310331910475,32527370.806068968,0.22843050511852,0.31676902433523074,0.32643405613289406,0.9703920849676034,0.28907226054621094,0.9346395596919429,1.27155499272674,0.9346395596919429,1.7067161843113252,0.04307933402647604,-0.026219413612213662,1.0,1.0,1.0,1.0,1.0,1540.510986328125,-0.08571677378335285,-0.11483453472557825,0.43941704776305585,0.6729,0.4818617478504825
2022-02-25,510.16626277605576,531.447507747535,508.31992305318806,518.8148193359375,13815949.0,0,1,0.03139187078344352,0.034289157406413695,0.008690849818393742,0.021622699083638786,0.054409055432420805,0.03090922087343318,0.5444444444444444,0.6111111111111112,509.1191970825195,0.019043914095123946,483.3528863525391,0.07336654850868903,466.9862643432617,0.11098518082874234,438.46235107421876,0.18325967569360918,508.8863729080582,501.6486094336067,1,1,1,59.2884545744659,0,0,7.237763474451526,9.448989891333673,-2.2112264168821465,0,535.3643353720472,482.87405879299183,509.1191970825195,0.10310017159016614,0.6847127293912321,15.807597098842702,0.03046866918542497,21.06446583736228,24.993969607256286,23.881994433182413,0,61.85489963175216,41.810259610001545,10460288.142857144,8433854.3,1.2402737551272545,0,590450125.0,509.2046033071541,32961079.291827615,0.30737204063480933,0.32848190604635186,0.32854156523264866,0.9998184120592031,0.2984309246995218,0.963979643978887,1.3114714827524603,0.963979643978887,1.7602931982332382,0.044577725678594485,0.014198740214640298,1.0,1.0,1.0,1.0,1.0,1615.094482421875,0.048414777145811216,-0.06869576057270033,0.46494337966329413,0.7072,0.49690960067217577
2022-02-28,521.8271816278595,563.6608013655106,516.774094636378,557.538818359375,35212827.0,1,0,0.07463934641073422,0.10613063052072169,0.0773635981076497,0.08912295394112624,0.13400529529280059,0.07198511357874693,0.9111111111111111,0.8444444444444444,513.234538269043,0.08632365280745624,486.08640563964843,0.14699529114726273,467.82439453125,0.19176944357084444,439.37153869628906,0.2689461406938509,516.3713645159531,505.78862490958954,1,1,1,71.01272212118299,1,0,10.582739606363589,9.675739834339657,0.9069997720239318,1,542.7186327181741,483.7504438199119,513.234538269043,0.11489520774876323,1.2513250943957275,18.027533501006268,0.03233413155707158,21.417470418705005,33.1142645150066,19.445336199768434,0,91.97454037932376,61.537854116685644,14727767.857142856,9383558.333333334,1.5695290990865607,1,625662952.0,516.0553355018826,35589341.68438187,0.5269481326281577,0.38620688865817415,0.35603152338132416,1.0847547570795606,0.3314873871015307,0.9891388881552441,1.4093588570614204,0.9891388881552441,1.891680332040628,0.08409586056644873,0.005806237947824524,1.0,1.0,1.0,1.0,1.0,1640.7872314453125,0.015907892264550805,-0.04997257985890802,0.4680734263118609,0.6609,0.5484980810173998
2022-03-01,521.8271816278595,563.6608013655106,516.774094636378,557.538818359375,35212827.0,0,1,0.0,0.10837428591206422,0.08336475208558647,0.057993759090516406,0.15675396262283203,0.0,0.9222222222222223,0.9,516.2833877563477,0.07990849905574962,488.5799035644531,0.1411415293421394,468.5541751098633,0.1899132437111401,440.27155822753906,0.26635211369077455,522.7048189534027,509.6219725725366,1,1,1,71.01272212118299,1,0,13.082846380866044,10.357161143644934,2.7256852372211107,0,550.7055699991296,481.8612055135658,516.2833877563477,0.1333460772091584,1.0992564665431446,20.088903017301003,0.03603139791488423,21.745260387094675,27.593736918506167,16.20357568700202,0,91.97454037932376,81.93466013013324,19280419.0,10350834.666666666,1.8626922002811754,1,625662952.0,521.6172891508972,35589341.68438187,0.5207938026297216,0.3796926317162843,0.3442311649058228,1.1030164332162178,0.35862870356014526,0.9891388881552441,1.4093588570614204,0.9891388881552441,1.891680332040628,0.08409586056644873,-0.06405228758169923,1.0,1.0,1.0,0.0,1.0,1640.7872314453125,0.0,-0.052899827002200084,0.46582602814377994,0.6555,0.5374448945429359
2022-03-02,558.9964419380804,596.8945057982892,558.9964419380804,583.144287109375,41248362.0,1,0,0.04592589413836179,0.12399311927091183,0.17207023415063816,0.09657381369746854,0.18878752453431225,0.04490251622891889,1.0,0.9555555555555556,520.4691772460938,0.1204204064396431,491.23762573242186,0.1870920641307205,469.44866638183595,0.24218967667715627,441.3488235473633,0.32127753830252354,532.0031986697061,515.0680699456358,1,1,1,76.25640584513722,1,0,16.935128724070296,11.672754659730007,5.262374064340289,0,565.1059271551934,475.83242733699404,520.4691772460938,0.1715250464793386,1.2020572733332484,21.465101904559088,0.03680924666339581,23.23956236382161,35.03904434884363,14.081517077750467,0,87.44452607017475,90.46453560960742,24271861.714285713,11532455.166666666,2.1046569324146125,1,666911314.0,531.093765323048,37483709.590974696,0.4417593672337163,0.39557411548209437,0.3492130928770684,1.1327585464309786,0.3722180172455103,0.9769637372176435,1.4740849227337858,0.9769637372176435,1.978557442713547,0.06498917111589679,0.0026143894034043845,1.0,0.0,0.0,0.0,0.0,1638.14306640625,-0.0016115221939735358,-0.025753556886074502,0.46526430366076005,0.6281,0.5378117006890414
2022-03-03,596.554427844238,596.554427844238,580.034758728682,589.1691284179688,18676314.0,1,0,0.010331647658692988,0.0567320319537028,0.1745447868687775,0.11719191062045287,0.20440993882592018,0.010278640972010485,1.0,0.9888888888888889,525.0193725585938,0.12218550250203514,494.0556866455078,0.19251563000570462,470.3251806640625,0.2526846374376721,442.43281005859376,0.3316578586021726,540.7979570925157,520.5570372398827,1,1,1,77.29706526765656,1,0,20.240919852633056,13.386387698310617,6.854532154322438,0,577.8791048853724,472.1596402318151,525.0193725585938,0.20136297854753668,1.1067922881523642,21.111856705344582,0.035833270426157485,24.627128485068045,33.0806545788306,13.29447794743696,0,92.94587406272487,90.78831350407445,25416345.85714286,12013546.866666667,2.1156404631561565,0,685587628.0,535.4647743181899,37676666.68678581,0.43902223190138245,0.39493364253685515,0.34895656537027003,1.131755873736893,0.37384763200109844,0.9870573823258961,1.4893146487744628,0.9870573823258961,1.998999201084148,0.028038925189299107,0.022996265300542707,0.0,0.0,0.0,0.0,1.0,1640.1387939453125,0.0012182864732570575,-0.014330917801567478,0.463999386814004,0.6372,0.5461624763158462
2022-03-04,590.6268203766066,600.5386349515247,564.1953346137014,567.304931640625,20490598.0,0,1,-0.03711022136555808,0.017516472323824805,0.12550613709677272,0.1200000963987824,0.15216112240064206,-0.037816329981312985,0.9777777777777777,0.8555555555555555,527.8690170288086,0.07470776525924462,496.48310791015626,0.1426469956421653,470.9830529785156,0.20451240878618876,443.39830764770505,0.27944767008756366,544.8759531768402,524.0198442325303,1,1,1,65.99304501961507,0,0,20.85610894430988,14.88033194751047,5.975776996799411,0,583.464496118802,472.27353793881514,527.8690170288086,0.2106411905094225,0.8546683584467434,22.199816964807347,0.039132071178380724,24.787771700262628,29.21234673700041,16.836261352887096,0,70.6311901396299,83.67386342417652,27068012.14285714,12224127.566666666,2.2143103460951674,0,665097030.0,539.6328061627551,36916256.05909315,0.5685461627818545,0.4150147869283189,0.35953580174259253,1.1543072620774668,0.38515792897389756,0.9446601744222796,1.4340458524754742,0.9446601744222796,1.9248158982223416,0.06406307844481414,0.002474148573520847,1.0,1.0,0.0,0.0,1.0,1611.40283203125,-0.017520445233137116,-0.043642925575106184,0.46327186027556994,0.6354,0.5723033397677733
2022-03-07,570.1714837988715,605.3972465388955,570.1714837988715,602.2390747070312,20963374.0,0,1,0.06157912811612265,0.03274453341952199,0.197237362487092,0.16090659823883025,0.2954640178351573,0.059757543062745784,1.0,1.0,532.5892669677735,0.1307758380783746,499.72776489257814,0.2051343091502811,471.7308111572266,0.27665834086530894,444.5071110534668,0.3548468848557788,553.7010487968696,529.8138613047156,1,1,1,72.82997597795148,1,0,23.887187492154,16.681703056439176,7.205484435714823,0,596.4401847402332,468.73834919531373,532.5892669677735,0.23977545824754037,1.0454096054457904,23.334995388626147,0.03874706303302858,25.121161643308493,27.29338724643516,14.873139445570054,1,97.3240020284449,86.96702207693323,26517178.714285713,12555560.966666667,2.111986774998367,0,686060404.0,544.3779830289678,38207162.35238534,0.6020720119586199,0.4012054525279334,0.37714968718273667,1.0637830711855827,0.3889468927897519,0.9947833065810593,1.5223531457494557,0.9947833065810593,2.043344383018925,0.05849132714804361,0.00505293008815647,0.0,0.0,0.0,0.0,1.0,1560.5662841796875,-0.0315480070166444,0.013018600989899598,0.43819367991220187,0.4346,0.4036827623016922
2022-03-08,600.5385066701042,600.5385066701042,570.7544939014581,573.2810668945312,19477245.0,0,1,-0.04808390725325662,-0.026966894151599474,0.10498205820008844,0.11458529131992501,0.2145135910073126,-0.049278385946210014,0.9444444444444444,0.9777777777777777,535.6575500488282,0.07023800344506204,502.28928466796873,0.14133644573662493,472.2769317626953,0.21386633210064857,445.4689530944824,0.2869158735130534,556.713359273433,533.0336543113685,1,1,1,61.747947889315526,0,0,23.67970496206442,18.081303437564227,5.5984015245001935,0,601.2007706295522,470.11432946810424,535.6575500488282,0.24472060768955586,0.7870130313429243,23.91710863269379,0.041719690416871756,25.430738018993942,24.727020964411512,13.474634993326507,1,72.78715783754971,80.24745000187484,27325935.285714287,13021519.3,2.098521275141395,0,666583159.0,547.7965489220952,37270620.310256384,0.747660907747052,0.43418652100123034,0.3931724579150657,1.104315707421766,0.39658126820536194,0.9469502383303277,1.4491524582825355,0.9469502383303277,1.9450924012193798,0.05195359569431863,-0.0028237424444010387,0.0,0.0,0.0,1.0,1.0,1598.03271484375,0.024008227682399852,-0.01056394394496385,0.4421443660442585,0.3272,0.3245898132864997
2022-03-09,574.5929253202905,582.0267998300036,568.5680932137373,571.4347534179688,15686460.0,0,1,-0.003220607801621589,0.0072797212698301195,0.024923708629803087,0.10421549451524093,0.21060211906093906,-0.003225805120945687,0.6111111111111112,0.9666666666666667,537.8804168701172,0.06238252127322564,504.8896740722656,0.13180122859113658,473.00671234130857,0.20809015709197215,446.4017796325684,0.28009067053521725,558.978189141823,535.8781801711167,1,1,1,61.10947992701494,0,0,23.100008970706313,19.085044544192645,4.014964426513668,0,605.1761995054369,470.5846342347975,537.8804168701172,0.2502258142317523,0.7493048987161999,23.170079917234688,0.0405472011960169,25.551067528395947,23.701086650345864,13.589589001034554,1,71.22273025692006,80.44463004097156,24536454.285714287,13361118.133333333,1.8364072558044908,0,650896699.0,549.771784403857,37220100.37480056,0.630836480699812,0.43470509786495815,0.3927591794438129,1.1067980600238165,0.3963492208040536,0.9439004830050136,1.4444853065696515,0.9439004830050136,1.9388280214571376,0.023552481776379006,0.00228833377119121,1.0,0.0,0.0,1.0,1.0,1652.8604736328125,0.034309534642051,0.007358200963610173,0.45476730681792005,0.3025,0.2921124101272935
2022-03-10,557.295862478272,579.6460016883858,553.700393438869,577.0222778320312,14824703.0,0,1,0.009778061940827643,-0.04187173820839696,0.03494547613740817,0.12122344917770245,0.21394251233950357,0.009730566054007593,0.6222222222222222,0.9666666666666667,540.1421539306641,0.06827855154978572,507.69121520996094,0.13656147781363073,473.97894287109375,0.21740065990434052,447.36061355590823,0.2898370136912349,561.7542027864704,538.9258911089622,1,1,1,62.377321446772726,0,0,22.828311677508168,19.833697970855752,2.994613706652416,0,609.5821457624425,470.7021620988858,540.1421539306641,0.2571174692678848,0.7655539187757321,23.368331940969124,0.04049814511281581,24.60145791070388,21.821439347959004,17.0563680953695,0,75.95717942374063,73.32235583940347,21623865.14285714,13630391.566666666,1.5864448968391076,0,665721402.0,551.3193125240026,37365057.238988936,0.6312596142002586,0.4348117392948804,0.3903582670683359,1.1138786493761192,0.4009764634775519,0.9531300003938138,1.458609573369905,0.9531300003938138,1.957786001943558,0.04496465603892932,-0.024742791465038844,0.0,0.0,0.0,1.0,1.0,1738.968017578125,0.052096075451582013,0.05983760980778019,0.47053295349825164,0.299,0.27917912589447275
2022-03-11,578.1884602210528,585.9624227114198,569.1998160915658,572.4551391601562,7635725.0,0,1,-0.007915012725391635,-0.001440702967654306,-0.018330194062612604,0.15058595930364516,0.20138674779832533,-0.00794650271110144,0.32222222222222224,0.9333333333333333,542.3966064453125,0.055417995536213634,509.89804931640623,0.1226854857115399,475.13191864013675,0.20483410333400853,448.3166371154785,0.27689916404485754,563.4005006901143,541.4095391127544,1,1,1,60.637237989780175,0,0,21.99096157735994,20.26515069215659,1.7258108852033516,0,613.0079731532254,471.78523973739954,542.3966064453125,0.26036802542212206,0.7128448585281052,22.896494418032326,0.039997010860315735,24.03784691093152,22.6508173984047,16.164437455788597,0,72.08732861371234,73.08907943145768,16822059.85714286,13664369.033333333,1.2310893987206102,0,658085677.0,552.512964047479,37304620.37844635,0.5669959586483614,0.4366854553735514,0.3910562070012129,1.116682071670063,0.3991258529163098,0.9455859643117442,1.447064660035304,0.9455859643117442,1.9422901008245812,0.029281956738909223,0.0020210352941710604,0.0,0.0,1.0,1.0,0.0,1730.2374267578125,-0.0050205585911071715,0.05621875295275558,0.47081674787927097,0.302,0.2830299555266177
2022-03-14,569.3456002714604,576.779416298988,561.9117249333061,574.1071166992188,7904911.0,0,1,0.0028857764147005582,0.004676585148637891,-0.02556483527776543,0.14451774286611907,0.20805653488780962,0.0028816205552770527,0.2777777777777778,0.9444444444444444,545.7758514404297,0.05191007477523273,512.0893353271484,0.12110734806154523,476.2742056274414,0.20541299511043795,449.28116165161134,0.2778348297282981,565.0476723838227,543.8315818969369,1,1,1,61.060373777335414,0,0,21.216090486885832,20.455338651102437,0.7607518357833953,0,615.6231027639341,475.92860011692545,545.7758514404297,0.25595581460469946,0.702808734216111,22.323008485721584,0.038883002555456674,23.019823327999042,21.573244509954833,17.727466819946603,0,72.68876505434689,73.57775769726663,15283288.0,13766332.233333332,1.1101931684456636,0,665990588.0,553.6186802250174,37327432.184170455,0.561627453440369,0.4360134869258933,0.3806319641116263,1.1454988756488813,0.39962062662957376,0.948314713985627,1.4512405651017808,0.948314713985627,1.870126246124863,0.025897068566511583,-0.005431934619816372,0.0,0.0,1.0,1.0,0.0,1732.2330322265625,0.0011533708830293588,0.05615027131924588,0.46959066944161687,0.3078,0.28868903885112346
2022-03-15,563.6122911665364,565.4586310170228,540.2418278518427,543.9344482421875,13005715.0,0,1,-0.05255581681430199,-0.057342378034623276,-0.041195628832012665,0.07914020402478172,0.09540125096043095,-0.05398725332733794,0.15555555555555556,0.6111111111111112,547.0342651367188,-0.0056665863403575715,513.7150659179688,0.05882518214687559,476.99038269042967,0.14034678262099265,450.12980682373046,0.20839464526993803,561.7994840543404,543.8392016262147,1,1,1,50.40310840251632,0,0,17.96028242812565,19.95632740650708,-1.996044978381427,0,615.729977045574,478.3385532278636,547.0342651367188,0.25115688828628036,0.47743806120938026,23.14745708298262,0.04255560050992796,21.928656841642283,19.318803236570712,22.56182668116229,0,46.35289360256548,63.70966242354158,14214019.0,13872875.5,1.0245906841735875,0,652984873.0,554.4889567722977,36643906.20909143,0.6092471187918418,0.4545629534144291,0.3963620305242947,1.1468377856808032,0.3980706728837884,0.8984752595950911,1.3749694318088075,0.8984752595950911,1.7718402337139063,0.04636000394288735,-0.018280256815176803,1.0,1.0,1.0,1.0,1.0,1697.6104736328125,-0.01998724071740343,0.05349850446327786,0.47021323265582743,0.3134,0.3047723368359998
2022-03-16,552.6315128121817,559.1422175815774,547.3840649537144,556.5184936523438,10485661.0,0,1,0.023135224199944737,-0.02783911684537066,-0.07591765957220398,0.1063459039746737,0.11431065036311949,0.022871662202623867,0.011111111111111112,0.6888888888888889,549.142953491211,0.013431002099257267,515.6070532226563,0.07934616133348456,477.8926480102539,0.16452616705750794,451.0635687255859,0.2337917141583952,560.9870239924948,544.7784084429651,1,1,1,54.00852073260611,0,0,16.208615549529668,19.206785035111597,-2.998169485581929,0,616.182835245079,482.10307173734293,549.142953491211,0.24416185740946963,0.5550086006133748,22.580336529868852,0.040574278819878275,20.91543081859672,18.389436145283128,21.476447893458026,0,49.64966983896284,56.23044283195841,12717202.857142856,13979615.8,0.9096961632624307,0,663470534.0,554.9835072510983,36886494.32721105,0.46517547286889777,0.4581450543720058,0.3914402631316173,1.1704086102608198,0.39811856673826895,0.9192616861639271,1.4067796578817748,0.9192616861639271,1.7970148421051817,0.021128053716051805,0.015989177736582285,1.0,1.0,1.0,1.0,1.0,1754.084228515625,0.03326661549275256,0.12400495018874524,0.4772536714966577,0.3305,0.31916327844401526
2022-03-17,558.8020703965068,567.8879236841542,557.6359642839517,560.5026245117188,11581454.0,0,1,0.007159026887368691,-0.02369678373910067,-0.02229001291117716,0.08035199385618941,0.12513399083232546,0.007133522705455255,0.3,0.7111111111111111,551.2929382324219,0.016705612643661553,517.5058428955078,0.08308463026357096,478.9421325683594,0.1702929986676798,452.00639419555665,0.2400325121711047,560.9125009954523,545.9431651887987,1,1,1,55.120874344474,0,0,14.96933580665359,18.359295189419996,-3.3899593827664063,0,616.8009041973829,485.7849722674608,551.2929382324219,0.23765211350247079,0.5702943996476931,21.779557494293254,0.03885719092442518,19.439420555150814,20.571997878930496,20.675647904357913,0,49.34210636453179,48.44822326868672,11589232.714285715,14196377.166666666,0.81635142390394,0,675051988.0,555.7907489471363,36969406.267791875,0.3884430268885672,0.4578757370119923,0.3911526230101038,1.170580765861731,0.39856702856755377,0.9258427052917024,1.4168508312771537,0.9258427052917024,1.8098797196768133,0.018290653695214168,0.004103325891609254,1.0,1.0,1.0,0.0,1.0,1815.59716796875,0.03506840689467894,0.1361451809491101,0.4853946442081169,0.3249,0.3082599921204931
2022-03-18,558.8020703965068,567.8879236841542,557.6359642839517,560.5026245117188,11581454.0,0,1,0.0,0.03045987677940598,-0.019131018617367546,0.005315874078624994,0.09835272954845764,0.0,0.3333333333333333,0.5888888888888889,553.5862548828125,0.01249375245122444,519.124769897461,0.07970695488568356,480.0790740966797,0.16752146626337466,452.9118232727051,0.23755352744287186,560.849443074878,547.0216436571632,1,1,1,55.120874344474,0,0,13.8277994177148,17.452996035078957,-3.625196617364157,0,616.8643664554077,490.30814331021725,553.5862548828125,0.2286115705166503,0.5546505691859306,20.956157630429633,0.03738815255091012,18.06883959623676,19.853138975107115,19.953167099341535,0,49.34210636453179,49.44462752267549,11002803.285714285,14161370.2,0.7769589474974876,0,675051988.0,556.37175916145,36969406.267791875,0.3889230082821117,0.45396522097060876,0.3907892940588637,1.1616623788629916,0.39602012956249905,0.9258427052917024,1.4168508312771537,0.9258427052917024,1.768276147418306,0.018290653695214168,-0.003033980646733623,1.0,1.0,1.0,0.0,0.0,1815.59716796875,0.0,0.09845761147537124,0.4854011093608483,0.3268,0.30740885293289577
2022-03-21,567.4991713516843,583.9702636151965,566.0901290127458,573.2810668945312,14159371.0,0,1,0.02279818474346018,0.03012042444839058,-0.006483650772646676,0.02823525110140257,0.1288747527373686,0.02254218964202134,0.37777777777777777,0.7111111111111111,557.3736297607422,0.028539988769503557,521.0109271240234,0.10032445971726285,481.1654849243164,0.19144262183457306,453.87318267822263,0.26308644963710903,562.7620005855938,548.9667861191904,1,1,1,58.82521190366237,0,0,13.795214466403422,16.721439721343852,-2.92622525494043,0,615.3730218877951,499.3742376336894,557.3736297607422,0.20811674263079005,0.637134515987188,21.135549164218784,0.036867690884525885,17.685061099179308,23.713688542532857,18.37068185874895,0,50.70835198125105,49.797521570104884,10907755.857142856,14268704.133333333,0.7644531525228759,0,689211359.0,558.038540312315,37292214.22370107,0.41305152205202555,0.45671320633671103,0.39097370314963115,1.1681430302280982,0.39708793658350516,0.9469502383303277,1.4491524582825355,0.9469502383303277,1.8085896337046026,0.03118912455858259,0.01248262993605166,1.0,1.0,1.0,0.0,0.0,1798.9342041015625,-0.009177676723207129,0.0344837776872704,0.4841053996214405,0.3122,0.2961448363679891
2022-03-22,582.8527481209474,585.8165590630056,570.6087825557873,576.6821899414062,7490300.0,0,1,0.005932732202894586,0.028866172471150087,0.007384073427048721,-0.011081472134454318,0.12651853021179127,0.005915202844356578,0.4444444444444444,0.7,561.1269958496093,0.0277213433088255,523.0924041748046,0.1024480289503367,482.3806518554687,0.1954919579033867,454.87060775756834,0.26779391788875406,564.9035681787957,551.0197789949101,1,1,1,59.77684900520568,0,0,13.883789183885597,16.153909613852203,-2.2701204299666067,0,613.3626781997447,508.89131349947405,561.1269958496093,0.18618131986697453,0.6488943323026831,20.712136831575886,0.035916033463215404,17.42670081236588,23.106718918301326,17.40721217130067,0,55.92836762294448,51.992941989575776,10886980.857142856,14189604.466666667,0.7672504813448375,0,696701659.0,560.2727215969679,37336652.16772041,0.4115313812651582,0.4565957564509565,0.39068889309796134,1.1686939775287384,0.3946685168492469,0.9525682405038088,1.4577498917386922,0.9525682405038088,1.8020371024992143,0.02637115689104845,0.016696314912798337,1.0,1.0,0.0,0.0,0.0,1827.470458984375,0.01586286747883836,0.056196352432834384,0.4846234596514481,0.3143,0.29779694182180577
2022-03-23,584.0189087100863,594.5137457898397,580.6178002566998,591.2584228515625,13581577.0,0,1,0.025276024063856095,0.05487181860501833,0.02987474924706346,0.003546170925832204,0.12198057029895071,0.024961868107466804,0.6111111111111112,0.6777777777777778,565.4877029418946,0.045572555823227084,525.2399615478515,0.1256920001082142,483.6453787231445,0.22250402642639422,455.9920626831055,0.2966419182222942,568.9581612053752,554.0004192805881,1,1,1,63.653931742009256,0,0,14.957741924787115,15.914676076039186,-0.9569341512520708,0,611.8951482556806,519.0802576281085,565.4877029418946,0.1641324650292336,0.7776571704757507,20.506381047065716,0.03468260282562421,17.640025128240598,24.700961088117335,16.32602370999175,0,78.29984984787987,61.64552315069181,11697933.142857144,14334478.666666666,0.8160696607724888,0,710283236.0,562.7461371218059,37679940.434797525,0.4362393414316375,0.4548196014842293,0.3920108895390988,1.1602218551096295,0.3948109659948944,0.9766453782732482,1.4945960130813631,0.9766453782732482,1.847585435665946,0.023502321482578872,0.01272229123189237,1.0,0.0,0.0,0.0,0.0,1806.96630859375,-0.011219962702992303,0.04314273829031401,0.47351340800459,0.2744,0.265023816032022
2022-03-24,592.9589467581878,608.5068703215065,592.764585851522,604.376953125,12139664.0,0,1,0.022187472966843425,0.05424195569359269,0.11112093576375282,0.06534761010655088,0.13650078556772804,0.02194491230418807,0.9555555555555556,0.7333333333333333,570.5553527832031,0.05927838583375489,527.4642864990234,0.14581587530119733,485.09668029785155,0.2458896910073881,457.2321890258789,0.32181628422226605,574.4072061160867,557.7320143801742,1,1,1,66.75936929943697,0,0,16.675191735912563,16.066779208013863,0.6084125278987003,1,609.8300260056167,531.2806795607896,570.5553527832031,0.13767173695182885,0.9305777434514124,20.27367150584274,0.03354474620684228,18.482932415834036,28.129965841191396,15.33389048836241,0,93.95017266950092,76.05946338010843,11574211.57142857,14375587.366666667,0.8051296462686613,0,722422900.0,568.4819996679266,37949288.90162409,0.16340128763680384,0.4576275166624602,0.3922713799103569,1.166609495617648,0.3954444248042327,0.9932130311128213,1.5277573217179576,0.9932130311128213,1.8885786875737178,0.026047129012096208,0.0028761093980258744,1.0,0.0,0.0,0.0,0.0,1828.7177734375,0.012037559715586399,0.0772304965367725,0.4746022442023147,0.2797,0.2711767540703497
2022-03-25,603.5023705525759,613.1226721705623,599.2267270750664,605.1057739257812,11087146.0,0,1,0.0012059043565655347,0.04928812521028769,0.08730577838405118,0.004760068449800592,0.14741123234825926,0.00120517783792295,0.8777777777777778,0.7666666666666667,574.8699005126953,0.05259602805107773,529.7255377197266,0.14230055158476745,486.5552700805664,0.24365269710383494,458.46582626342774,0.31984924341579246,579.1300627021936,561.2411817539229,1,1,1,66.92842913713963,0,0,17.888880948270753,16.43119955606524,1.4576813922055116,0,608.8085980405853,540.9312029848053,574.8699005126953,0.11807435907714738,0.945448346805868,19.818119619389392,0.03275149647112798,19.46084695813881,28.384738909603303,14.565910390138992,0,88.99999263219036,87.08333838319038,11660138.0,14441485.8,0.8074057033660622,0,733510046.0,571.6658857032434,37962658.93928737,0.17137509727475178,0.4561745121652871,0.37789469976438445,1.2071471562043865,0.3948173673072448,0.986924479213271,1.5295996509279923,0.986924479213271,1.8908561328407798,0.022964489340999577,-0.001447081275852647,0.0,0.0,0.0,0.0,0.0,1862.841552734375,0.018659948403482396,0.06200233857115567,0.4754010337027609,0.2704,0.26082647068262144
2022-03-28,603.9396042516187,616.863802745966,599.5667511234894,612.393798828125,7075442.0,0,1,0.012044216426924548,0.035746426874782244,0.09257971693105138,0.06822610093416781,0.20901666011958264,0.011972262032267809,0.9,0.9444444444444444,577.6126495361328,0.06021535248565642,532.1403234863282,0.1508126180252881,488.1139489746094,0.2546123709731974,459.7539987182617,0.33200320287676566,584.2475605677215,565.0302645001601,1,1,1,68.64571226875466,0,0,19.217296067561392,16.988418858364472,2.22887720919692,0,614.4006345428136,540.8246645294521,577.6126495361328,0.12737942992150297,0.9727243050370368,19.63804333389562,0.032067671768517124,20.527347622029662,27.95969206600396,13.649513797555654,0,94.16615935047653,92.37210821738927,11016422.0,14510827.933333334,0.7591863159436816,0,740585488.0,575.3964107110869,38047877.094051525,0.16808200157541267,0.43617744644246187,0.3782032406813933,1.15328849551003,0.39511329886208263,0.9927536615085164,1.5480224801703173,0.9927536615085164,1.9136300133368918,0.028244981669599184,-0.001927216239562127,0.0,0.0,0.0,0.0,0.0,1905.4464111328125,0.022870897600442586,0.04948743297753855,0.4442657998150086,0.1851,0.18296115384544231
2022-03-29,612.1995115833862,618.0299831222756,606.8549126727376,613.4627685546875,5245788.0,0,1,0.0017455593583868279,0.015033358540077035,0.09448687968072389,0.07354823080908757,0.18254195999395262,0.0017440376402255685,0.9,0.8444444444444444,580.4088470458985,0.05694937573233636,534.7698657226563,0.14715283690432016,489.73384826660157,0.2526452290892712,461.04775741577146,0.3305839984847137,588.7422079503317,568.6178573930881,1,1,1,68.90079240775391,0,0,20.124350557243588,17.615605198140297,2.5087453591032904,0,619.2183363068488,541.5993577849482,580.4088470458985,0.13373155650014149,0.9258484476121095,19.033545270727217,0.031026406566726242,21.568558515176452,27.224773463202748,13.077087303324307,0,94.12865036879974,92.43160078382222,10111326.857142856,14411246.966666667,0.7016274775201923,0,745831276.0,579.7276816070347,38057033.92838704,0.16281283859489454,0.4331424158110757,0.37781938930709486,1.1464271767667642,0.38920811992002163,0.9926100436996365,1.5507246452975718,0.9926100436996365,1.9169703681151617,0.018216379252919225,-0.0003172586742559937,0.0,0.0,0.0,0.0,0.0,1912.9796142578125,0.003953510883846656,0.053636592966275654,0.42490074237147507,0.1581,0.16230834321608392
2022-03-30,604.4254761032298,604.4254761032298,581.9295524243373,582.8527221679688,11195965.0,0,1,-0.04989715424594676,-0.036775474167830224,0.016696269641848227,0.010104366087637873,0.13319470788264032,-0.051185041558622364,0.4666666666666667,0.6777777777777778,580.3942687988281,0.004235833296956282,536.6161798095703,0.08616315366190867,491.1919512939453,0.18660886163252838,462.18581161499026,0.261078785892061,587.8361332145836,569.6722918208571,1,1,1,55.08193440386521,0,0,18.163841393726443,17.725252437257527,0.4385889564689158,0,619.1996504442452,541.588887153411,580.3942687988281,0.1337207609776297,0.5316767064888668,19.926378903557428,0.03418767408246738,20.60564401462457,24.147428925986844,20.53372633090523,0,54.77812678291188,81.02431216739606,9687983.142857144,14639496.666666666,0.6617702345543172,0,734635311.0,580.1763216117586,37498387.13584982,0.4030704254847567,0.4619045000952849,0.3946449365741973,1.1704305751518038,0.3928757880856698,0.9430816272430798,1.4733478984781678,0.9430816272430798,1.7963991088246454,0.038596240222087415,-0.014731607058647527,0.0,0.0,0.0,0.0,0.0,1990.805908203125,0.040683284529149155,0.10665854463387037,0.43766808568790316,0.0537,0.05691026969930934
2022-03-31,583.0471022072542,583.3386138962342,552.0970422559998,553.4088745117188,23497993.0,0,1,-0.05051678843796281,-0.09631861790449159,-0.04035726407998175,-0.03327119165421433,0.06938307546568079,-0.05183743023204572,0.14444444444444443,0.4,578.6062561035156,-0.043548408483314004,537.9008258056641,0.028830683951501266,492.3148025512695,0.12409554139718747,463.17206283569334,0.19482352006199521,582.5396318756813,568.4675942424024,1,1,1,45.606666012559316,0,0,14.07203763327891,16.994609476461804,-2.9225718431828938,0,618.9732498317009,538.2392623753304,578.6062561035156,0.13953182601248384,0.18789623322626228,20.73460695617721,0.037467066234656385,20.13826975654208,21.548586626412426,28.600795553372325,0,16.926801534372977,55.277859562028205,11974796.42857143,15244747.466666667,0.7855031022819411,0,711137318.0,578.007785487041,36311343.99475209,0.5150907850802214,0.4894953102495723,0.41070768573159094,1.191833820634833,0.40235186194489353,0.8954401721999113,1.398919094395229,0.8954401721999113,1.7056507950940059,0.05645296466884328,0.0003334976948591875,1.0,1.0,1.0,0.0,0.0,2010.2623291015625,0.009773138013237315,0.1000245280127674,0.43701033714235255,0.0418,0.04690518759953273
2022-04-01,553.7975918610925,560.6969587909455,545.5863333754274,554.380615234375,15300787.0,0,1,0.001755918214202179,-0.09630927311124271,-0.062371724768554904,-0.03436031515905891,0.07722798486349469,0.001754378392085651,0.044444444444444446,0.4222222222222222,577.9600402832032,-0.04079767355070801,539.140771484375,0.028266910157881922,493.30549682617186,0.1238079015967755,464.1301190185547,0.19445085013371505,578.2074754693265,567.4241143158819,1,1,1,45.93720398887663,0,0,10.783361153444616,15.752359811858366,-4.968998658413749,0,619.4859540968322,536.4341264695742,577.9600402832032,0.14369821759054874,0.2160878246454232,20.332893988987266,0.03667677662284628,19.98634450933865,20.40472366467341,29.36976408844998,0,18.176015787208726,29.960314701497868,12220397.857142856,15643298.066666666,0.781190629051718,0,726438105.0,576.5876643225558,36338210.92533702,0.473892503842734,0.488942495957323,0.4069135344393291,1.201588186618119,0.4038855909195574,0.8970124919080056,1.4013754819132729,0.8970124919080056,1.6636163225451976,0.027256770890392197,0.0007024053412890483,1.0,1.0,0.0,0.0,0.0,2039.09814453125,0.014344304726923385,0.12846494969690592,0.4377001128900751,0.0406,0.04537300671916066
2022-04-04,555.8383377659575,572.9896668426027,552.9716771338848,570.900390625,15845385.0,0,1,0.02979861657616034,-0.020506606709343456,-0.055390203625246826,0.04957572087952378,0.14746104747662736,0.029363265238207585,0.08888888888888889,0.7444444444444445,576.3931060791016,-0.009529460703417555,541.2611212158204,0.05475964972803096,494.58431427001955,0.15430347092106828,465.13989181518554,0.22737352927758855,577.0833085701993,567.6816162647053,1,1,1,51.349722838611,0,0,9.401692305493953,14.482226310585485,-5.080534005091533,0,616.3988127654809,536.3873993927223,576.3931060791016,0.1388139665948368,0.4313508508028471,20.310400826110882,0.03557608500473407,19.124990264778948,23.29138420540705,27.302126638260162,0,34.94310037944206,23.3486392336746,12749786.57142857,15961202.133333333,0.7987986409120119,0,742283490.0,574.5398379558147,36810381.47745366,0.4959466698677641,0.4824455065404598,0.4105570690609056,1.1750997434875239,0.4042344579773673,0.9237422232183983,1.4431345325780383,0.9237422232183983,1.7131897874705637,0.03506389212101074,0.002629461585640393,0.0,0.0,0.0,0.0,0.0,2061.248779296875,0.010862956658085343,0.1271552172986643,0.4248932626746029,-0.0095,-0.010784847057895888
2022-04-05,574.2528678728163,574.2528678728163,565.6043114156876,570.2686767578125,7065571.0,0,1,-0.0011065220440573675,0.03046536299398772,-0.057571913323441026,0.024707504354848142,0.1368655774599079,-0.0011071346915546986,0.05555555555555555,0.6888888888888889,576.2424865722656,-0.010366833327386008,543.2259899902343,0.04978165122045123,495.9569039916992,0.14983514125525113,466.1853500366211,0.22326597503120837,576.0349036759859,567.8732503753058,1,1,1,51.13888278851046,0,0,8.161653300680086,13.218111708604408,-5.056458407924321,0,616.3201449170928,536.1648282274385,576.2424865722656,0.13909997710590902,0.42547207021110556,19.477411942612157,0.03415479884560453,18.252945568679404,23.015912185139605,26.43620056551211,0,34.071093144308264,29.063403103653027,12175275.857142856,15841223.666666666,0.7685817783611154,0,735217919.0,573.8298881715699,36802563.26738831,0.4943079375862219,0.48259573217910723,0.4092438478000189,1.1792375982520145,0.40057326446813113,0.9227200820853806,1.4415376724052003,0.9227200820853806,1.7112941052050739,0.015165757492238507,0.005872263012722993,0.0,0.0,0.0,0.0,0.0,2135.083984375,0.03582061797669622,0.14614363268900332,0.42939081786919725,-0.0138,-0.015576779019937079
2022-04-06,566.4789442325472,572.795288791099,559.7738778230645,564.8269653320312,9648592.0,0,1,-0.009542364235607947,0.01884328169238003,-0.07767360412061242,0.007715112527937995,0.12058996920841025,-0.009588184314106631,0.011111111111111112,0.5666666666666667,575.9120971679688,-0.019247957961724304,545.0820245361328,0.03622379734995193,497.2770202636719,0.13583966746048765,467.21421554565427,0.20892504238634121,574.3106054692237,567.6475996313595,1,1,1,49.26245923517318,0,0,6.663005837864148,11.907090534456355,-5.244084696592207,0,616.26463703809,535.5595572978476,575.9120971679688,0.14013437143811924,0.3626464174049987,19.01626901585661,0.03366742415471962,17.73900553749001,21.890185685534025,27.33320214673058,0,26.559445891861532,31.85787980520396,12542868.714285715,15865212.266666668,0.7905894042551636,0,725569327.0,573.4812365261535,36710492.88816354,0.4733403149506746,0.4842581724611921,0.40780958454129174,1.1874614791260742,0.4017616780103821,0.9139151509746118,1.4277819948757593,0.9139151509746118,1.694964313538958,0.023053805443548393,-0.006645521102108128,0.0,0.0,0.0,0.0,0.0,2155.188720703125,0.009416367915855206,0.1310676113015623,0.42923951192704674,-0.0143,-0.01615984167606167
2022-04-07,564.9726267072002,568.3737345682947,552.9229637036483,558.510498046875,9357569.0,0,1,-0.011183012980697793,-0.02170237187009283,-0.08957718923559055,-0.0035541786563072497,0.11030596267483594,-0.011246012997369471,0.011111111111111112,0.5,574.9865081787109,-0.02865460301672853,546.7456512451172,0.021517952223242088,498.58353118896486,0.12019443705852695,468.17603256225584,0.1929497864088267,571.8798197119393,566.9707772917681,1,1,1,47.102017414389685,0,0,4.909042420171204,10.507480911599325,-5.598438491428121,0,616.0743584835083,533.8986578739135,574.9865081787109,0.14291761535394812,0.29950265091001643,18.761590576484455,0.03359218965819658,17.60038644763154,20.60252360260171,28.333621318107763,0,17.84030031149813,26.156946449222648,13130266.0,15349824.3,0.8554017129694442,0,716211758.0,573.1389898185159,36605847.07256876,0.46434772929665735,0.48595554262838386,0.40731848495797507,1.1930603706299314,0.39756621186594887,0.9036948259780063,1.4118150902934572,0.9036948259780063,1.6760095056188324,0.027664244304588977,0.0002578867230309086,0.0,0.0,0.0,0.0,0.0,2094.37451171875,-0.028217579463080344,0.09482322556339118,0.343176810167467,-0.0181,-0.025740270808317704
2022-04-08,563.0292275383409,568.0336800424785,561.9602721656437,565.3128051757812,7157576.0,0,1,0.012179372013049194,-0.008690415209559155,-0.030093223082061527,-0.01389939800718376,0.08962347278236837,0.012105800231404847,0.18888888888888888,0.4222222222222222,574.6293914794921,-0.016213208794843538,548.5220013427735,0.0306109942571203,499.9580651855469,0.13072044345555178,469.1880258178711,0.20487474971329245,570.8695097832996,566.8479645424356,1,1,1,49.662292268976906,0,0,4.021545240863929,9.210293777452247,-5.188748536588317,0,615.9334664833065,533.3253164756778,574.6293914794921,0.1437590057740317,0.3872195261260477,18.101704249278676,0.03202068674819782,17.47166872133439,19.828320328169646,27.268898237376664,0,27.230091069800178,23.87661242438662,12553353.285714285,15127878.533333333,0.8298158435139308,0,723369334.0,572.789645733449,36693021.853384435,0.3987212310841059,0.4797517317911673,0.40772899995105,1.1766436330228265,0.3903988626428716,0.9147012614498602,1.4290101114917777,0.9147012614498602,1.6964222488851708,0.010743446497636542,0.008090679597372013,0.0,0.0,0.0,0.0,0.0,2166.11474609375,0.034253775517983254,0.08805923127325688,0.3318541147535342,-0.0655,-0.09489628049966559
2022-04-11,566.9162203278846,570.8517768515065,558.3162390096924,560.0653686523438,8297062.0,0,1,-0.009282359209616398,-0.008430186538435525,0.01202816660014383,-0.02881452137571794,0.004531613243367483,-0.009325708771875543,0.43333333333333335,0.15555555555555556,573.9273040771484,-0.02415277218269667,550.2186688232422,0.01789597552216975,501.2621475219727,0.11731031641042365,470.108639831543,0.1913530643747274,569.207334224691,566.3455500320584,1,1,1,47.74261031536586,0,0,2.8617841926325127,7.940591860488301,-5.078807667855788,0,615.7429542880856,532.1116538662112,573.9273040771484,0.1457175844880739,0.33424943346715014,17.70412093445978,0.03161081174695784,17.543600351800762,18.825492226599632,27.359970697364467,0,19.986617636622128,21.685669672640156,10381791.714285715,14230686.366666667,0.7295355576526208,0,715072272.0,572.4964907810535,36616005.54351598,0.23348733956570178,0.4336091824182182,0.40838123201380083,1.0617754892408102,0.3620139988517559,0.9062106757715933,1.415745526322737,0.9062106757715933,1.6806754481998332,0.02238227632602564,0.0028363326240324455,0.0,0.0,0.0,0.0,0.0,2175.34375,0.004260625584536992,0.08211934258958964,0.33178206165865254,-0.0959,-0.12479309925764806
2022-04-12,554.4778036829291,554.6721645907622,523.3819563695228,527.0260009765625,16701775.0,1,0,-0.05899198473078626,-0.056372256529491516,-0.04934266008967114,-0.10863679804376469,-0.0547277003466774,-0.06080362161240288,0.1111111111111111,0.022222222222222223,573.0818817138672,-0.08036527101427343,550.8279522705078,-0.043211226292772326,502.15761016845704,0.04952307862020243,470.88432342529296,0.11922604928294361,562.7178983403635,563.4329908427624,1,1,0,37.82782873173896,0,0,-0.7150925023988748,6.209454987910866,-6.924547490309741,0,618.0180280225923,528.1457354051422,573.0818817138672,0.15682277783530102,-0.01245917285481923,19.05978460219987,0.036164789909573135,19.05072534873963,16.2374578345587,36.690653189488565,0,3.850100981565112,17.022269895995816,10581932.857142856,13613651.3,0.7773030632232262,0,698370497.0,571.0450606075735,35630734.687738955,0.44176809407576667,0.4682218065881757,0.4260531056844037,1.09897522243391,0.34411946184026276,0.8527515094236,1.3322278878512273,0.8527515094236,1.5806135548396518,0.05937127990508953,-0.009976630018848891,1.0,0.0,0.0,0.0,0.0,2192.056640625,0.007682873396446022,0.0750128170652189,0.3305845423302598,-0.0822,-0.11556385017830799
2022-04-13,531.5446330813114,536.3062083633266,528.192100224433,531.3016967773438,7396320.0,0,1,0.00811287449358944,-0.06016334335087614,-0.06936182650760692,-0.12091006443877828,-0.08890182323317108,0.008080142044309487,0.044444444444444446,0.011111111111111112,571.8210418701171,-0.07086018548785218,551.4654162597657,-0.03656388757644937,503.0773669433594,0.056103358426701194,471.64133514404296,0.12649519282503102,557.8846365614373,561.0528949860646,1,1,0,39.57663481679598,0,0,-3.168258424627311,4.3339123054032305,-7.502170730030541,0,620.0112693160863,523.630814424148,571.8210418701171,0.16855003197631566,0.07958960519325599,18.361243372525887,0.0345589774771991,20.450198560182862,15.651258130100087,35.36605852231749,0,8.367570544824542,10.73476305433727,9374923.57142857,12485249.9,0.7508799300387708,0,705766817.0,570.538395157707,35690740.103613384,0.38216144414921965,0.44797909777881034,0.42496304344545105,1.0541601315416824,0.3257080189347059,0.8596697753937727,1.343036085502224,0.8596697753937727,1.5725005461002297,0.015272129165237769,0.008573831454949159,0.0,0.0,0.0,0.0,0.0,2194.551025390625,0.0011379198508820743,0.06467062463911888,0.329847087102563,-0.0587,-0.07890710541670147
2022-04-14,531.5446330813114,536.3062083633266,528.192100224433,531.3016967773438,7396320.0,0,1,0.0,-0.051357704805445326,-0.06833091412632097,-0.12196888598436983,-0.0982187097888344,0.0,0.05555555555555555,0.011111111111111112,570.3609954833985,-0.06848171423950682,552.1281457519531,-0.03772031752926743,504.04619689941404,0.054073416376492836,472.4492539978027,0.12456881301333317,553.7949535177306,558.8491025261594,1,1,0,39.57663481679598,0,0,-5.054149008428794,2.4563000426368258,-7.5104490510656206,0,621.6639996990511,519.0579912677458,570.3609954833985,0.1798966080146199,0.11932737367709889,17.629305141552152,0.03318134545491615,21.74970939938015,15.136709039587478,34.20336775992586,0,8.367570544824542,6.861747357071408,9422173.42857143,12109250.1,0.778097186098372,0,705766817.0,569.6942160640003,35690740.103613384,0.38333218797349167,0.44629834211471336,0.4248864918308334,1.0503942834040603,0.32311081113447665,0.8596697753937727,1.343036085502224,0.8596697753937727,1.5393049269642352,0.015272129165237769,0.0004572473708275701,0.0,0.0,0.0,0.0,0.0,2194.551025390625,0.0,0.027852319370487377,0.3301477524398006,-0.0536,-0.07182612255893615
2022-04-15,531.5446330813114,536.3062083633266,528.192100224433,531.3016967773438,7396320.0,0,1,0.0,0.00811287449358944,-0.059354936312185136,-0.13241822860708075,-0.06346363808113076,0.0,0.08888888888888889,0.044444444444444446,568.9009490966797,-0.06609103461514229,552.5479388427734,-0.038451400452106745,505.3070361328125,0.05144329840223897,473.22363693237304,0.1227285691421844,550.334452480748,556.808553952173,1,1,0,39.57663481679598,0,0,-6.474101471425001,0.6702197398244603,-7.144321211249462,0,622.9726330484092,514.8292651449502,568.9009490966797,0.19009173402711435,0.15232031285634348,16.949648212790827,0.031902115719939124,22.95639803577763,14.619121837134948,33.03381198746467,0,8.367570544824542,8.367570544824542,9100420.285714285,11672774.166666666,0.7796278892897528,0,705766817.0,568.8174802136858,35690740.103613384,0.38816789071629837,0.4342879023577466,0.4247587387592908,1.0224342967640647,0.3054471675049824,0.8596697753937727,1.343036085502224,0.8596697753937727,1.5393049269642352,0.015272129165237769,0.0004572473708275701,0.0,0.0,0.0,0.0,0.0,2194.551025390625,0.0,0.018263971182374217,0.3212602120366377,-0.1188,-0.1590307016457335
2022-04-18,529.5526216397934,539.9503083796526,522.2159563685645,529.9412841796875,7550655.0,0,1,-0.0025605274854342275,-0.0025605274854342275,-0.05115251005503885,-0.13614760121755365,-0.12004832227552509,-0.0025638112425673642,0.13333333333333333,0.011111111111111112,566.7339599609375,-0.06492054187786085,552.9900830078125,-0.04168031134077199,506.52366149902343,0.04623204098967688,473.9994209289551,0.11802095272837305,547.1970419728925,554.8183858208778,1,1,0,39.13913812364475,0,0,-7.621343847985258,-0.9880929777374836,-6.633250870247775,0,623.4744615927058,509.99345832916913,566.7339599609375,0.20023681529753115,0.17578119047990423,17.00569848409777,0.03208977860711761,24.3128994425066,13.530156389988877,33.083295969655644,0,9.39712071796159,8.710753935870235,8842289.714285715,11225683.533333333,0.7876838580055804,0,698216162.0,567.0710115502765,35671406.44395285,0.3893088051363362,0.3926072578962176,0.40685488191606134,0.9649810665838755,0.292897843978563,0.8574685673054798,1.3395972046913656,0.8574685673054798,1.535363494390279,0.03346474890805988,-0.0032920563742963762,0.0,0.0,0.0,0.0,0.0,2228.87451171875,0.01564032274985072,0.06421965090170167,0.29562167510905335,0.0668,0.0872167729130015
2022-04-19,536.4033954417978,540.4847374866322,522.4102396625443,525.5198364257812,8143101.0,0,1,-0.008343278559152734,-0.010882442850517648,-0.0703910620556818,-0.09836599120431844,-0.0833120666752053,-0.008378278519950965,0.044444444444444446,0.044444444444444446,564.1758422851562,-0.06851765524521831,553.2621716308594,-0.050143199061127956,507.76798126220706,0.03496056431019286,474.7342788696289,0.10697680748286356,543.8620872733369,552.6481229027224,1,1,0,37.68119974277418,0,0,-8.786035629385538,-2.5476815080670945,-6.238354121318443,0,623.5786755933256,504.77300897698694,564.1758422851562,0.2105826902036859,0.17462826512974697,17.082041294097063,0.03250503617575537,25.52019677474025,12.731038648888696,30.58290911507124,1,5.405327894522696,7.7233397191029525,8983079.0,10847878.733333332,0.8280954480433874,0,690073061.0,565.2432316829735,35603466.283974536,0.36459582822175673,0.3690453289902212,0.40649554873635035,0.9078705293021079,0.285403001631237,0.8503144681927326,1.3284205720555633,0.8503144681927326,1.5225535290670267,0.03439355961711736,0.01219401366721822,0.0,0.0,0.0,0.0,0.0,2163.470458984375,-0.029343981633106808,-0.0012207511694122264,0.31666625654980224,0.1251,0.14333702342717244
2022-04-20,529.5525598559153,533.4881160631093,521.4384518303319,529.6011352539062,4725779.0,0,1,0.007766212700710096,-0.0032007455156879416,-0.0543940673777813,-0.043020161682116975,-0.07320803978728929,0.007736210904293538,0.14444444444444443,0.06666666666666667,561.0929779052734,-0.05612588981051867,553.3146459960938,-0.04285718969086338,508.9350469970703,0.040606533935468835,475.49243850708007,0.11379507299151405,541.6680946549629,550.9409386324397,1,1,0,39.90642772739179,0,0,-9.272843977476782,-3.892714001949032,-5.38012997552775,0,620.9756210533458,501.2103347572011,561.0929779052734,0.21344998246683466,0.237053668677441,16.722585789717083,0.03157581182619593,26.683256991776563,12.0757882204192,29.42393335152736,1,15.455407889028233,10.08595216717085,8472895.714285715,10482522.7,0.8082878479514969,0,694798840.0,562.7951410518745,35640167.68886509,0.38077405906845835,0.3703264810612508,0.4066592585722956,0.9106554769253198,0.28526801556357606,0.8569181912152086,1.3387373687741457,0.8569181912152086,1.5256333722263202,0.022752338374426577,0.007673779657037947,0.0,0.0,0.0,0.0,0.0,2179.08544921875,0.0072175657261830395,0.001720049632960352,0.3084751336772564,0.1273,0.15026700010668848
2022-04-21,529.6010797545624,531.8846570164144,516.4339455053562,524.9852905273438,8575442.0,0,1,-0.008715700211536559,-0.009351967473180123,-0.0038721248011244214,-0.053023723952908774,-0.09018193803573604,-0.008753904070863048,0.4,0.03333333333333333,557.1233947753906,-0.057685791961767464,553.1786010742187,-0.050966018013217256,509.98598846435544,0.02941120423357799,476.1802304077148,0.10249283150172171,539.1015094045599,549.0182980320623,1,1,0,38.24321681852533,0,0,-9.916788627502342,-5.0975289270596935,-4.8192597004426485,0,615.4298136453866,498.8169759053945,557.1233947753906,0.20931240517552788,0.22440337727048465,16.631737626955736,0.03168038786429479,27.98171311559906,11.274482375245148,29.62075982094072,1,14.789872712674734,11.883536165408563,7311991.0,10274214.0,0.7116837356122814,0,686223398.0,558.7507081787487,35565426.707211666,0.10774159579975365,0.36887904885427,0.4071011899983201,0.9061114482514584,0.2786705415146893,0.8494495491547646,1.3270693352059288,0.8494495491547646,1.5119160912547138,0.02943075127978937,-1.0479460887743545e-07,0.0,0.0,0.0,0.0,0.0,2281.257568359375,0.046887614791451204,0.040692802403564654,0.302528123268601,0.0702,0.08420968634494903
2022-04-22,514.0532261794333,514.8791858998962,498.7968142208682,499.6228332519531,23871439.0,0,1,-0.0483107960032827,-0.04927883093806973,-0.05962499972716351,-0.12485112734817871,-0.12722797111238227,-0.049516763882527605,0.1,0.011111111111111112,551.8492477416992,-0.09463891579714784,552.623735961914,-0.09590775650941932,510.85570068359374,-0.021988337247895097,476.72166748046874,0.04803886068892106,533.0278669195435,545.3593747150171,1,1,0,30.677511522701977,0,0,-12.331507795473613,-6.544324700742477,-5.787183094731136,0,610.9583460079338,492.7401494754646,551.8492477416992,0.21422190392801416,0.05822017234544915,17.314361818350008,0.03465486496214357,29.842376900735132,10.056412174128882,33.69661055961644,1,1.094702136020846,10.446660912574615,9665579.42857143,10815404.466666667,0.8936863580424546,1,662351959.0,550.1504079650923,34412178.48737786,0.29876488601593837,0.3924954998604158,0.4203822182161944,0.9336634206981681,0.279563930409203,0.8084119652704683,1.2629575592705833,0.8084119652704683,1.4388742213960268,0.03218902461753165,-0.020823563145796482,0.0,0.0,0.0,0.0,0.0,2268.236572265625,-0.005707814967651492,0.03357659312655259,0.3028165043582909,0.1111,0.1415980635528724
2022-04-25,488.4477282419245,494.1324437023051,478.3415838986425,481.499755859375,10749312.0,0,1,-0.03627351711413662,-0.09082567274231779,-0.09373570839326639,-0.15566157587879714,-0.16130676340032513,-0.036947756077173446,0.011111111111111112,0.011111111111111112,545.3045455932618,-0.11700762491255343,552.123286743164,-0.12791261042507268,511.57624969482424,-0.05879181031838573,477.21374572753905,0.008981321619941373,525.1004652179791,540.6290325775622,1,1,0,26.62430620239158,0,1,-15.528567359583008,-8.341173232510585,-7.187394127072423,0,605.1687813489044,485.44030983761917,545.3045455932618,0.21956257742364346,-0.03291242198705212,17.59771092799005,0.03654770477833756,32.134842454632675,9.187739879382917,39.08861485404617,1,3.343618934088752,6.409397927594786,10144578.285714285,10910217.833333334,0.9298236241186829,0,651602647.0,544.9221855380044,34022263.134580664,0.33338916013023845,0.4027949265612857,0.42739858254958674,0.9424339317142061,0.2815770010658129,0.7790880200129572,1.2171456466299535,0.7790880200129572,1.3866811927011282,0.03279515640766894,-0.022367082259415423,0.0,0.0,0.0,0.0,0.0,2279.1123046875,0.004794796343051466,0.038532382395539466,0.3021546830030532,0.1234,0.1617071688264521
2022-04-26,483.92908851736337,486.7471435435313,475.9121909666239,479.5076599121094,11623406.0,0,1,-0.004137273016286747,-0.08662648541933893,-0.09748517119255518,-0.15105388137722364,-0.11844586886946351,-0.004145855209723203,0.011111111111111112,0.044444444444444446,538.6067901611328,-0.10972592868972746,551.3381164550781,-0.1302838573991851,512.0713534545898,-0.06359210161395638,477.76317718505857,0.003651354500213176,518.0861874786145,536.1015234912323,1,1,0,26.214309941214736,0,1,-18.01533601261781,-10.276005788532029,-7.73933022408578,0,596.2977822225425,480.91579809972313,538.6067901611328,0.21422304031536818,-0.012204142599202081,17.114656760055578,0.035692144653523536,34.32207858230932,8.772270064417842,38.3349417322699,1,3.787112522109709,2.741811197406445,10748447.714285715,10864140.866666667,0.9893509156590631,0,639979241.0,539.9460223414518,33974173.93057952,0.32691049132863115,0.37606602667050604,0.4176540714706399,0.9004246632776872,0.27297540930375214,0.7758647201704454,1.2121099827892607,0.7758647201704454,1.3809441140203735,0.02259599477283304,0.005045345565445873,0.0,0.0,0.0,0.0,0.0,2389.96484375,0.04863847158146051,0.0890450101631115,0.3096029632016414,0.02,0.023879941493678197
2022-04-27,475.1834198235696,483.5404347740238,462.9880289887906,478.3901672363281,17623544.0,0,1,-0.0023305001550675275,-0.04249738923544688,-0.09727703517788189,-0.14345358071285974,-0.14038765523005647,-0.002333219997103797,0.022222222222222223,0.022222222222222223,533.3836624145508,-0.1031030739285772,550.6190252685547,-0.13117755601887926,512.4100067138672,-0.06639183277413235,478.30702117919924,0.00017383407193961064,511.9791074413397,531.8266082130913,1,1,0,25.97268731476069,0,1,-19.847500771751584,-12.190304785175941,-7.657195986575642,0,593.0880360391689,473.6792887899328,533.3836624145508,0.22387027511995755,0.03945170311989406,17.360210261853982,0.03628881078836622,36.64511513252154,8.0304618419608,40.410874947767404,1,14.279253736983705,7.136661731060731,12187431.857142856,11102070.3,1.0977620865130764,0,622355697.0,532.4764123355606,33933102.25855468,0.3272713625517235,0.3672907418901288,0.417458660238959,0.8798254219468978,0.2808246921655585,0.7740565673197767,1.2092851602864114,0.7740565673197767,1.3777258235485095,0.04296159744244955,-0.009018083442780456,0.0,0.0,0.0,0.0,0.0,2328.9013671875,-0.02554994761625351,0.04487774208141326,0.32064845013461357,-0.0323,-0.03641267441067177
2022-04-28,487.81608793509486,487.81608793509486,466.43769364311856,474.7947082519531,25042778.0,0,1,-0.007515745996925616,-0.013925339578739315,-0.0965237173896708,-0.1601203724647312,-0.15291260470801538,-0.007544131530949694,0.03333333333333333,0.022222222222222223,529.4529541015625,-0.10323532133720893,549.7648608398438,-0.1363676690310165,512.7301965332031,-0.07398723254013252,478.7822218322754,-0.008328449550742032,506.25843064297254,527.6020230307847,1,0,0,25.16887023610667,0,1,-21.34359238781218,-14.02096230570319,-7.32263008210899,0,593.7786961298185,465.12721207330634,529.4529541015625,0.242989453661323,0.07514484772208448,17.64722340686272,0.03716811308161863,38.353670793077434,9.066185020630066,36.914090057431,1,10.94591973402366,9.670761997705702,14601671.42857143,11550781.1,1.2641284863905378,1,597312919.0,523.2307117437983,33744887.10004929,0.3279770363317419,0.36552180519525074,0.4176780231571105,0.8751281727306943,0.28972652756382383,0.7682389547725491,1.2001964801838472,0.7682389547725491,1.3673711862053137,0.04502660606872581,0.0197034164669824,0.0,0.0,0.0,0.0,0.0,2373.25244140625,0.019043775251122108,0.09696549428290124,0.31289644795503563,-0.0593,-0.06809301113509657
2022-04-29,479.0704173602121,483.73478278678704,465.708919918624,469.0128479003906,12462169.0,0,1,-0.012177600657870657,-0.021886641005155916,-0.11440362061245923,-0.16257480974238436,-0.163228096730197,-0.012252355143511393,0.011111111111111112,0.011111111111111112,525.1845657348633,-0.10695614741814538,548.8523919677734,-0.1454663316326964,512.9979122924805,-0.0857412151942876,479.2369575500488,-0.02133414272122461,500.5283409902676,523.262084132237,1,0,0,23.888523517143582,0,1,-22.73374314196934,-15.76351847295642,-6.9702246690129215,0,593.7361836721357,456.632947797591,525.1845657348633,0.2610572450519434,0.09029619194493539,17.674269082669888,0.03768397638101284,39.95951384382122,8.405717991434518,34.519442828184495,1,6.57127743206916,10.598816967692185,15706870.0,11580138.266666668,1.35636290675493,0,584850750.0,518.4113123399227,33593127.78263639,0.29088777672190136,0.3656354614148887,0.4150598368966701,0.8809222885757416,0.2954746365507766,0.7588836475715091,1.1855809667371864,0.7588836475715091,1.3507198859486265,0.03843362276504495,0.00900538492520444,0.0,0.0,0.0,0.0,0.0,2326.8056640625,-0.01957093840224955,0.06779000561759108,0.3228547415255685,-0.0395,-0.04404544815025768
2022-05-02,464.3484595737327,472.2681771902017,456.2343810510282,470.71337890625,14625673.0,0,1,0.003625766359007132,-0.016047128172443692,-0.10337796620278261,-0.10684979861708344,-0.1789134403895306,0.0036192091134092737,0.022222222222222223,0.011111111111111112,520.1752151489258,-0.09508687611829962,548.3159881591797,-0.14152899227589397,513.2520236206054,-0.08288061762382819,479.66014556884767,-0.018652303605477476,495.94142374657264,519.3695874488305,1,0,0,25.09543056497897,0,1,-23.428163702257905,-17.29644751881672,-6.131716183441185,0,589.3007184202025,451.049711877649,520.1752151489258,0.26577776586870333,0.14223163737002206,17.557092443848717,0.037298902539469755,41.69583673675111,7.857402467953929,36.1222797235248,1,17.18568142354233,11.567626196545058,16571188.714285715,11595681.666666666,1.429082756033378,0,599476423.0,511.7183127158392,33646157.05577763,0.3147505207858639,0.3568336080904336,0.4151219800293115,0.8595873628884642,0.2966311541570785,0.7616351823712745,1.1898796063222612,0.7616351823712745,1.355617280671541,0.034062758480393376,-0.009945118449395924,0.0,0.0,0.0,0.0,0.0,2334.2890625,0.0032161682228477595,0.0232466052392164,0.31893162264746844,-0.0051,-0.005660254154112695
2022-05-03,464.3484595737327,472.2681771902017,456.2343810510282,470.71337890625,14625673.0,0,1,0.0,-0.0085959874336623,-0.05786255635583504,-0.11403750117606892,-0.18375599746876736,0.0,0.18888888888888888,0.011111111111111112,515.1974502563477,-0.08634373351025644,547.6979583740234,-0.140560281977901,513.4726092529297,-0.08327460817996056,479.999854888916,-0.019346830812719963,492.0601860788307,515.7654238530838,1,0,0,25.09543056497897,0,1,-23.705237774253078,-18.578205569903993,-5.127032204349085,0,583.4672674200419,446.9276330926534,515.1974502563477,0.2650238937701463,0.17420396598224513,17.448285564943344,0.03706774939239287,43.3081365659003,7.341658021373312,33.751284316172224,1,17.18568142354233,13.64754675971795,15250365.0,11833527.433333334,1.2887421004359132,0,599476423.0,507.1047547035315,33646157.05577763,0.21497898676371122,0.3554441438861565,0.4146824337309754,0.857147819569204,0.29917968837388265,0.7616351823712745,1.1898796063222612,0.7616351823712745,1.355617280671541,0.034062758480393376,-0.013521857711601073,0.0,0.0,0.0,0.0,0.0,2334.2890625,0.0,0.029120635405502915,0.3192422920914112,-0.0164,-0.01796360649141868
2022-05-04,469.35293683684256,469.35293683684256,446.0310517766268,448.6061706542969,10366562.0,0,1,-0.046965328037459786,-0.04350984698489058,-0.06831485334062126,-0.15564702056222235,-0.2412688710788632,-0.04810399407731651,0.14444444444444443,0.011111111111111112,509.38641052246095,-0.1193204973918008,546.5891961669922,-0.17926264587703244,513.5046768188477,-0.12638347632312888,480.2340950012207,-0.06585938956883812,485.3749529365947,510.79066435687736,1,0,0,20.253284786582086,0,1,-25.415711420282662,-19.945706739979727,-5.470004680302935,0,579.6259911928086,439.14682985211334,509.38641052246095,0.27578113282725847,0.06733625622409856,17.965002819563335,0.040046267739387506,45.057094020199834,6.621173044565169,34.49587760276705,1,2.7263296909093646,12.365897512664686,15195686.42857143,11726360.266666668,1.2958570334707065,0,589109861.0,502.35505222278044,33159288.070826966,0.2781037957301322,0.36179164195766306,0.4206056143467581,0.8601683610894284,0.30932757027824564,0.7258647361863371,1.1339965202862528,0.7258647361863371,1.2919502703915529,0.05198743705687454,-0.0028901708138582443,0.0,0.0,0.0,0.0,0.0,2248.780029296875,-0.0366317242267955,-0.01330881121050509,0.3405860434832075,0.1562,0.16275557418546055
2022-05-05,456.7202403536919,462.4535310568571,447.1971493318452,448.5575866699219,6328868.0,0,1,-0.00010829985754345905,-0.04706854155666729,-0.06454552414837433,-0.155738463869612,-0.2578181806063191,-0.00010830572239647668,0.15555555555555556,0.011111111111111112,503.8887649536133,-0.10980831908166294,545.499868774414,-0.17771275054986616,513.6125405883789,-0.12666153720454734,480.2663926696777,-0.06602337053711944,479.71074274172196,506.1808067504362,1,0,0,20.244040267763054,0,1,-26.470064008714246,-21.250578193726632,-5.219485814987614,0,575.143802065619,432.6337278416077,503.8887649536133,0.28282050352349164,0.11173847824458705,17.771529884238234,0.039619282813102195,46.6811259420494,6.215165940211637,32.38060719926515,1,2.6748928581274614,7.528967990859729,14439323.857142856,11532667.066666666,1.2520368249316256,0,582780993.0,498.65762792249103,33158602.655324154,0.2827558717474592,0.3507708742450234,0.41992821058520863,0.8353115256443283,0.3114668959317018,0.7257861251388122,1.1338737086246509,0.7257861251388122,1.2918103523613162,0.03401209159848313,0.01808728954298728,0.0,0.0,0.0,0.0,0.0,2250.37646484375,0.0007099118304487728,-0.05840603859562521,0.3408681813527182,0.1457,0.14689564385177156
2022-05-06,437.28535225022006,441.4152694659166,426.5961547507703,431.2119445800781,8595262.0,0,1,-0.038669822126111586,-0.08391823155304712,-0.09861871310775416,-0.18630241226145572,-0.2873775740355634,-0.039437351628857434,0.03333333333333333,0.011111111111111112,497.1837219238281,-0.13269094387981048,543.7478112792969,-0.20696334654561868,513.5503488159179,-0.16033170734999147,480.2761393737793,-0.10215830180044926,472.2493891783921,500.62755770078,1,0,0,17.22167963799164,0,1,-28.37816852238791,-22.67609625945889,-5.702072262929018,0,569.3340575943098,425.03338625334635,497.1837219238281,0.2902361138908552,0.042817252818822,18.070808601017756,0.041907022354437405,48.620897632888045,5.675645677466292,37.712706954273436,1,4.05289952550648,3.151374024847778,13149569.285714285,11449604.266666668,1.148473692142945,0,574185731.0,494.17982367116474,32826225.402656827,0.3272253644269365,0.3592270817818232,0.4264537592030114,0.8423588115465874,0.31456680869938153,0.6977201047780945,1.0900270139986612,0.6977201047780945,1.2418562758148346,0.03436619718309841,-0.02512996046591598,0.0,0.0,0.0,0.0,0.0,2242.693359375,-0.003414142295201872,-0.037016598911017495,0.3404012231155147,0.1535,0.15874090676909602
2022-05-09,421.5916743712209,435.8763114727452,417.3645766856014,431.5520629882813,10773327.0,0,1,0.0007887499696568323,-0.03801576701707421,-0.09107651056785748,-0.178809184590639,-0.29530301610810217,0.0007884390698702393,0.08888888888888889,0.011111111111111112,490.758056640625,-0.1206419188665493,541.228076171875,-0.20264287462567718,513.6572409057617,-0.1598442918330121,480.28276123046874,-0.10146251786622733,465.98826207222123,495.5108543887431,1,0,0,17.481829214585034,0,1,-29.522592316521866,-24.045395470871487,-5.477196845650379,0,562.2159082223081,419.3002050589418,490.758056640625,0.2912141761699522,0.08572786375570261,18.102303328598193,0.04194697437720222,50.57730736565624,5.261073147977852,38.60063728000245,1,12.217579983122631,6.3151241222522,11111076.285714285,11572867.1,0.9600971124704514,0,584959058.0,488.71552861571143,32834722.86400118,0.3386403924164246,0.3543623295075261,0.41949663962765393,0.8447322243678967,0.31969946166172,0.6982704314895672,1.0908867727728777,0.6982704314895672,1.2428357899147016,0.04289571612509362,-0.02230984166782674,0.0,0.0,0.0,0.0,0.0,2192.755126953125,-0.02226707998805144,-0.07605483146418801,0.3465354187475703,0.0999,0.10008991086249058
2022-05-10,422.7091601216201,429.8028881879739,408.42449388297246,411.0482177734375,9661841.0,0,1,-0.04751186930463258,-0.0836221925816768,-0.12358857627555586,-0.2238532162957525,-0.32995409201138115,-0.04867763327113526,0.011111111111111112,0.011111111111111112,484.95916748046875,-0.15240654195903605,538.2982641601562,-0.23639319473796203,513.4390838623046,-0.19942164378808094,480.1723878479004,-0.14395698674859805,457.5359475647161,489.25436278760935,1,0,0,14.519416646983728,0,1,-31.71841522289327,-25.579999421275843,-6.138415801617427,0,562.5821686039482,407.33616635698934,484.95916748046875,0.32012180129208756,0.023910769763611603,18.461250884077526,0.044912616296156865,52.53055601852853,4.790296223450237,38.60554862519416,1,2.1251582890176417,6.131879265882261,10711029.42857143,11720068.866666667,0.9139049906980434,0,575297217.0,482.2464387212841,32375670.73716704,0.39773114262025944,0.36766426049522816,0.42618273939686613,0.862691579240273,0.3302804898927586,0.6650942980093455,1.0390567029987403,0.6650942980093455,1.1837863382971545,0.05200945626477535,-0.02049092942674998,0.0,1.0,0.0,0.0,0.0,2104.80126953125,-0.040111116987371354,-0.0954116615582069,0.3703215391989204,0.1923,0.187016192281232
2022-05-11,411.0482591582709,417.75329575248514,402.25397611405486,410.6109619140625,14197501.0,0,1,-0.001063758071360832,-0.04777461043217912,-0.12768368116462192,-0.2178619680913214,-0.2955150653036994,-0.0010643242635413068,0.011111111111111112,0.022222222222222223,478.9246307373047,-0.14263970662371922,534.84759765625,-0.2322841801788089,513.042611694336,-0.19965524782043034,480.0892626953125,-0.1447195473424788,450.3167190030771,483.4289256858651,1,0,0,14.46312992429786,0,1,-33.11220668278804,-27.086440873578283,-6.025765809209759,0,560.0639286552683,397.7853328193411,478.9246307373047,0.33883952801947,0.07903463194671002,18.249684366531294,0.044445195231662626,54.43249080803304,4.4996988988263515,38.678708555593495,1,7.420173348310361,7.254303873483554,10649862.0,11820120.066666666,0.9009944010664618,0,561099716.0,476.31350746421407,32360568.030885138,0.38748120126862745,0.3511682913536566,0.4261079658267866,0.8241298438818836,0.33023824840620736,0.664386798581622,1.0379513980443238,0.664386798581622,1.1825270760250242,0.037746969944933324,1.0068121362374717e-07,0.0,1.0,1.0,0.0,0.0,2114.579345703125,0.00464560541340453,-0.09412275468641751,0.3531701129772053,0.3145,0.3063958605255905
2022-05-12,404.2460520586187,410.0765239633104,383.45070819628137,394.3828430175781,23831422.0,0,1,-0.03952188422061853,-0.08612916762192024,-0.16215926572138983,-0.21063887242580015,-0.2873572123946364,-0.04032408122946481,0.011111111111111112,0.05555555555555555,472.0786880493164,-0.164582403312436,530.9518719482422,-0.25721545802173384,512.503779296875,-0.23047817606604157,479.92306686401366,-0.1782373670959087,441.71150731300037,476.8329195622883,1,0,0,12.522800448589976,0,1,-35.121412249287914,-28.693435148720212,-6.427977100567702,0,557.5971072590004,386.5602688396324,472.0786880493164,0.36230578238156,0.04573619490536561,18.886153605906284,0.04788786819781738,56.42945936570256,4.0374821027244545,41.817074483982324,1,9.877090173294025,6.474140603540685,11964969.0,11831234.366666667,1.0113035233001653,1,537268294.0,467.03775362029046,31418705.329788435,0.3775950853504332,0.34116951959775094,0.43209952469548973,0.7895623579733877,0.3369450720429296,0.6381289804503717,1.0285098829852748,0.6381289804503717,1.1357913778386166,0.06751261176400189,-0.015501071441867418,1.0,1.0,1.0,1.0,1.0,2040.6446533203125,-0.034964255435980474,-0.125796078085204,0.3683649570821704,0.4059,0.368622711863726
2022-05-13,399.3872796284784,402.73981245098753,374.0733288766807,377.0371398925781,17007818.0,0,1,-0.043981890774662524,-0.08274230713148523,-0.15953643851428645,-0.2169525834553192,-0.31989479875089344,-0.04497842340581862,0.022222222222222223,0.022222222222222223,464.36546020507814,-0.18805946565003592,527.1465161132812,-0.28475835774744135,511.81481201171874,-0.26333288712256864,479.6747267150879,-0.2139733054634612,431.76160463293536,469.4406395867542,1,0,0,10.8476384682901,0,1,-37.679034953818814,-30.490555109739933,-7.188479844078881,0,555.0636915489109,373.66722886124535,464.36546020507814,0.390632978188247,0.01857760058494195,19.58474860364918,0.051943818079113066,58.380502788027236,3.615359122084076,40.865129127554944,1,2.605714016815184,6.634325846139866,12913719.857142856,11888135.4,1.086269580774026,0,520260476.0,459.8107070790488,30670669.336197097,0.37004880562016956,0.35234272724744264,0.439981199055327,0.8008131438433033,0.3574759111834362,0.6100628613320567,1.0079230749350603,0.6100628613320567,1.085837125515715,0.0760309278350515,0.01268928580312811,1.0,1.0,1.0,1.0,1.0,2049.57470703125,0.004376094434867639,-0.08858372969805783,0.36629773096273344,0.3742,0.3528578256197475
2022-05-16,384.6167492233788,389.4754753613967,374.1219126273843,379.90380859375,13900633.0,0,1,0.007603146740367883,-0.07478405636608221,-0.15305454665443397,-0.20772108486570606,-0.3345532516139186,0.0075743884969673905,0.03333333333333333,0.011111111111111112,456.86358642578125,-0.16845242238305105,522.6998107910156,-0.2731893129656362,511.2137878417969,-0.2568592287042986,479.4766687011719,-0.20766987552731056,423.7834821653684,462.80828173542056,1,0,0,12.92083224370063,0,1,-39.02479957005215,-32.197404001802376,-6.827395568249777,0,549.5229208903461,364.20425196121647,456.86358642578125,0.4056323910140191,0.08471654109785033,19.28252104153227,0.050756324641514784,60.192185965900144,3.409737509168632,38.54094680445506,1,5.1260227598971575,5.869608983335465,13995400.57142857,11823310.333333334,1.1837125286284236,0,534161109.0,453.7054076016718,30776357.888680097,0.39371850640733447,0.33488521427685725,0.4366467448215927,0.7669476945572703,0.35896867947496813,0.614701258787613,1.0155864619767945,0.614701258787613,1.0940929045171504,0.040414342753880506,0.020103084096596398,1.0,1.0,1.0,1.0,1.0,2101.20947265625,0.025192917070971932,-0.06628535025932081,0.37215296563951505,0.3935,0.346080044310666
2022-05-17,387.7263502122945,424.9441809895958,386.8031803734741,416.295654296875,37772554.0,1,0,0.095792263409606,0.055562283368194576,-0.03459155171995265,-0.12979889051268478,-0.27000084124614887,0.09147762987605206,0.4222222222222222,0.08888888888888889,451.4023773193359,-0.07777257007582251,519.5601025390625,-0.19875361433170038,510.9246936035156,-0.18521132466553672,479.49796630859373,-0.13180934321428006,422.6315086471387,459.3629019251579,1,0,0,33.92683493649352,0,0,-36.731393278019254,-33.10420185704575,-3.627191420973503,0,539.8008812436765,363.0038733949953,451.4023773193359,0.39166166757604276,0.30142920149130353,21.12236756684038,0.05073886154905014,58.56421992853139,14.884691403751182,32.67073568797595,1,37.120890832717045,14.950875869809806,18163585.14285714,12846876.433333334,1.4138522493863748,1,571933663.0,445.9699878320678,34394676.33110166,0.774139020340198,0.45190311935795663,0.4783540637199661,0.9447042549271744,0.3936429065432268,0.6735848836876124,1.1128717878577052,0.6735848836876124,1.198898540221238,0.0916199826311951,0.020590848108368236,1.0,0.0,0.0,0.0,0.0,2179.983642578125,0.03748991756747233,-0.027961788237671148,0.37354273777988595,0.4646,0.5652085522500843
2022-05-18,422.2232779629289,426.0130782092098,411.5340810524751,423.778076171875,18052317.0,1,0,0.017973816920183516,0.12396905061558083,-0.01801401843053496,-0.10744987505843429,-0.24972053003390382,0.017814197679865182,0.5333333333333333,0.1111111111111111,446.11122436523436,-0.050061838782776424,516.6069689941406,-0.17968958684976333,510.7483215332031,-0.170280041450267,479.5098701477051,-0.11622658352926675,422.80790365094424,456.72698890639623,1,0,0,37.27709194660501,0,0,-33.91908525545199,-33.267178536727,-0.6519067187249874,0,527.1648568835859,365.05759184688276,446.11122436523436,0.36337858404563433,0.3622322806550168,20.647841108975694,0.048723240464665724,56.972853346766534,14.508914716773605,31.034315940271657,1,45.325632228019856,29.190848606878024,19203440.85714286,13127000.6,1.4628963189917779,0,589985980.0,443.22744641415034,34719145.37184478,0.7861595708460863,0.45929682604829114,0.4800114141022885,0.956845634404887,0.3962008303320244,0.6856917750672166,1.1328743416282967,0.6856917750672166,1.2204473230890496,0.03416646110513369,0.014238975605127695,0.0,0.0,0.0,0.0,0.0,2176.2421875,-0.0017162766752232272,-0.00753068103690635,0.3727456070439374,0.4549,0.563310735260205
2022-05-19,410.1736801947764,413.9149053770003,402.1081767432409,405.2177734375,10319381.0,0,1,-0.043797222598290664,0.06663256400995832,-0.014184331871136213,-0.1360198867653184,-0.274467042509395,-0.04478527817010092,0.5444444444444444,0.08888888888888889,440.1228485107422,-0.07930757330902409,513.17087890625,-0.2103648314940172,510.4310470581055,-0.2061263205422307,479.4114810180664,-0.15475997242079076,420.1017297719528,452.9114914642558,1,0,0,32.830222425834094,0,0,-32.80976169230297,-33.1756951678422,0.3659334755392294,1,514.0217509943461,366.22394602713825,440.1228485107422,0.33581034356047645,0.2638322498701071,20.720845274665578,0.05113508496650757,55.82094471788326,13.425096814823425,31.965331205614444,1,31.71698423666778,38.05450243246823,19297375.14285714,13159061.0,1.4664705287753543,0,579666599.0,439.7936129740555,34267185.14511121,0.7768692472012796,0.4705055207342474,0.4876208949083683,0.9649002445284115,0.39649855923681104,0.6556603797607806,1.0832575919121104,0.6556603797607806,1.1669951200102304,0.029136749194394487,-0.03210264226028755,0.0,0.0,0.0,0.0,0.0,2110.039794921875,-0.03042050786368422,0.0024888456057381436,0.37427657233566275,0.4924,0.6215820827010617
2022-05-20,419.7939463964544,422.70918213531866,409.15332408747526,416.9758911132813,9703961.0,0,1,0.029016786642984904,0.001634023342269142,0.015501118551605853,-0.11416180249185426,-0.262397937397465,0.028603770268881966,0.6777777777777778,0.1111111111111111,435.9905014038086,-0.04361244162270455,510.0612939453125,-0.18249846427674943,509.9796716308594,-0.1823676230469386,479.3485606384277,-0.13011965539663753,419.62083151677257,450.2495951419614,1,0,0,37.885476089541896,0,0,-30.62876362518881,-32.66630885931152,2.0375452341227103,0,504.95881540172553,367.02218740589166,435.9905014038086,0.3163753053144587,0.36214966563412304,20.490171233462227,0.04913994230878828,54.07626335930914,15.67218052734186,30.016248029839172,1,43.69125567526653,40.244624046651396,18655440.85714286,13243940.5,1.408601983461256,0,589370560.0,433.83522509686605,34548762.91104006,0.7985276923832348,0.4797908839711854,0.48694636806640046,0.9853053959029852,0.4000996499245234,0.6746855371105576,1.1146902463360175,0.6746855371105576,1.200857568420972,0.03250993243674281,0.03597120835866439,0.0,0.0,0.0,0.0,0.0,2214.606201171875,0.04955660386200034,0.0473034297209074,0.38861625182613074,0.5189,0.643290116814162
2022-05-23,406.1895331094861,408.813257266816,388.066489297745,401.4765625,15828786.0,0,1,-0.03717080278166618,-0.05262545404267205,0.01798688662048531,-0.14708911942789626,-0.2831612433633377,-0.037879248212776384,0.7333333333333333,0.08888888888888889,431.98934173583984,-0.07063317607150205,506.60868286132813,-0.20752135507733788,509.3490090942383,-0.211784934628743,479.20960113525393,-0.16221093745013315,416.82940551419216,446.6367779092235,1,0,0,34.228541413939766,0,0,-29.807372395031337,-32.094521566455484,2.287149171424147,0,499.1010612527142,364.8776222189655,431.98934173583984,0.3107100709809316,0.2726717520017662,21.091544846467517,0.052534934331235135,53.17987862743875,14.137803439648925,34.218784139914035,1,28.7608589182872,34.723032943407176,17512207.14285714,13494997.966666667,1.297681347274982,0,573541774.0,430.2282275719785,33960394.22836086,0.7931766371916266,0.48645788301372683,0.46565578621087506,1.0446726904697614,0.4084164961854257,0.6496069340709785,1.0732563150268144,0.6496069340709785,1.1562207285763246,0.05167616221450277,-0.025868061520287866,0.0,1.0,0.0,0.0,0.0,2165.81494140625,-0.022031573712656738,0.06133860095743482,0.39414656453989194,0.5322,0.6594222916756393
2022-05-24,402.6912360567405,403.7601617903768,388.6981100268369,389.4754943847656,12840838.0,0,1,-0.02989232557064736,-0.038848935275447416,0.032989732777336744,-0.13180977021178408,-0.260993777037414,-0.030348209078916596,0.7666666666666667,0.13333333333333333,427.4877334594727,-0.08892006974583926,503.5195037841797,-0.2264937277351147,508.6172848510742,-0.2342464442615117,479.03565887451174,-0.18695928545312596,412.6211114942804,442.40260875926367,1,0,0,31.67875253504701,0,0,-29.781497264983273,-31.631916706161043,1.8504194411777704,0,493.2433669923811,361.7320999265643,427.4877334594727,0.30763752213789436,0.21095830857075348,20.660866769115547,0.05304792488100555,52.34752137641624,13.401614137530819,32.43693005467157,1,17.427167089621808,29.959760561058516,16916924.285714287,13366300.066666666,1.2656400201505493,0,560700936.0,426.7613853569191,33576551.71826492,0.7605453817551149,0.46703642521289257,0.4682784476189402,0.9973476840278194,0.40120834488253965,0.6301886721047787,1.0411741878372796,0.6301886721047787,1.12165860212619,0.0386726558684588,0.003025515485080101,1.0,1.0,1.0,1.0,0.0,2155.388427734375,-0.004814129532740741,0.0516271596932385,0.3937351067183387,0.5755,0.6872939763716137
2022-05-25,393.5568334804549,393.6054088817228,378.6891427444293,385.6371154785156,11103850.0,0,1,-0.009855251387030917,-0.07515728439621405,0.015091469880199382,-0.14027289485509753,-0.27416547355743304,-0.009904135821076234,0.6666666666666666,0.1111111111111111,422.850080871582,-0.08800510411719141,500.1018762207031,-0.22888288603754872,507.8544647216797,-0.2406542774220623,478.889411315918,-0.19472615938857096,408.46972749185505,438.1977574051342,1,0,0,30.88626249199777,0,0,-29.72802991327916,-31.251139347584665,1.523109434305507,0,486.5406583812619,359.1595033619021,422.850080871582,0.30124424892340257,0.20786129716432036,20.250538152556828,0.05251190131797626,51.8886332314579,12.696511030644865,34.26072231629394,1,17.17174542440095,21.11992381076999,16517383.857142856,13489884.4,1.224427383317151,0,549597086.0,422.3764094307351,33467120.485151038,0.7649275821392123,0.46385701352917735,0.4561567202110614,1.0168808064793018,0.40593822279928327,0.6239780043199269,1.0309131544784556,0.6239780043199269,1.1106043746318108,0.03867953975017342,0.010479065190317917,1.0,1.0,1.0,1.0,0.0,2069.5302734375,-0.03983419099411434,-0.015076649725313973,0.41003471874415226,0.5544,0.6316796283792033
2022-05-26,395.01440155056383,398.9013821316272,381.50714996243033,396.3262634277344,13391224.0,0,1,0.0277181513920286,-0.012828392871042427,-0.04796925133141017,-0.08090147221296495,-0.2540466822679365,0.027340957643377246,0.37777777777777777,0.16666666666666666,418.9266586303711,-0.053948333764496904,496.81834899902344,-0.20227128441161218,507.16209594726564,-0.21854123840330508,478.79660949707034,-0.17224505026458542,406.6015022512211,435.09616525866016,1,0,0,35.709642835024056,0,0,-28.494663007439044,-30.699844079555543,2.205181072116499,0,478.6906323553606,359.1626849053816,418.9266586303711,0.28531950638033127,0.31091957416825294,20.046516296602544,0.05058084246858851,51.03432831318948,13.796635432085,32.13730756348083,1,36.00624697435021,23.535053162790998,13034336.714285715,13689714.533333333,0.9521262611099868,0,562988310.0,416.22645499276814,33838300.4593076,0.5018913706589863,0.47593893876033283,0.46022209707569045,1.0341505585770636,0.41243668671349537,0.6412735211089626,1.0594881613663232,0.6412735211089626,1.1413882748245046,0.04388866894350672,0.024316347404508654,1.0,1.0,1.0,0.0,0.0,2041.8419189453125,-0.013379052651497081,-0.06336823861184626,0.41140312433511683,0.5188,0.6043883092190189
2022-05-27,411.1453958374148,414.8866207501346,394.62572760671753,397.5895385742188,20350558.0,0,1,0.0031874626111292326,0.02083325987497764,-0.06179776413689386,-0.07869855650530111,-0.25166898395801773,0.0031823934212263497,0.26666666666666666,0.17777777777777778,415.3554931640625,-0.042772889445875914,493.5600872802734,-0.19444552179025104,506.34242858886716,-0.2147813097901618,478.8233325195313,-0.16965295637926944,405.21504630091306,432.3178966153682,1,0,0,36.27566312807109,0,0,-27.102850314455168,-29.98044532653547,2.8775950120803024,0,470.9050187560472,359.80596757207786,415.3554931640625,0.2674794315049205,0.3400890520619748,20.061828928517873,0.05045864385783604,49.063588393068294,18.492802147215915,29.819008195843576,1,42.19701355645335,31.79166865173484,13362656.857142856,14121522.466666667,0.9462617709021754,0,583338868.0,412.86000590889535,33903167.10204822,0.478618867191587,0.4765955187189131,0.4559979520711374,1.0451703051608494,0.42070712491934215,0.6433175564810045,1.0628652402676124,0.6433175564810045,1.145026407275289,0.05095932155577819,0.03739124498465779,1.0,0.0,0.0,0.0,0.0,2075.516845703125,0.016492426002894023,-0.04628406818663189,0.41488915283804517,0.523,0.6049065587187075
2022-05-30,398.4155126982416,407.6470916510057,394.1398399564441,404.9747924804688,7161082.0,0,1,0.01857507099591693,0.05014475066270041,-0.0005996305516660083,-0.014775457064057251,-0.23581195772029384,0.018404661377319016,0.6111111111111112,0.2111111111111111,412.0685638427734,-0.017215026781347165,490.1939617919922,-0.1738478560608731,505.6024444580078,-0.19902524815798536,478.87143371582033,-0.15431415622758668,405.17808417469087,430.29248149426456,1,0,0,39.62234599326372,0,0,-25.114397319573698,-29.00723572514312,3.892838405569421,0,461.23957983406086,362.89754785148597,412.0685638427734,0.23865453619048146,0.4278663332524841,19.59364484037814,0.048382381333828585,47.25462185889194,17.582204658026022,28.527831217500733,1,59.494826218645144,45.89936224981624,12911471.285714285,14108536.7,0.9151531133426677,0,590499950.0,409.85424373872,34036184.7086058,0.42833992600874543,0.4831396118377641,0.43807996082302364,1.102857138066956,0.4207796294197513,0.6552672257655591,1.0826080375646756,0.6552672257655591,1.1662953540826273,0.033353314688624805,0.0020774543691084433,0.0,0.0,0.0,0.0,0.0,2160.826171875,0.041102690324334556,0.024068919020082014,0.4303214058401702,0.5413,0.6116490598174864
2022-05-31,403.1771163497096,416.392858272622,400.3590609295688,410.6109619140625,39115757.0,0,1,0.013917333963114453,0.03604277537093581,-0.015264501701105826,0.0,-0.21865753972913493,0.013821377154464534,0.5444444444444444,0.2222222222222222,409.0634429931641,0.0037830780222623977,486.87253723144534,-0.15663560682850808,504.982470703125,-0.18688076173745588,478.87969360351565,-0.14255925361073185,406.0139115192096,428.83459115499033,1,0,0,42.120599756340724,0,0,-22.82067963578072,-27.76992450727064,4.94924487148992,0,449.75947178639206,368.3674141999361,409.0634429931641,0.19897172182119466,0.5190131441173437,19.339370019140645,0.04709901053052796,44.96233716646159,19.771178147427527,26.838422277803684,1,70.34618670078717,57.34600882529523,17113156.42857143,15140958.566666666,1.130255812617216,1,629615707.0,407.0963623228326,34580571.76199484,0.3946105409614802,0.4876370239974565,0.4308591019132052,1.1317783976992297,0.42216347825784173,0.664386798581622,1.0976750551746153,0.664386798581622,1.1825270760250242,0.039048634425909334,-0.0044389827814922895,0.0,0.0,0.0,0.0,0.0,2162.721923828125,0.0008773273749642652,-0.023428218216085095,0.4216553950209434,0.5482,0.6378439302386841
2022-06-01,409.1047807107798,410.0765260331332,394.722961802075,399.0472106933594,12551513.0,0,1,-0.028162305182498515,0.003666273826941957,-0.006051042659907746,0.01182700454231811,-0.24651367957879378,-0.02856646910494783,0.5777777777777777,0.2,406.5854949951172,-0.01854046539916123,483.02831298828124,-0.17386372607304976,504.1341372680664,-0.20845032860535787,478.78227630615237,-0.1665372123378419,404.94211139215577,426.6281185282029,1,0,0,38.59233806522844,0,0,-21.686007136047124,-26.55314103302594,4.867133896978817,0,442.9482439526105,370.2227460376239,406.5854949951172,0.17886889426751432,0.3963460613144266,19.092843597201135,0.04784607706949413,43.111870606379185,18.596001553787485,27.351707552525212,1,48.08240728462254,59.30780673468496,16644974.57142857,15401816.366666667,1.0807150387438982,0,617064194.0,405.2848312139503,34227092.22238674,0.36183803638422507,0.48866153458054296,0.4333945570563626,1.1275211620089474,0.42550255859251185,0.6456761348007432,1.0667619952795717,0.6456761348007432,1.1492243876234396,0.03847555832900265,-0.003668146598575109,0.0,0.0,0.0,0.0,0.0,2146.109130859375,-0.007681428104887589,-0.00909856616562088,0.4217509526529108,0.5484,0.6394585104876777
2022-06-02,396.47204938978615,402.6912128609168,394.91725110817583,398.318359375,7202046.0,0,1,-0.0018264789198575437,-0.0164366603281606,0.022704547828363397,0.05644329757138822,-0.24127710516442813,-0.0018281489663261518,0.7444444444444445,0.2111111111111111,404.0735336303711,-0.014242888425936106,478.9071411132812,-0.16827642526052597,503.18571380615236,-0.20840685964218678,478.71328231811526,-0.16793961210729705,403.92307262028567,424.53109933166934,1,0,0,38.37415054570228,0,0,-20.608026711383673,-25.364118168697487,4.756091457313815,0,434.71981866198746,373.4272485987548,404.0735336303711,0.15168667324621282,0.4061032316081089,18.284352036882552,0.04590386460110066,41.39358022915981,18.03125399360423,26.521055325353917,1,46.62922190379613,55.019271963068626,15839432.857142856,15356036.5,1.0314792399160329,0,609862148.0,404.17380590775934,34213937.83718789,0.2993015132466173,0.4891574062457475,0.43225026301696445,1.1316532298478894,0.42375802809908913,0.6444968209514744,1.0648135769826885,0.6444968209514744,1.1471253535052592,0.019516955645577178,-0.006453274786957629,0.0,0.0,0.0,0.0,0.0,2204.478759765625,0.027197884798559446,0.022775631250303796,0.40623630774582825,0.5771,0.6991757860289362
2022-06-03,402.3025384022549,405.120593730532,393.84834276211177,395.2573852539063,12229014.0,0,1,-0.007684742741702055,-0.03739202818304099,0.02494643121540152,0.04041437941090664,-0.20888846756412494,-0.007714422529336159,0.7555555555555555,0.25555555555555554,402.2758056640625,-0.017446787282099713,474.7101733398438,-0.16737115096342675,502.21785552978514,-0.21297623949082253,478.56193313598635,-0.1740726583416081,402.58988994853496,422.36267606664984,0,0,0,37.41738045204503,0,0,-19.77278611811488,-24.24585175858097,4.473065640466089,0,430.3275242196886,374.2240871084364,402.2758056640625,0.13946510409354268,0.37490213128584676,17.78348767484953,0.0449921705154876,39.60731436437217,18.190652529867133,25.320294593019607,1,35.01028041466972,43.24063653436281,16000170.57142857,14967955.666666666,1.068961648988621,0,597633134.0,403.1549089985143,34119961.01061322,0.29553740619785324,0.4739898096815797,0.43224646711787285,1.096573010398541,0.42300412946993177,0.6395440286846176,1.056630758575705,0.6395440286846176,1.1383099902710874,0.028518761164144042,0.01000249909019129,0.0,0.0,0.0,0.0,0.0,2185.1220703125,-0.008780619621475916,0.05585412224146946,0.40665463554415665,0.5852,0.6873692481936373
2022-06-06,391.224619441574,399.09576141196817,384.7625198588632,397.5895385742188,8810058.0,0,1,0.005900340910301782,-0.0036528813636056423,0.0031874626111292326,-0.04493468891538366,-0.1742684524011736,0.0058830020688265495,0.5888888888888889,0.28888888888888886,400.5776794433594,-0.007459579059154979,470.4140881347656,-0.15480945702392276,501.2772058105469,-0.20684696218865353,478.37292861938477,-0.16887115723356683,401.8206051217171,420.52762884498827,0,0,0,38.671993468258584,0,0,-18.707023723271163,-23.13808615151901,4.431062428247845,0,425.0509045302683,376.10445435645045,400.5776794433594,0.12218965929862494,0.43895081546201736,17.53704152329635,0.044108407847412906,38.44340666531295,17.1286921058908,27.542775632051313,1,39.938343343941824,40.5259485541359,15345718.285714285,14903313.866666667,1.0296849695984138,0,606443192.0,402.0350591094927,34171943.35625275,0.24694514962435843,0.46731903601536,0.4325586679346751,1.0803598925589775,0.4240159602218454,0.6433175564810045,1.0628652402676124,0.6433175564810045,1.145026407275289,0.03605034882080875,-0.010202885417920046,0.0,0.0,0.0,0.0,0.0,2220.093994140625,0.016004562995935334,0.08729964525725209,0.4093145264061252,0.6064,0.6978678242048322
2022-06-07,396.4234942204435,401.3307959651565,390.8359589255291,392.7794494628906,7636671.0,0,1,-0.012098127955221027,-0.013905735906324934,-0.012098127955221027,-0.07314825483424026,-0.18086929094128645,-0.012171905959540286,0.5333333333333333,0.2777777777777778,399.664241027832,-0.017226438740767774,466.0004217529297,-0.15712640777149411,500.385143737793,-0.21504574150844266,478.0614845275879,-0.1783913530473418,400.42965809728224,418.4722081500181,0,0,0,37.023401879917174,0,0,-18.042550052735862,-22.118978931762378,4.0764288790265155,0,423.8540686739678,375.47441338169625,399.664241027832,0.12105074791743115,0.3576924220863307,17.034026917319995,0.04336791790052486,37.1734854448242,17.312109111569505,26.330676783080925,1,32.00884622874173,35.652489995784435,13529448.714285715,14770422.7,0.9159825002358067,0,598806521.0,401.41878971494276,34079553.93334283,0.2568090787488094,0.46756406604812134,0.42113379386908534,1.1102506444625753,0.42471341420225134,0.6355346183668572,1.050006560591698,0.6355346183668572,1.129290547890774,0.02671941481148933,-0.00293278429295905,0.0,0.0,0.0,0.0,0.0,2222.58837890625,0.0011235491705343659,0.07086019730825233,0.3819433571734451,0.6441,0.7948183578575971
2022-06-08,390.6415947556053,395.5003210585356,389.76702995214015,392.0992126464844,6911005.0,0,1,-0.0017318543964977007,-0.00799016723088719,-0.03179353400028073,-0.03237410017761477,-0.18037777634174368,-0.001733355790036776,0.4222222222222222,0.28888888888888886,398.7386535644531,-0.016651109338451712,462.1853515625,-0.15164076204292698,499.40076568603513,-0.21486060977929985,477.7961981201172,-0.17935886851089747,399.1480511048518,416.5186529275341,0,0,0,36.78458005260923,0,0,-17.370601822682318,-21.169303509946367,3.7987016872640496,0,422.57898463140367,374.89832249750253,398.7386535644531,0.11957873084956364,0.3607519144905486,16.226831502253955,0.04138450417365164,36.05626522193474,16.87519888320342,26.136692351093362,1,30.463557251678626,34.13691560812074,13493723.42857143,14413338.066666666,0.9361969702062283,0,591895516.0,400.8080922514233,34067585.07894936,0.2155822634173534,0.4676154252525479,0.4170714072327267,1.1211879240420275,0.4187028494475965,0.6344339649439121,1.0481881021133859,0.6344339649439121,1.109782716275095,0.01462204187480618,-0.005442888395023605,0.0,0.0,0.0,0.0,0.0,2172.3505859375,-0.022603282481604814,0.005333336948848633,0.38046643779772216,0.6464,0.8009479577012556
2022-06-09,387.7263607289957,390.9331082413212,382.2845813140175,388.4551696777344,8798828.0,0,1,-0.009293675812696578,-0.022974369318772503,-0.05395811191461841,-0.06839896992461514,-0.1818460422444348,-0.009337131469168326,0.34444444444444444,0.2777777777777778,398.44226989746096,-0.025065363226388516,458.8862774658203,-0.15348270638433267,498.3935516357422,-0.2205854822904246,477.51827911376955,-0.18651246105453428,397.5029924237568,414.43987639051187,0,0,0,35.46479504889494,0,0,-16.93688396675509,-20.32281960130811,3.3859356345530216,0,422.6550836878599,374.22945610706205,398.44226989746096,0.12153737502112953,0.29376415508372755,15.768817204412022,0.040593660312189854,35.44584454095234,16.124966620768244,28.364066875682656,1,25.902027947358615,29.458143809259667,9162733.57142857,13871873.066666666,0.6605260535036257,0,583096688.0,400.7935627497255,33985811.623985685,0.17296584342026203,0.46767474146854104,0.4162488357003423,1.1235460651359521,0.4132116560828956,0.6285377413491597,1.0384465817016184,0.6285377413491597,1.0994687554875007,0.02226389967851009,-0.011152411880590095,0.0,0.0,0.0,0.0,0.0,2214.257080078125,0.019290852227951794,0.023828840722518896,0.38058606922839194,0.6443,0.7981505334677762
2022-06-10,378.9806559297533,380.729785556535,371.9355027105464,374.8507385253906,14541630.0,0,1,-0.03502188209679402,-0.04564574588109627,-0.060635612828683794,-0.0663197468086556,-0.2007665883707268,-0.035649853648222866,0.2777777777777778,0.26666666666666666,398.33294982910155,-0.05895121484121662,455.2956799316406,-0.17668724952173548,497.2182257080078,-0.2461041869661425,477.1512023925781,-0.21439841994366254,394.0180302855466,411.50734765976216,0,0,0,30.99389351829241,0,0,-17.489317374215545,-19.7561191558896,2.2668017816740544,0,422.96873216950206,373.69716748870104,398.33294982910155,0.123694423727538,0.02341251072830412,15.822449330324588,0.0422099990854169,35.40670817475798,14.922429855844067,30.920754844341552,1,6.557375664806874,20.97432028794805,9447036.0,13941188.433333334,0.6776349122010409,0,568555058.0,400.4891005119361,33476536.372630484,0.20977554748349647,0.4749525806586368,0.4204044886058792,1.1297514501656412,0.4099136038212696,0.6065251666782442,1.0078380143696928,0.6065251666782442,1.0609632903637085,0.02346075902260195,-0.024390237246272713,0.0,0.0,0.0,0.0,0.0,2198.19287109375,-0.007254897874734656,0.02426891507307416,0.3773137735495806,0.6429,0.8154522788633924
2022-06-13,367.1253859906424,367.1253859906424,350.3142030860853,356.0960998535156,12269608.0,1,0,-0.0500322841717028,-0.09182143608492543,-0.10600128898837402,-0.08570345249571532,-0.24349696479641003,-0.0513272783036318,0.07777777777777778,0.2111111111111111,397.14256439208987,-0.10335448329847112,450.9995941162109,-0.2104292232206336,496.13035766601564,-0.28225295156554014,476.65172576904297,-0.2529218282405662,388.18388714215723,407.40281078522537,0,0,0,26.10761851045804,0,1,-19.218923643068138,-19.648680053325307,0.4297564102571698,0,427.2261543029809,367.05897448119885,397.14256439208987,0.15150020475362683,-0.1822068885421547,16.44488405239464,0.04618102826500892,36.237731326652224,13.33207538176351,37.016622718275485,1,8.750021850638964,13.736475154268158,10170973.42857143,13862652.933333334,0.7336960304412509,0,556285450.0,399.6006031569655,32862659.858499087,0.3204026555233504,0.49025607546712946,0.4256787829909856,1.151704278100023,0.4136073798453454,0.5761793271817088,1.0165048882303225,0.5761793271817088,1.0165048882303225,0.04720967994727441,-0.02060914316225875,0.0,0.0,0.0,0.0,0.0,2075.117919921875,-0.055989150356327455,-0.05868091913822904,0.4084517517599879,0.6703,0.8095012577276957
2022-06-14,353.5695038065855,359.1570388149248,347.2531598841149,348.1763000488281,11273145.0,0,1,-0.02224062495473944,-0.1036898792267894,-0.1191150044542093,-0.09714006750414694,-0.2603220650794952,-0.02249167700561346,0.06666666666666667,0.15555555555555556,393.7365966796875,-0.11571262873469594,446.55774658203126,-0.22031069281905463,494.8918682861328,-0.29645984838142014,476.1464183044434,-0.268762114627086,382.02887374318357,403.0156618417885,0,0,0,24.361041247193555,0,1,-20.98678809860496,-19.91630166238124,-1.070486436223721,0,429.5657179839722,357.90747537540284,393.7365966796875,0.1819953827326464,-0.1357998043537143,16.120526543710017,0.04629989617745171,37.11399772932772,12.628875153467938,36.420501304357344,1,1.3351810699635371,5.547526195136467,10034420.714285715,13750902.0,0.7297281817793272,0,545012305.0,396.1014787562542,32611938.06849369,0.3165837161544631,0.4908813131257269,0.42571163285600594,1.1530840955237984,0.4133986992785532,0.5633647388591864,1.002658406809088,0.5633647388591864,1.002658406809088,0.03418922806963176,-0.007095264587198464,0.0,0.0,0.0,0.0,0.0,2191.5576171875,0.05611232795387777,0.002945165838757813,0.443606006128935,0.5848,0.6512813411370227
2022-06-15,349.8282888986014,352.6463441836667,345.9898833110616,347.39892578125,8393144.0,0,1,-0.0022327029940553134,-0.07323398335063214,-0.12623725707913624,-0.12345217100507833,-0.22560377340649374,-0.0022351991915890773,0.05555555555555555,0.26666666666666666,389.9176391601562,-0.10904537037741432,442.2091857910156,-0.21440138074058948,493.6456051635742,-0.296258445031358,475.66637634277345,-0.26965843486295044,376.70118944134765,398.895903615082,0,0,0,24.189978021062288,0,1,-22.194714173734326,-20.37198416465186,-1.8227300090824663,0,428.44500115904594,351.3902771612665,389.9176391601562,0.19761794866153692,-0.05179891865074403,15.444521852916813,0.044457598186823155,37.9723287353858,12.24009368997909,35.88353798265345,1,2.0013962065633435,4.028866375721958,9974861.57142857,13685121.4,0.728883674457471,0,536619161.0,392.75755013171124,32593198.670755353,0.29365054882268593,0.47781090349828714,0.4202188932925332,1.1370524056034328,0.4051282373472413,0.5621069127199902,1.004072496157125,0.5621069127199902,1.004072496157125,0.019160856233610118,0.004744690691300892,0.0,0.0,0.0,0.0,0.0,2179.734375,-0.005394903649703298,-0.018179238918326845,0.4313142703856777,0.5595,0.624476315100863
2022-06-16,350.21700653338377,353.4723592784196,322.91095717765137,326.6036071777344,16614475.0,1,0,-0.05986005442230413,-0.08282172337162175,-0.16848091817341493,-0.1785407424225609,-0.271880318417018,-0.06172653652521336,0.011111111111111112,0.12222222222222222,385.98693084716797,-0.15384801640588835,437.5710479736328,-0.2535986814250679,492.158349609375,-0.3363851137810444,475.0471318054199,-0.3124816774780323,368.9938690930995,393.5409186937969,0,0,0,20.119868853162373,0,1,-24.54704960069745,-21.206997251860976,-3.3400523488364726,0,433.0395595839559,338.93430211038003,385.98693084716797,0.24380425851992635,-0.1310308824786759,16.52429901347763,0.050594355513303546,39.46991184125393,10.62310517115157,41.119296629735366,1,3.9501229188006666,2.428900065109192,11257405.0,14027974.966666667,0.802496798486588,0,520004686.0,388.4005443338719,31598655.29305734,0.3808601689220418,0.5011845384691843,0.4289145763825917,1.1684950012566788,0.4306901166237323,0.5284591623334183,1.0114355054172146,0.5284591623334183,1.0114355054172146,0.09357337588784512,0.008111944346967425,1.0,0.0,0.0,1.0,1.0,2078.3603515625,-0.04650751238324624,-0.06489192003007127,0.45123919239341914,0.5981,0.6673864481423791
2022-06-17,323.5911593039468,332.8713143227615,316.6431868895939,324.2713928222656,18606308.0,1,0,-0.007140810157064692,-0.0686574796251499,-0.17298637088917634,-0.19928005682500682,-0.24799997565455456,-0.007166427768428924,0.011111111111111112,0.2222222222222222,381.35170593261716,-0.14967892426430454,432.7502197265625,-0.25067307180765913,490.636110534668,-0.33907964403824115,474.4162261962891,-0.3164833432824054,362.1134881283558,388.40984270331313,0,0,0,19.719144060321923,0,1,-26.29635457495732,-22.224868716480245,-4.071485858477075,0,433.53568746881456,329.16772439641977,381.35170593261716,0.27367902502797786,-0.04691412412406486,16.503143900598346,0.05089299970917811,41.017085431738856,9.876956846359002,40.943952737219966,1,7.647349436751762,4.5329561873719335,12928162.57142857,14361676.5,0.9001847779699377,0,501398378.0,382.9127660110552,31465791.179905467,0.3672591767696842,0.49370761156731763,0.42830168091285703,1.1527099555506255,0.4353496204256895,0.5246855357794339,1.024090857623068,0.5246855357794339,1.024090857623068,0.05004489385242295,-0.00922355971453863,0.0,0.0,1.0,1.0,1.0,2091.132080078125,0.0061450982290069955,-0.037387384147446134,0.45187620611230883,0.6054,0.6647046912710303
2022-06-20,321.64765590827903,325.1459445017875,300.2206864629178,312.41607666015625,20646347.0,0,1,-0.036559858268494616,-0.10069935893561666,-0.19574740910427524,-0.23914336041144857,-0.2760639944649278,-0.03724491892008225,0.011111111111111112,0.1,376.898681640625,-0.17108737207511188,427.79723388671874,-0.2697099188283101,489.0079513549805,-0.3611227060940625,473.65413497924806,-0.3404130702377507,354.46773251786357,382.7806748482645,0,0,0,17.78051482161746,0,1,-28.312942330400915,-23.44248343926438,-4.870458891136536,0,436.5213023691253,317.2760609121247,376.898681640625,0.31638540346687016,-0.04075621125494512,17.10472348190344,0.05474981846247889,42.817190224757766,8.848896221155764,43.54019237584911,1,11.101267119663362,7.566246491738607,14620665.285714285,14690777.166666666,0.9952274899988638,0,480752031.0,376.57652356843266,30710963.659823306,0.3481359367739964,0.4990962855032104,0.42919850842565715,1.1628565237422313,0.4506606776280903,0.5055031069558086,1.0406214186667806,0.5055031069558086,1.0406214186667806,0.0797822516220354,-0.008091176008932341,0.0,1.0,1.0,1.0,1.0,2075.21728515625,-0.007610612009395612,-0.06279297746085077,0.4481275887191414,0.6183,0.6920294676069636
2022-06-21,318.34372541798155,333.7944677770357,316.4002350670235,329.66455078125,15208306.0,0,1,0.05520994407677837,0.009372044693461978,-0.12054448104303239,-0.17387080539055622,-0.1979905604092529,0.05373974625523881,0.1111111111111111,0.34444444444444444,373.9081344604492,-0.1183274168213614,423.8500048828125,-0.22221411588187487,487.33897857666017,-0.32354158958497387,472.9802294921875,-0.3030056433115768,350.6518584045384,378.8461471395968,0,0,0,28.754981555483752,0,1,-28.194288735058365,-24.392844498423177,-3.801444236635188,0,436.7857762696203,311.0304926512781,373.9081344604492,0.3363266856972971,0.14817713891469442,17.409985455830302,0.05281121495948394,43.66819153898348,11.621021139560012,39.72128682274161,1,28.06853226592167,15.605716274112275,14715904.714285715,14875659.333333334,0.9892606696975346,0,495960337.0,372.9725869329193,31550613.38358584,0.6122460683451356,0.5193564414616945,0.448690642303228,1.1574933651295318,0.45153752199742775,0.5334119052214765,1.0980740689964714,0.5334119052214765,1.0980740689964714,0.05276343079287953,0.018973571466596915,0.0,1.0,0.0,1.0,1.0,2156.98486328125,0.03940193574420969,-0.018746311278862504,0.4477723831711765,0.6289,0.7347314408077293
2022-06-22,324.5628737306202,324.5628737306202,306.5370134139919,307.5087585449219,19176515.0,1,0,-0.06720708120974062,-0.05169322563872114,-0.13644446352706685,-0.22798246350624451,-0.25109461980393755,-0.06957205476307327,0.07777777777777778,0.2222222222222222,370.00171661376953,-0.16889910306573425,419.37414611816405,-0.26674364313751153,485.41978118896486,-0.3665096263862093,472.15254531860353,-0.34870888319066834,344.0144584261359,373.5618961325838,0,0,0,24.273145044726974,0,1,-29.54743770644791,-25.423763140028125,-4.123674566419783,0,439.2011931191421,300.802240108397,370.00171661376953,0.3740494889520051,0.048457869735504554,17.81838202093229,0.05794430735971809,44.71138990467384,10.543620122953614,39.99254209141839,1,6.947643970181209,15.372481118588759,15702605.714285715,15041626.466666667,1.043943336120188,0,476783822.0,368.3551882724262,30261815.782661032,0.6613379103929441,0.5492410428218524,0.45733688975963066,1.2009550401904494,0.45765443745523554,0.4975628479890143,1.0242757158671152,0.4975628479890143,1.0242757158671152,0.05861901430685607,-0.015475358325727408,1.0,1.0,1.0,1.0,1.0,2084.546630859375,-0.03358309724606989,0.004543698865004719,0.45878920704893467,0.6512,0.7823042101308819
2022-06-23,308.0432286866766,318.39230914524586,302.30993793240305,308.62628173828125,18756690.0,0,1,0.003634118256166996,-0.012130601479889647,-0.11359193117107735,-0.21917643223788164,-0.2174449593778972,0.0036275308033149266,0.15555555555555556,0.3333333333333333,365.61671752929686,-0.15587480839534906,414.92063781738284,-0.2561799688688526,483.52439178466796,-0.3617151751142176,471.3474543762207,-0.3452255255165937,338.57012355108134,368.75185062189473,0,0,0,24.908893575367443,0,1,-30.181727070813395,-26.37535592618518,-3.8063711446282156,0,438.79291981235394,292.4405152462398,365.61671752929686,0.4002891485791728,0.11059446915154446,17.6943812489259,0.0573327104524784,45.78394879633706,9.85911545142998,39.102560785250404,1,8.31330844832815,14.44316156147702,16771683.57142857,14872468.733333332,1.1277000390552896,0,495540512.0,363.3992130937723,30329979.8122153,0.6771704310919459,0.5426351610229725,0.45007382893473774,1.205658107931569,0.45158909993248014,0.49937105021848166,1.0279980549454966,0.49937105021848166,1.0279980549454966,0.052109532351754986,0.001738064776703508,1.0,1.0,1.0,1.0,1.0,2105.649658203125,0.010123557339204226,-0.0391994982521261,0.4474635923579253,0.6401,0.7789922581631271
2022-06-24,312.6104580209906,315.7686300757507,307.65455132707405,313.1934814453125,11621311.0,0,1,0.014798479511554552,-0.04996311947069776,-0.09846157197813554,-0.21226931028305196,-0.16932989271416432,0.01469005042846026,0.2,0.4444444444444444,361.39691467285155,-0.13338086538778118,410.5584735107422,-0.23715255766821278,481.55320617675784,-0.3496181160709531,470.615001373291,-0.334501704086377,334.66602476557847,364.6364158680738,0,0,0,27.584635990463482,0,1,-29.97039110249534,-27.094362961447214,-2.8760281410481277,0,436.51772043994555,286.27610890575755,361.39691467285155,0.4157246656911603,0.17916056853150703,17.010073927479525,0.05431171124310164,46.77989633859576,9.523189981171013,37.77023577244107,1,12.830363893639609,9.363772104049666,17232850.285714287,14692918.5,1.1728677516120631,0,507161823.0,358.3979793625384,30501957.5449462,0.700131697931242,0.534969706813771,0.452259426785632,1.182882379292766,0.43527874905079483,0.5067609824738034,1.0432108630995254,0.5067609824738034,1.0432108630995254,0.02590755947803301,0.012909387561776087,1.0,1.0,1.0,1.0,1.0,2156.6357421875,0.024213944511493057,-0.010596994329871046,0.45226682338847907,0.6629,0.7870964490678898
2022-06-27,322.13354309485135,328.44988707710337,317.1290611015139,320.6273498535156,15014176.0,0,1,0.023735706036720927,0.0426608704437188,-0.018298197548585304,-0.18369621859809615,-0.15603017763799687,0.023458393730374155,0.6222222222222222,0.4777777777777778,357.1795425415039,-0.10233562770113283,406.37219482421875,-0.211000767431426,479.68113891601564,-0.33158232867343934,470.0589202880859,-0.3178996589257106,332.50622862526114,361.3764850521806,0,0,0,31.84182842156585,0,0,-28.870256426919468,-27.449541654541665,-1.4207147723778029,0,431.4653276210054,282.89375746200244,357.1795425415039,0.4159576696410015,0.2539758605978942,16.884811906358905,0.05266179542722427,46.47086963370274,14.273173309810746,35.332550350314435,1,21.417654966044964,14.187109102670917,17004236.14285714,14730036.6,1.1543919818133475,0,522175999.0,355.3861372416273,30858329.61286579,0.644737732715576,0.5404720061737572,0.4502486431100782,1.2003856412325067,0.43392881415431617,0.5187893121846815,1.0679722094803696,0.5187893121846815,1.0679722094803696,0.03530836025299021,0.02854485223728992,1.0,1.0,1.0,1.0,1.0,2176.7412109375,0.009322607595108723,0.047335804544692106,0.44753664891553907,0.6602,0.8001525579382328
2022-06-28,319.16974863012723,335.4950574490875,316.10872727817383,333.84307861328125,15742835.0,0,1,0.04121834511561007,0.0817065764230156,0.02951751527542834,-0.14857498345891018,-0.19806254240836718,0.04039151318744613,0.8444444444444444,0.36666666666666664,353.34114837646484,-0.05518199579294261,402.5386596679688,-0.17065585976599265,477.9004156494141,-0.30143798230511004,469.5368502807617,-0.28899493529920334,332.7118978541873,359.336973464114,0,0,0,38.737095279426754,0,0,-26.625075609926682,-27.28464844561867,0.6595728356919892,1,423.8390818069492,282.8432149459805,353.34114837646484,0.3990360803116699,0.36171176363339796,17.063491782398533,0.0511123125669609,45.56556241266998,16.064016726032808,32.465240358036105,1,37.06481592179055,23.770944927158382,16595168.57142857,13995712.633333333,1.1857323028985434,0,537918834.0,345.7472585927333,31507223.218993895,0.6921130796186192,0.4772779045491948,0.4614900208561614,1.0342106719095323,0.4150104013852598,0.5401729490965996,1.111992256584612,0.5401729490965996,1.111992256584612,0.0580701875007883,-0.004546091355133384,0.0,1.0,1.0,1.0,1.0,2199.689697265625,0.010542588256617469,0.05191332399407522,0.4353880030916986,0.6409,0.6961112033496982
2022-06-29,329.8589321286432,335.8351593972837,325.58322936720856,334.4261169433594,12659696.0,0,1,0.001746444265071867,0.06779398919818957,0.07045104886566222,-0.1390869705227451,-0.21084611085986538,0.0017449210045548883,0.8777777777777778,0.34444444444444444,350.11009368896487,-0.04479727099653121,398.6351593017578,-0.1610722006329443,475.97490264892576,-0.297387078431678,468.9593907165527,-0.28687616974175834,332.97562386790605,357.491724832947,0,0,0,39.03014343643015,0,0,-24.51610096504095,-26.730938949503127,2.2148379844621786,0,417.64915595990465,282.5710314180251,350.11009368896487,0.3858161389139553,0.38388958760866687,16.576951657232577,0.049568352522061425,44.69482174334858,15.500941545506434,31.031100356897227,1,42.48641565429392,33.65629551404316,15454218.42857143,13815958.6,1.1185773550719404,0,550578530.0,342.4214250765699,31529332.672470648,0.630995028549408,0.47215833051018447,0.46200452161900124,1.0219777262257115,0.4141535360248947,0.5411163310456963,1.1139342890839286,0.5411163310456963,1.1139342890839286,0.03065529129057664,-0.01193418926397228,0.0,0.0,1.0,1.0,1.0,2215.155029296875,0.007030688033168753,0.06743281541724855,0.4357104758471666,0.6525,0.7005261891177047
2022-06-30,335.2521005222818,340.01364616385496,327.52671416986146,329.0815124511719,21225418.0,0,1,-0.015981420772507082,0.026367565341879562,-0.0017685806032113893,-0.12209986901524683,-0.18788973726511837,-0.016110500779380706,0.6888888888888889,0.4,346.64825134277345,-0.05067597722923804,394.7170837402344,-0.1662851039208064,473.9478424072266,-0.30565880249663063,468.25681900024415,-0.29722003161901567,332.3765298037931,355.38726465651916,0,0,0,37.27017069962493,0,0,-23.010734852726046,-25.98689813014771,2.9761632774216658,0,410.795648597109,282.5008540884379,346.64825134277345,0.3701007981771423,0.3630752014617843,16.284807395572642,0.04948563434717085,43.50517946750852,16.484722090540682,29.331517819439167,1,43.13721785163155,40.896149809238686,16313805.857142856,14179493.166666666,1.150521084596561,0,529353112.0,340.1699755867312,31190120.3363403,0.5617401697365928,0.4598425890716607,0.4622249501376655,0.9948458838812243,0.4162058294962851,0.5324685232723798,1.0961320364971547,0.5324685232723798,1.0961320364971547,0.03794479945404489,0.002469853689872931,1.0,1.0,1.0,1.0,1.0,2186.02001953125,-0.01315258272233566,0.013460992121118176,0.4277059376673069,0.636,0.677767385906936
2022-07-01,325.5346672626756,333.2114490073598,320.9188772044735,331.5108947753906,11278576.0,0,1,0.007382311774743799,-0.006985868473230128,0.07805350437510361,-0.06904092768283177,-0.20496387958955664,0.007355195881382961,0.8888888888888888,0.36666666666666664,343.46092681884767,-0.034792988402316496,391.35484497070314,-0.15291480599861346,471.9892904663086,-0.29763047282731847,467.5882582092285,-0.291019633288029,332.24335518403893,353.61864466532444,0,0,0,38.62493192488581,0,0,-21.375289481285506,-25.064576400375273,3.689286919089767,0,403.6515566906711,283.27029694702424,343.46092681884767,0.3504947734772165,0.4007317910702649,15.99964771038076,0.0482628111550332,42.72834677099859,15.580060966492837,30.671832632660742,1,53.091525117786276,46.23838620790392,15185528.857142856,14231980.333333334,1.0670004104471797,0,540631688.0,337.1203278529919,31273382.300747443,0.2840071428485273,0.4495809343443607,0.4614083323112523,0.9743667438608083,0.41747966013601673,0.5363993719214138,1.1042240249368616,0.5363993719214138,1.1042240249368616,0.037080445911784936,-0.010778014122025567,0.0,1.0,1.0,1.0,1.0,2227.228271484375,0.01885081178806458,0.06844732495438488,0.4064769078267885,0.6136,0.6721648084581557
2022-07-04,328.4498789334962,332.33685974927727,317.4205649376556,330.8792419433594,10905377.0,0,1,-0.0019053757869985644,-0.010605855285521049,0.07210325731088862,-0.049679022101857595,-0.17584418905310473,-0.001907193324538374,0.8777777777777778,0.4777777777777778,340.1254119873047,-0.02718459050125437,388.3424346923828,-0.1479704189281856,470.23286071777346,-0.2963502349914503,466.9036636352539,-0.2913329499983472,332.0334916085498,351.9342444636974,0,0,0,38.39276236562218,0,0,-19.900752855147573,-24.031811691329736,4.131058836182163,0,394.8298054232137,285.42101855139566,340.1254119873047,0.3216718981171033,0.4154896941250431,15.922265360469394,0.04812107664099098,42.17585343305865,14.537510185746777,30.188776498723595,1,57.57294345787523,51.267228809097695,14063912.714285715,14067866.7,0.9997189349459584,0,529726311.0,334.9161362433981,31252603.45946355,0.2916642544105318,0.44055801135265965,0.46162920002050883,0.9543547317480934,0.41528324811317446,0.5353773295459936,1.1021200632163248,0.5353773295459936,1.1021200632163248,0.04508078150812206,-0.009233530149795952,1.0,1.0,1.0,1.0,1.0,2256.81201171875,0.013282760735907173,0.07178893835768507,0.4023260114515436,0.6005,0.6513061464352782
2022-07-05,332.0939174820598,346.8158511262816,332.0939174820598,335.4950256347656,20928565.0,0,1,0.013950055205325995,0.0194891324517823,0.07120692323012867,-0.03426579434497168,-0.1385978566771452,0.013853648734341164,0.8777777777777778,0.5666666666666667,337.2611907958984,-0.005236787419758671,385.4621820068359,-0.12962920541757364,468.400149230957,-0.283742701223306,466.25793884277346,-0.28045187505558444,332.5660353048907,350.7165245504432,0,0,0,41.175348379113245,0,0,-18.150489245552478,-22.855547202174286,4.705057956621808,0,386.03484243019625,288.4875391616006,337.2611907958984,0.2892337035233583,0.4818942697342471,15.923289919216025,0.04746207455412709,40.35874134750667,19.993222835706646,28.030631617808577,1,66.24080954989135,58.96842604185096,15393520.42857143,14337457.6,1.0736576077875502,0,550654876.0,333.56934764476574,31544558.096581805,0.2911355685659565,0.438340157639465,0.4509187292779504,0.9721045704652205,0.41687103385961033,0.5428458728488401,1.1174946989410897,0.5428458728488401,1.1174946989410897,0.043881227795754936,0.0036710539215643813,1.0,1.0,1.0,1.0,1.0,2241.4462890625,-0.006808596629432007,0.039325392423004146,0.40264734786877704,0.5873,0.6330138197958463
2022-07-06,330.1990280626889,332.6283912169327,318.53808492231883,331.3165588378906,22317536.0,0,1,-0.01245463114980383,-0.0005862128230557095,0.033338419162490585,0.014430188634112495,-0.14085925462133397,-0.012532840122774665,0.8555555555555555,0.5555555555555556,334.22205810546876,-0.008693319896502051,382.52070983886716,-0.13385981381908904,466.56986755371094,-0.2898886493141354,465.5135820007324,-0.2882773529100396,332.3738081561214,349.27949005321705,0,0,0,39.438762246514216,0,0,-16.905681897095633,-21.665574141158558,4.759892244062925,0,375.6264353307492,292.81768088018833,334.22205810546876,0.24776567686753134,0.464913138872137,15.997122118732507,0.04828349713290278,39.385103953009256,18.479451029219295,31.96111312640662,1,66.73626458803453,63.516672531933715,16436857.57142857,14711247.133333333,1.1172987186236087,0,528337340.0,331.7962107896554,31266601.417529337,0.300300846022644,0.43866321020178084,0.4498488948641123,0.9751345734311289,0.4182531039132105,0.5360849277313146,1.1035767146539173,0.5360849277313146,1.1035767146539173,0.042528228423101826,-0.015785621745230186,1.0,1.0,1.0,1.0,1.0,2267.787841796875,0.011752033882280744,0.04182703502000695,0.3838167821240844,0.6003,0.6793549461654461
2022-07-07,338.0216276249814,354.2011818526183,331.65667775734903,351.43170166015625,18699515.0,1,0,0.06071276030639838,0.062114684487566185,0.05268530089027057,0.08375795533951802,-0.11327677701521832,0.058941097537437995,0.8777777777777778,0.6222222222222222,332.37088470458986,0.057348034478133025,380.05344970703123,-0.07530979673763888,464.9091552734375,-0.24408522036211394,464.8999249267578,-0.24407021206655993,335.3057917721268,349.43891313521254,0,0,0,50.304658909142255,0,0,-14.133121363085763,-20.159083585544,6.0259622224582365,0,366.1797475568701,298.5620218523096,332.37088470458986,0.2034405804366977,0.7818908319816624,16.489086468446445,0.04691974682577677,36.93696078858375,25.992575355268336,28.792705662179028,1,94.86947985106774,75.94885132966455,16859240.42857143,14888190.166666666,1.1323901857673586,0,547036855.0,331.0790808225914,32401900.58957024,0.3977492074297593,0.46755538747606884,0.47001918953151706,0.9947580819883036,0.42663404831293744,0.5686321234525388,1.1705779032104233,0.5686321234525388,1.1705779032104233,0.0641504565147921,0.020237650694577895,0.0,0.0,1.0,1.0,1.0,2269.234375,0.0006378609041217675,0.03161567643873786,0.3806487932989591,0.5824,0.7116802986806151
2022-07-08,357.602259709165,357.602259709165,341.17977056119247,347.447509765625,25506273.0,0,1,-0.01133703042642431,0.035626412368543914,0.03893653085853632,0.11213069916237273,-0.1261150607443201,-0.011401784433155164,0.8777777777777778,0.6,331.00072326660154,0.049688068161037054,377.62214294433596,-0.07990694863240291,463.23726745605467,-0.2499577772019695,464.2838385009766,-0.2516484939742433,337.1737483865111,349.29140177450233,0,0,0,48.450401518397165,0,0,-12.117653387991254,-18.55079754603345,6.433144158042197,0,359.33948611985625,302.66196041334683,331.00072326660154,0.17123082133225134,0.7901818012343921,16.484329516984026,0.04744408595158369,34.45236801805994,25.616655559285753,26.74379917196738,1,81.63443021159618,81.08005821689949,18694465.714285713,15060047.333333334,1.241328483271636,0,521530582.0,330.46615158808953,32112735.196504556,0.41303713087791394,0.46751722545814633,0.4698862689386505,0.9949582619516523,0.4255794768756675,0.5621855237675151,1.157307025905227,0.5621855237675151,1.157307025905227,0.047266101170362534,0.017558342118423536,0.0,0.0,1.0,1.0,1.0,2287.94287109375,0.008244408907189138,0.03285902830014531,0.3790068910758526,0.5787,0.7103395759124631
2022-07-11,342.05433910768386,353.03504892714074,337.972997063024,346.1356811523437,13745531.0,0,1,-0.0037756166799589597,0.04472798572589265,0.05182353932356576,0.04996330461391696,-0.1452907993797239,-0.0037827623123991173,0.8888888888888888,0.5555555555555556,330.502702331543,0.047300608166037074,375.13058898925783,-0.07729283798220046,461.72328857421877,-0.25033956545446195,463.5574591064453,-0.25330576748876865,338.55250727356224,349.0576446913795,0,0,0,47.825313505217764,0,0,-10.505137417817252,-16.94166552039021,6.436528102572957,0,357.2922704402041,303.7131342228819,330.502702331543,0.1621140639375906,0.7917736254162778,16.382738256064933,0.047330394259049086,32.33943911603284,23.93439974052421,26.385673359162812,1,79.26189715252569,85.25526907172987,17625910.42857143,15279528.966666667,1.1535637300746346,0,507785051.0,330.08136549816743,32060837.340386063,0.39209324559912306,0.46246937551876244,0.4698428832084815,0.9843064395498202,0.42829610926905676,0.560062926726747,1.1529374781943853,0.560062926726747,1.1529374781943853,0.043514877790040644,-0.015522260215878856,0.0,1.0,1.0,1.0,1.0,2367.9638671875,0.0349750848697965,0.08323064108775369,0.37411273812439855,0.5499,0.6765132774212397
2022-07-12,340.11083537670913,345.94130684030984,331.9481812587304,337.0984191894531,16896696.0,0,1,-0.0261090157848044,-0.040785399845810644,0.016854723335256283,0.09622379793194957,-0.17903209982980173,-0.026455907460856822,0.7777777777777778,0.4666666666666667,329.94880828857424,0.021668848988918948,372.4582897949219,-0.09493645751565402,460.0781240844727,-0.2673017873643561,462.8364241027832,-0.27166834407442214,338.32880141446856,348.1717761356812,0,0,0,43.647512555628055,0,0,-9.84297472121267,-15.521927360554702,5.678952639342032,0,355.63515940417597,304.2624571729725,329.94880828857424,0.155699008272437,0.6391714001864643,16.225935515889816,0.048134119272658635,30.739095376663588,22.439573785409458,27.38995110164276,1,62.91738190612721,74.60456975674971,18428499.0,14538893.6,1.2675310451408766,0,490888355.0,329.77467412213275,31619681.23781102,0.44102388302229606,0.4627817096046684,0.4715108305004185,0.9814869132772925,0.4288720805902739,0.5454402349323546,1.1228354153773155,0.5454402349323546,1.1228354153773155,0.041510504900099,-0.01740602342866485,1.0,1.0,1.0,1.0,1.0,2360.380615234375,-0.003202435669819481,0.05978387821974729,0.374531352527697,0.5577,0.6861174624748738
2022-07-13,336.223845433581,341.957136288814,334.2803549975487,339.0419006347656,13690887.0,0,1,0.005765323521793819,-0.024192457550003654,0.024669600436293182,0.09855161629519671,-0.15037145593458046,0.0057487676469761195,0.8111111111111111,0.5666666666666667,329.53095703125,0.028862064096192557,370.2670043945312,-0.08433131602105778,458.4281002807617,-0.2604251344384838,462.21936584472655,-0.2664913552136627,338.43850898682194,347.49548906153933,0,0,0,44.76497436450693,0,0,-9.056980074717387,-14.22893790338724,5.1719578286698535,0,354.27674559034614,304.7851684721539,329.53095703125,0.15018794459877977,0.6921729748236202,15.615281642702351,0.04605708501948254,29.253061904392137,21.65159247983689,26.42813383920106,1,62.84041915914141,68.33989940593143,18826429.0,14576872.733333332,1.29152729425627,0,504579242.0,329.65614221828935,31698613.63066634,0.44028408787434264,0.45928582153171854,0.47125584831335654,0.9745997278877722,0.4255367096130377,0.5485848743485429,1.1293089248086936,0.5485848743485429,1.1293089248086936,0.022642573902790654,-0.0025944166631662545,1.0,1.0,1.0,1.0,1.0,2348.258056640625,-0.0051358490726065575,0.04052000984000048,0.3739615405399817,0.5456,0.6669975942603816
2022-07-14,344.4836854219079,344.4836854219079,336.7097235506096,339.2362670898437,9511166.0,0,1,0.0005732815168690841,-0.01993268662603831,0.011151406635611094,0.08315238722194995,-0.14832882013739412,0.0005731172537966163,0.7333333333333333,0.5777777777777777,330.16259002685547,0.027482450577608356,368.0805780029297,-0.07836412089326929,456.79022338867185,-0.2573477939758888,461.59550537109374,-0.2650789205212926,338.56124100267147,346.8836948414137,0,0,0,44.88268974552345,0,0,-8.322453838742263,-13.047641090458246,4.725187251715983,0,355.2364858908828,305.0886941628281,330.16259002685547,0.15188817038288824,0.6809387163485415,15.055187373316347,0.0443796516877988,27.67503021120361,22.051721574532696,25.45338056408143,1,55.73769803796238,60.49849970107701,17195372.0,14653843.4,1.1734376798376323,0,514090408.0,329.72270416262296,31704066.206338014,0.4343139895557359,0.45950222260997564,0.47153179193255124,0.9744883175887824,0.42603833524574314,0.5488993679174409,1.1299563367421217,0.5488993679174409,1.1299563367421217,0.022916069493358247,0.01605047864866851,1.0,1.0,1.0,1.0,1.0,2378.77197265625,0.012994277153371092,0.06126655109419876,0.36828841956302083,0.5527,0.6863707859895927
2022-07-15,334.86339759848744,341.95712560627715,334.86339759848744,340.645263671875,10062417.0,0,1,0.004153437349486477,0.010521688268221974,0.02815647025523038,0.06243358162522594,-0.13816850391536506,0.004144835638132303,0.8333333333333334,0.6333333333333333,330.9812835693359,0.02919796551128734,366.2692443847656,-0.06995941129573151,455.00852783203123,-0.25134312252357177,460.9973960876465,-0.2610690069774054,338.8818598748566,346.4215888288553,0,0,0,45.784704805565056,0,0,-7.53972895399869,-11.946058663166335,4.406329709167645,0,356.3131909110974,305.6493762275744,330.9812835693359,0.1530715396869553,0.6907471863874874,14.486511704350159,0.04252667877485661,26.338837898057637,21.28041829923307,25.47346445164621,1,59.13339972803816,59.23717230838066,15444640.714285715,14581623.5,1.0591852624836813,0,524152825.0,330.3108378411928,31745859.824931923,0.4229242107506422,0.46025725485183266,0.463760955514666,0.992445028799492,0.4247675454473744,0.5511791870532586,1.1346495395944354,0.5511791870532586,1.1346495395944354,0.02082438467314992,-0.01289033607423271,1.0,1.0,1.0,1.0,1.0,2400.881591796875,0.009294551724491784,0.05868880128334375,0.36707302635922107,0.5548,0.6922154417515571
2022-07-18,345.8441032661679,357.6994063117876,344.1921542550959,356.7276611328125,13863266.0,0,1,0.04721156926587655,0.05216393745119707,0.015069669149476939,0.06854892009320457,-0.1027740256646077,0.04613098336180513,0.7333333333333333,0.7,333.1968627929688,0.07062130820380666,364.77275634765624,-0.022055087927608696,453.00041625976564,-0.21252244296337935,460.4124053955078,-0.22519971887731186,341.627367760696,347.1850015921114,0,0,0,54.86438709044503,0,0,-5.557633831415387,-10.668373696816145,5.110739865400758,0,359.42715660757085,306.9665689783667,333.1968627929688,0.1574462232010883,0.9485424087538132,14.669913914033188,0.041123567114049686,24.997431340751447,27.17834355796951,23.358211527303922,0,97.58745498672869,70.81951758424309,14753748.0,14750063.766666668,1.0002497774512444,0,538016091.0,332.45271398525904,32400366.367942195,0.3544253747697142,0.482727615491991,0.47156318226561006,1.0236753708649216,0.4252806576804529,0.577201221420733,1.1882181249254928,0.577201221420733,1.1882181249254928,0.037864324885259856,0.015261740434179836,1.0,1.0,1.0,1.0,1.0,2419.198486328125,0.00762923694106088,0.06608577455915055,0.3653732810714289,0.5353,0.7050934188044148
2022-07-19,354.20114740947696,360.8576083741605,353.035041234893,357.5536804199219,10868823.0,0,1,0.0023155459391241973,0.053996034938171844,0.029086899086178786,0.06915597288856334,-0.08968333015166274,0.0023128691939140814,0.8333333333333334,0.7333333333333333,334.59131927490233,0.06862808394067607,363.70286560058594,-0.01690716725728805,451.0005648803711,-0.20719904083764554,459.77736999511717,-0.22233301646899434,344.07756970826927,347.95305187565293,0,0,0,55.2786611142856,0,0,-3.875482167383666,-9.309795390929649,5.434313223545983,0,362.9128626790472,306.2697758707575,334.59131927490233,0.16929036572449563,0.9053868254520869,14.18081771583564,0.03966066773297162,23.961345349288553,27.698239977652687,22.43784762654007,0,92.393754977665,83.03820323081062,12662683.714285715,14857802.166666666,0.8522581989073944,0,548884914.0,333.59562423785775,32425533.626902904,0.34174820896085967,0.4823217256236775,0.4717987944392501,1.0223038534825726,0.4244897671063849,0.5785377573650514,1.1909694985794579,0.5785377573650514,1.1909694985794579,0.021878021588479932,-0.007082472145031948,1.0,1.0,1.0,1.0,1.0,2446.848388671875,0.01142936493223301,0.06945344640627327,0.36610308534258124,0.5359,0.7037550639401671
2022-07-20,364.4044784121705,365.5705846052144,357.01920838528804,358.91412353515625,10150339.0,0,1,0.0038048639679408858,0.05363015961636464,0.03691743752123733,0.09065416911991031,-0.0846344191495424,0.003797643781789096,0.8777777777777778,0.7555555555555555,337.1615875244141,0.06451664962921395,362.66892883300784,-0.01035325885218169,448.7582632446289,-0.20020609550424356,459.10346481323245,-0.21822824037896155,346.3601164508673,348.7649831096902,0,0,0,55.99504339940528,0,0,-2.4048666588229253,-7.928809644508305,5.5239429856853794,0,364.4457829984733,309.87739205035484,337.1615875244141,0.1618464053060823,0.8986288698052991,13.77871475184212,0.03839000431670801,23.309459630826023,28.913569753889778,21.443174320255544,0,86.17557974842751,92.05226323760708,12149084.857142856,14965779.966666667,0.811790958052474,0,559035253.0,335.80543320316576,32464154.28602639,0.33740726853317776,0.4827273276627666,0.4721079736723212,1.0224934857758112,0.4257263703440628,0.580739014832143,1.1955009755115193,0.580739014832143,1.1955009755115193,0.02382568881853633,0.01916019430761506,1.0,1.0,1.0,1.0,1.0,2446.6484375,-8.171784275667893e-05,0.03322878841304111,0.3578934192015518,0.5477,0.7362494025247186
2022-07-21,361.14908420355,368.777289670618,360.3716999346156,365.3276062011719,12521152.0,0,1,0.017869128700886527,0.0241078727706443,0.08374167722173032,0.10200784335818947,-0.05953727812594001,0.017711352595852742,0.9555555555555556,0.8,339.9966537475586,0.07450353459190534,362.0878240966797,0.008947503585834845,446.51984802246096,-0.18183344409184007,458.4225143432617,-0.20307664922491434,349.278191797068,349.9918440794296,0,0,1,59.304626575963,0,0,-0.7136522823615792,-6.485778172078961,5.7721258897173815,0,366.57063668958915,313.422670805528,339.9966537475586,0.156319085197593,0.9766118896981144,13.499032707814951,0.03695048629963527,22.91297603215629,29.101367148904714,20.324059262319867,0,93.28289822339075,90.61741098316111,11524007.142857144,15089857.433333334,0.7636922478406413,0,571556405.0,338.6707104331352,32687896.362597752,0.2582708546321903,0.48597091196014736,0.47431053147080837,1.0245838532262415,0.4258372034263893,0.5911163150298047,1.2168635363049702,0.5911163150298047,1.2168635363049702,0.023008361791782516,0.006227006745737108,1.0,1.0,1.0,1.0,1.0,2490.9677734375,0.01811430496438038,0.05532461898741636,0.3574788561319133,0.5642,0.7642404078006038
2022-07-22,368.0485116427062,371.20668368980535,366.10502115218367,370.4778747558594,9498042.0,0,1,0.014097671424949665,0.036146165019917964,0.09272002682334612,0.11967699327381376,-0.011665613323141533,0.013999223434527962,0.9777777777777777,0.8222222222222222,342.8608734130859,0.08054871081629636,361.95663879394533,0.023542145794886258,444.5515774536133,-0.16662566607467078,457.76731521606445,-0.19068517467002813,352.5396814830359,351.50932783323924,0,0,1,61.7898803091182,0,0,1.030353649796666,-4.982551807703835,6.012905457500501,0,369.61888611370557,316.1028607124663,342.8608734130859,0.1560867090738641,1.0160510545339174,12.95475019215913,0.03496767573690105,22.70486667683358,29.497527456124562,19.665245658294875,0,98.61623633246177,92.69157143476002,10925029.285714285,14921737.833333334,0.7321552896680109,0,581054447.0,340.6976717826191,32821796.637894124,0.2552968741419836,0.4773661419648007,0.47549642277613613,1.0039321414401994,0.42457384348320293,0.5994496786130218,1.2340184786088,0.5994496786130218,1.2340184786088,0.01377049180327871,0.007447850628720469,1.0,1.0,1.0,1.0,1.0,2494.860595703125,0.0015627750415465602,0.06243033581761748,0.35593823107078765,0.5545,0.7408475662515119
2022-07-25,370.23493631638433,377.5716010138102,369.5547027864869,376.1139831542969,7734139.0,0,1,0.015213076900075784,0.04792193589299054,0.10870805878395795,0.12107171318763688,0.05621483444782416,0.015098518442325754,0.9888888888888889,0.8444444444444444,345.635205078125,0.08818192599704261,361.88084228515623,0.03933101509121933,442.29032653808594,-0.14962195511208082,457.01056884765626,-0.17701250519728381,356.16649712476834,353.3318948940583,0,0,1,64.35528006368756,0,0,2.834602230710061,-3.419121000021056,6.253723230731117,0,374.1362108640537,317.13419929219634,345.635205078125,0.16491957628845416,1.0346965350117512,12.602046480385141,0.03350592385504392,22.91955049451122,31.764806921122997,18.771659087124828,0,97.53086389559739,96.47666615048331,10671168.285714285,14770555.533333333,0.7224622162404258,0,588788586.0,342.5755324076651,32939456.689257,0.24086449179401764,0.4540264775168142,0.47685494673915424,0.9521270160277324,0.4183324056253567,0.6085691526714874,1.2527916966199901,0.6085691526714874,1.2527916966199901,0.02131507624388012,-0.0006557434492819136,1.0,1.0,1.0,1.0,1.0,2545.9677734375,0.020484983338306062,0.070286602794698,0.30896476925081795,0.4875,0.7145921308064347
2022-07-26,376.4540958304789,378.3975862887213,370.2835076944973,371.1094970703125,5532712.0,0,1,-0.013305769814815238,0.015826591724789507,0.08943096131752482,0.12010549177498886,0.06586662279502731,-0.013395084723845357,0.9444444444444444,0.8555555555555555,347.49852600097654,0.06794552869346447,360.977119140625,0.028069307976664987,440.26861083984375,-0.1570839075663498,456.27277130126953,-0.1866499155495849,358.4654201933136,354.64875431452157,0,0,1,60.47286446262989,0,0,3.816665878792037,-1.9719636242584377,5.788629503050474,0,377.58228916862834,317.41476283332474,347.49852600097654,0.1731446951091082,0.8924205050039111,12.281477345659345,0.03309394516339318,23.171316666807094,30.746178813422638,17.885802903109735,0,84.40747206803421,93.51819076536447,10024067.57142857,14579207.766666668,0.6875591412001967,0,583255874.0,343.98641477445705,32865839.696933333,0.2910407666721512,0.45054539045936437,0.4771963624193386,0.9441509322810919,0.41591302447030326,0.6004716716096434,1.2361223386788527,0.6004716716096434,1.2361223386788527,0.021864378729943033,0.0009042808600989308,1.0,1.0,1.0,1.0,1.0,2555.051025390625,0.0035677010714323387,0.06421367639308118,0.27170311111562045,0.649,1.0735277912217913
2022-07-27,371.1095121613113,378.8348989090984,368.4372126725603,377.6687927246094,4744697.0,0,1,0.017674825640622505,0.019409844578407665,0.05870341404223289,0.0746577242192712,0.0871328743325468,0.017520442386874207,0.8666666666666667,0.8888888888888888,349.66065979003906,0.08010089825772328,360.0549334716797,0.048919921977169906,438.33095123291014,-0.13839350914571286,455.66883178710935,-0.171177033892329,361.4197851981283,356.3539423448985,0,0,1,63.574598728186224,0,0,5.06584285322981,-0.5644023287607882,5.630245181990599,0,381.9252452155302,317.3960743645479,349.66065979003906,0.18454798686741064,0.9340383204248776,12.146920837864972,0.03216289265055143,23.195326203557993,28.866283697017536,17.87791457545804,0,97.51292851595066,93.15042149319409,8721414.857142856,14457592.866666667,0.6032411437764923,0,588000571.0,345.09682669582696,32949701.389125917,0.18087255597903548,0.45251749198234353,0.4701688623563377,0.9624573811937884,0.4174086602247353,0.6110849037074769,1.25797058548548,0.6110849037074769,1.25797058548548,0.027531229576916484,4.066454480827872e-08,1.0,1.0,1.0,1.0,1.0,2544.0712890625,-0.004297266950450185,0.05161742760673915,0.2713470852328655,0.6332,1.053165607693377
2022-07-28,382.8676034049343,384.082284887818,374.9964614647861,381.3128051757813,7586494.0,0,1,0.009648698863580885,0.013822464078267593,0.06644911255830444,0.09746881027583298,0.167509472631987,0.009602447441404698,0.8777777777777778,0.9777777777777777,352.27222442626953,0.08243789528626308,359.5768341064453,0.06044875255479204,436.37385650634764,-0.12617862071616884,455.1763996887207,-0.16227465783255052,364.4802498100749,358.20274699903797,0,0,1,65.20801106096906,0,0,6.277502811036925,0.8039786991987545,5.47352411183817,0,385.94782265270857,318.5966261998305,352.27222442626953,0.1911907660689685,0.9311813639395385,11.928271022519754,0.03128211500010062,23.580256896701904,30.437967836716275,16.905221965619056,0,94.68777725279334,92.20272594559276,8252510.714285715,14156660.166666666,0.5829419239516049,0,595587065.0,347.20338827356204,33022901.18516228,0.17622164890487782,0.40931457786442355,0.4708330961263234,0.8693411343254541,0.38883391868067846,0.6169810779234308,1.2701083648440719,0.6169810779234308,1.2701083648440719,0.02382774273432396,0.01376552889853365,1.0,1.0,1.0,1.0,1.0,2545.767822265625,0.0006668575721202608,0.04042728354225589,0.22325307890569843,0.5238,0.9620159183412769
2022-07-29,385.2969833220567,405.0233996098384,384.0337263864038,403.3228454589844,15509534.0,0,1,0.05772174441678324,0.0868028133016725,0.12373077293927714,0.16521603353995462,0.243781765479532,0.0561172973487248,1.0,1.0,355.8628219604492,0.1333660629033339,359.30377319335935,0.12251213471653737,434.68253356933593,-0.07214388821387827,454.9072261047363,-0.11339538632405748,370.45603375606095,361.5449765145895,0,0,1,73.06469176667473,1,0,8.91105724147144,2.425394407653292,6.485662833818148,0,395.07614780087425,316.64949612002414,355.8628219604492,0.2203845044806802,1.105151724335616,12.769865551915277,0.031661646980059056,25.069832387823677,38.11457378200277,14.66315304274893,1,97.67287161198301,96.62452579357569,9018110.0,14053434.366666667,0.6417015061734695,0,611096599.0,351.0065969453381,33918138.54273369,0.3254183105782339,0.433150528681839,0.47963634412108297,0.9030811238367943,0.3901319311687448,0.6525943020133184,1.3434212352612198,0.6525943020133184,1.3434212352612198,0.05204186536854409,0.010448582088500063,0.0,0.0,1.0,1.0,1.0,2564.533935546875,0.0073714944140306216,0.048182442659122415,0.22324630111138402,0.495,0.9644696335828282
2022-08-01,408.13300798524097,415.9069700421027,407.0155068706295,412.0199890136719,15535311.0,0,1,0.021563726559526097,0.09095587708278274,0.12780962078947922,0.22225429002119412,0.3188181396371095,0.021334518605749447,1.0,1.0,359.9198593139648,0.14475480680341993,359.5146417236328,0.14604508744987682,433.0616622924805,-0.04858816910141892,454.6679339599609,-0.09380020397489637,376.850488411078,365.2838663293364,0,0,1,75.42611659500338,1,0,11.566622081741627,4.25363994247096,7.312982139270668,0,404.6512458826272,315.1884727453024,359.9198593139648,0.24856303652665288,1.082366585258135,12.756598339858355,0.030961115188600858,26.891558935165186,41.52299753094046,13.62994575797606,1,95.23809602259112,95.86624829578916,9448704.142857144,13883066.5,0.6805920106236719,0,626631910.0,355.55617332707425,34253137.74115489,0.3266315185261889,0.4136703665542516,0.4818277526952937,0.8585440839391736,0.3665322855462347,0.6666666670962383,1.3723904034326533,0.6666666670962383,1.3723904034326533,0.021580174284161195,0.011926332912737909,0.0,0.0,1.0,1.0,1.0,2655.31884765625,0.0354001601815479,0.06597880388952126,0.2334869520750515,0.4655,0.8291318040140222
2022-08-02,407.1612390866287,408.6188568876548,396.0833497298922,406.57818603515625,15535733.0,0,1,-0.01320761886223698,0.06625893627602641,0.09744255659824907,0.19919745988312032,0.23330878334244232,-0.01329561513322737,0.9666666666666667,0.9777777777777777,363.47401733398436,0.11858940844611976,359.8566955566406,0.12983360058437982,431.68809967041017,-0.058166796014124784,454.33924118041995,-0.10512201195999618,381.4239803532439,368.34270482606377,0,0,1,71.21886867159742,1,0,13.08127552718014,6.019167059412796,7.062108467767343,0,411.2278745013739,315.72016016659484,363.47401733398436,0.26276352580938445,0.9513160952641031,12.983744121567023,0.03193418773442099,27.434884048070025,37.8825275300575,18.449159784758763,1,88.48917474185035,93.80004745880818,10311231.42857143,13893980.733333332,0.7421365860853357,0,611096177.0,359.84689152461283,34047947.70094541,0.3752424673812562,0.3962437379812383,0.47216161009331703,0.8392121034637389,0.3586222252278105,0.6578615878490734,1.3542643940539232,0.6578615878490734,1.3542643940539232,0.030831725823772225,-0.011792510209697467,0.0,1.0,1.0,1.0,1.0,2678.776123046875,0.008834071061307736,0.0737177570804981,0.21417544979755535,0.3781,0.7018438328444269
2022-08-03,405.217739917891,410.56233840601664,398.0268315194747,402.5454406738281,6883530.0,0,1,-0.009918745028242637,-0.001927500001324134,0.07027512590162854,0.18662265720315085,0.30905357811141165,-0.009968263492481961,0.8777777777777778,0.9888888888888889,367.03546142578125,0.0967480883457562,360.1948620605469,0.11757685373691514,430.148369140625,-0.06417071514636584,454.02050857543946,-0.1133760852854917,384.6734357871799,370.876240814787,0,0,1,68.18358785845066,0,0,13.797194972392901,7.574772642008818,6.2224223303840835,0,415.312824450004,318.7580984015585,367.03546142578125,0.2630664777549564,0.8677704934943327,12.95172717620809,0.03217457178133221,28.033118136227095,36.3354170885593,17.17371175054053,1,83.51315352297597,89.08014142913915,10189715.857142856,13484214.566666666,0.7556773742188961,0,604212647.0,364.0421898984101,33979671.721981145,0.3995058981840387,0.32793668528138864,0.4725850767563271,0.6939209497097141,0.3487562650515434,0.6513364264953236,1.3408317908284748,0.6513364264953236,1.3408317908284748,0.031140600836413748,-0.0033460873307837357,1.0,1.0,1.0,1.0,1.0,2706.4755859375,0.01034034261105754,0.06304392937514924,0.17561721645960351,0.0771,0.14646168634236875
2022-08-04,414.93521097364896,420.7656823222248,406.578196109628,409.7849731445313,20678616.0,0,1,0.017984385709560735,-0.0054245326167086105,0.10421580794762342,0.20296688915438676,0.32777082637451405,0.017824579807910503,0.9666666666666667,1.0,369.953125,0.10766728391476976,360.4640362548828,0.13682623487790574,428.6411926269531,-0.04399068453234824,453.7916625976562,-0.09697553542790059,388.53674922677243,373.7583691355089,0,0,1,70.60553040984136,1,0,14.778380091263557,9.015494131859766,5.762885959403791,0,421.2204967442844,318.6857532557156,369.953125,0.2771560410215991,0.888471719822189,13.328049638507274,0.03252449580137841,29.05505350085372,38.25561183138629,15.496748039839629,1,85.6599147840398,85.88741434962206,12353416.42857143,13548278.766666668,0.9118070746348236,0,624891263.0,369.49336424721184,34351563.92806504,0.3662258133237337,0.32850523085570427,0.46655345871125425,0.7041105895198458,0.3421345643759441,0.6630503120161024,1.364945826926375,0.6630503120161024,1.364945826926375,0.03462178250150934,0.030778563232715734,0.0,1.0,1.0,1.0,1.0,2718.65380859375,0.004499661005451738,0.06403112171824943,0.17600477520210267,0.0727,0.1380853152075306
2022-08-05,410.99966050138073,414.44934423606287,397.4923779614664,399.1929321289063,12217436.0,0,1,-0.025847802408042853,-0.018164412553140163,0.05699210477258587,0.1190411499384223,0.2745888908246974,-0.02618772718562824,0.8333333333333334,0.9666666666666667,372.54039611816404,0.0715426737300416,360.4961041259766,0.10734326268726319,427.028095703125,-0.0651834477738206,453.5535848999023,-0.1198549732177582,390.17616198094686,375.6424108387235,0,0,1,63.043992105258994,0,0,14.533751142223366,10.119145533932487,4.414605608290879,0,424.24647912286287,320.8343131134652,372.54039611816404,0.27758644991776116,0.7577311455628944,13.587257969656504,0.03403681998374897,29.10028322672953,34.845383549399244,18.89175650176408,1,68.14920123743902,79.10742318148495,13420950.57142857,13568149.6,0.9891511346122371,0,612673827.0,373.563186539198,34035770.05640413,0.436538837236318,0.3438449995965882,0.4602529847314754,0.7470782613114331,0.34682869984652903,0.645911918564519,1.3296649768942994,0.645911918564519,1.3296649768942994,0.04247812250623913,0.002964206685102149,1.0,1.0,1.0,1.0,1.0,2693.499267578125,-0.009252572334186415,0.058735767019598706,0.17695012070340166,0.141,0.2782415605743557
2022-08-08,403.17709465274754,410.6109398170484,402.30252986670826,409.4934387207031,7643955.0,0,1,0.025803329074149506,0.0172601583444707,0.07390424124867989,0.145264225052254,0.2771631581266776,0.02547604131203231,0.9,0.9666666666666667,375.70828399658205,0.08992390150340264,360.5864770507813,0.1356317132853384,425.39021942138675,-0.03736987823158306,453.27785217285157,-0.09659508674924587,393.1480507101401,378.1498943855368,0,0,1,66.77093834384124,0,0,14.998156324603315,11.094947692066654,3.9032086325366606,0,428.35771735480876,323.05885063835535,375.70828399658205,0.2802676203897898,0.8208501266694259,13.432311520976903,0.03280226311547441,29.142282257899925,32.729670380331584,17.74470246056123,1,82.31707119569766,78.70872907239219,13429159.285714285,13322475.566666666,1.0080077999403163,0,620317782.0,376.39542079734974,34233009.54269712,0.44931379656470305,0.3446774814472497,0.4628083203337869,0.7447521280487378,0.3432619818384998,0.6625785963521545,1.3639747598514744,0.6625785963521545,1.3639747598514744,0.020289482479368705,0.009980543750094953,1.0,1.0,1.0,1.0,1.0,2786.829345703125,0.03465012196157691,0.09469108743112531,0.19365838600860144,0.1854,0.3351951543971142
2022-08-09,403.17709465274754,410.6109398170484,402.30252986670826,409.4934387207031,7643955.0,0,1,0.0,-0.0007114326852716291,0.015299389387914752,0.14092316760165757,0.2266045485251893,0.0,0.6444444444444445,0.9222222222222223,379.32803497314455,0.07952326473758842,360.56412658691414,0.13570210824063927,423.7183319091797,-0.03357157837467737,453.0494918823242,-0.09613972411856145,395.6627257886883,380.47163841036394,0,0,1,66.77093834384124,0,0,15.191087378324369,11.914175629318198,3.276911749006171,0,430.7406824712636,327.9153874750255,379.32803497314455,0.27107222645306944,0.7933655940268607,13.066318551645706,0.03190849307003829,29.181281358272436,31.24312465928297,16.93875754246392,1,81.33548549725319,77.2672526434633,12305505.142857144,13052512.9,0.9427690466298748,0,620317782.0,380.4463269630935,34233009.54269712,0.314226281859102,0.33147770453548664,0.42288380885202187,0.7838505461708972,0.3291830153264881,0.6625785963521545,1.3639747598514744,0.6625785963521545,1.3639747598514744,0.020289482479368705,-0.015424774784398132,1.0,1.0,1.0,1.0,1.0,2786.829345703125,0.0,0.08668062725746162,0.19502252961671251,0.1893,0.32675702311008464
2022-08-10,411.09682541844205,431.8435929047346,404.8290862078245,427.66510009765625,23766201.0,0,1,0.04437595247856274,0.0713243288574954,0.03797172831696094,0.17063450130335212,0.2788029356274482,0.043419532375304146,0.7777777777777778,0.9666666666666667,383.7591949462891,0.11441004080048749,361.13648437500007,0.18422014557126168,422.0823986816406,0.013226567687856737,452.86388870239256,-0.055643183820505794,400.586167990068,383.9674503872004,0,0,1,72.45453882529316,1,0,16.618717602867605,12.855084024028079,3.763633578839526,0,435.8245025268091,331.69388736576906,383.7591949462891,0.271343635624455,0.9216426176246613,14.062617704878877,0.03288231305680008,30.252038554451527,37.7408364106723,14.614499261845884,1,93.64377306095612,85.76544325130233,13481346.57142857,13422729.733333332,1.004366983412448,0,644083983.0,387.2585421157556,35287657.348869085,0.38968150977702504,0.3475615916589928,0.4307446334887719,0.8068854830388794,0.3436454376613874,0.6919811526571905,1.4245024389766023,0.6919811526571905,1.4245024389766023,0.06316743332748308,0.0039155369686705134,1.0,1.0,0.0,0.0,1.0,2822.065185546875,0.012643702025772807,0.06279710552945672,0.19546076960884196,0.2003,0.361842865976978
2022-08-11,437.8639138473634,437.8639138473634,423.6443690527682,425.1153564453125,14865139.0,0,1,-0.005962010114366367,0.038149372486684374,0.045593125865718065,0.1474783932116286,0.2918238805906479,-0.005979853855059399,0.7888888888888889,0.9666666666666667,388.0531494140625,0.09550806915808252,361.6724243164063,0.17541545294424668,420.28978271484374,0.011481539473308572,452.6932315063477,-0.06091956570516667,404.3598892908749,387.015443428542,0,0,1,70.62906549565922,1,0,17.34444586233286,13.752956391689036,3.5914894706438254,0,438.80655177552035,337.29974705260463,388.0531494140625,0.26157964411881474,0.8651204186006952,14.073826782715757,0.03310590071456578,31.48229668401413,38.07263052418704,13.559798168650616,1,81.63738563646793,85.53888139822577,13385547.42857143,13210720.433333334,1.0132337215158207,0,629218844.0,391.8399819756002,35199031.239799626,0.37727465414753913,0.34260969027467897,0.42067709799289166,0.8144243932206363,0.3422759494042764,0.6878555540260974,1.4160095410274842,0.6878555540260974,1.4160095410274842,0.03344867358708185,0.02384766432280368,0.0,1.0,0.0,0.0,1.0,2828.903076171875,0.002423009454218139,0.05604311305949805,0.18565857176978562,0.1542,0.28922056201513335
2022-08-12,427.2237633674035,434.137422030639,424.6250249736972,427.8121643066406,9420634.0,0,1,0.006343708408649507,0.04473508939036219,0.06276738246126468,0.13745349406787444,0.29049202016874065,0.006323671783489212,0.8333333333333334,0.9555555555555556,392.41149444580077,0.09021313178105525,362.323519897461,0.1807463242455615,418.5168466186523,0.022210139838069857,452.5360583496094,-0.05463408624969322,407.9679316009927,390.03742275284566,0,0,1,71.44843167574152,1,0,17.930508848147042,14.588466882980638,3.3420419651664037,0,440.94565062228213,343.8773382693194,392.41149444580077,0.24736358064651348,0.8646985200702251,13.748010373731907,0.032135622875552036,32.62467923289369,36.19099732416577,12.88964309745028,1,85.5217814318811,86.93431337643506,13747990.857142856,13148789.033333333,1.0455708751802537,0,638639478.0,395.62495976653383,35258792.99492024,0.3599074500855009,0.3426536026608855,0.4168478849472738,0.822011134119649,0.3381703488313673,0.692219109088109,1.4249922926596281,0.692219109088109,1.4249922926596281,0.022234985001790847,0.004959611291675856,1.0,0.0,0.0,1.0,0.0,2859.34765625,0.010761973548886417,0.05648381648325351,0.18327881055927542,0.1574,0.2991187921854156
2022-08-15,427.2237633674035,434.137422030639,424.6250249736972,427.8121643066406,9420634.0,0,1,0.0,0.0003438770405881364,0.043991830700319756,0.15279228282747215,0.29295558643680164,0.0,0.7666666666666667,0.9666666666666667,395.96571960449216,0.08042727722480138,362.9279724121094,0.1787798043322337,416.6710302734375,0.02673844165717934,452.3924896240234,-0.054334070262331585,411.0208904787847,392.83555175683045,0,0,1,71.44843167574152,1,0,18.185338721954224,15.307841250775358,2.8774974711788666,0,443.90460973280415,348.0268294761802,395.96571960449216,0.24213656766144018,0.8321566750597386,13.44546656538976,0.03142843445599767,33.68546302828185,34.362111438248554,12.238274301937805,1,85.5217814318811,84.22698283341005,12139707.714285715,13099297.6,0.9267449358724177,0,638639478.0,399.6018241084488,35258792.99492024,0.3567970618393589,0.342194485167297,0.40913713920578615,0.8363808913352679,0.3308433618853288,0.692219109088109,1.4249922926596281,0.692219109088109,1.4249922926596281,0.022234985001790847,-0.0013753721570558283,1.0,0.0,0.0,0.0,0.0,2859.34765625,0.0,0.0517512922062795,0.18426070293511498,0.1739,0.32832211875313255
2022-08-16,425.60567204311593,426.3411657160015,414.1810096430896,420.6043090820313,11154059.0,0,1,-0.01684817736842792,-0.010611348884220995,0.05363666345227491,0.11368563456798486,0.253682698532524,-0.01699172250902022,0.8,0.9,399.11825103759764,0.053833814887131376,363.4844696044922,0.15714519946255553,414.74244567871096,0.014133743638724064,452.23814697265624,-0.06994951244689585,412.49526257159187,394.89249674388236,0,0,1,65.76174844618342,0,0,17.602765827709504,15.766826166162188,1.8359396615473162,0,444.65356500351504,353.58293707168025,399.11825103759764,0.22817956256091074,0.7359274173503635,13.458730000972706,0.031998554723194295,33.47330354525906,31.87623023194981,16.895791462985237,1,72.54604073933287,81.19653453436503,11987796.714285715,12773480.733333332,0.9384910005776799,0,627485419.0,402.64128376382797,35070867.43051033,0.3246053156376799,0.3496479646631828,0.40565876104642723,0.8619263238916365,0.32602746128904697,0.6805564787603774,1.400983769764256,0.6805564787603774,1.400983769764256,0.028911154285250724,-0.005157619272235464,0.0,0.0,1.0,1.0,1.0,2970.445068359375,0.03885411130980754,0.10282007651342973,0.19931894322314037,0.0752,0.13403092565810318
2022-08-17,422.6146947528945,433.8432140232218,418.34882527955216,430.4599609375,12297570.0,0,1,0.023432122882855566,0.006189156951978303,0.05120111883183842,0.12888933991886886,0.2992407093909215,0.023161805290675037,0.7666666666666667,0.9666666666666667,402.69554290771487,0.06894642495744698,364.2516845703125,0.18176518921330387,413.21851806640626,0.04172475849284894,452.2052346801758,-0.0480871782876535,415.2590623201931,397.52712372118737,0,0,1,69.35353637464394,0,0,17.73193859900573,16.159848652730897,1.5720899462748328,0,446.12473138036523,359.2663544350645,402.69554290771487,0.21569242191788038,0.8196515869421535,13.60413419687963,0.03160371563304319,33.67622146497535,33.221945775455424,15.521262024933367,1,86.24572334021106,81.43784850380835,12652598.857142856,12439481.866666667,1.0171323044448712,0,639782989.0,405.83022074187767,35359025.601910844,0.31946821576961315,0.34714034839550506,0.40742067648806385,0.8520440135435178,0.32345771563424763,0.696503361799414,1.4338117936142583,0.696503361799414,1.4338117936142583,0.035994959229017125,0.004779755288886217,0.0,0.0,1.0,1.0,0.0,3003.185546875,0.011022078430054316,0.07763525294631468,0.19925866599331454,0.0844,0.1494515838929599
2022-08-18,428.5476828027713,432.4703160549705,425.262471468591,429.5773620605469,6755688.0,0,1,-0.0020503623032230855,0.00412610463465235,0.049045775684679827,0.06509553549262659,0.2223637196964079,-0.00205246717366714,0.7555555555555555,0.8444444444444444,405.9080307006836,0.058312054873624924,365.0741284179687,0.1766853047683763,411.9802029418945,0.04271360369501606,452.147502746582,-0.04991764976900726,417.4618776648629,399.90121545002876,0,0,1,68.65889821414444,0,0,17.560662214834167,16.440011365151552,1.1206508496826153,0,447.14882911293205,364.6672322884351,405.9080307006836,0.2032026729851,0.7869649991164275,13.147256367558192,0.030605095912165755,33.86464524756905,31.92097568648749,14.913450014945962,1,80.16649137738338,79.65275181897579,12525703.57142857,12041354.3,1.0402238202914245,0,633027301.0,408.8185460969406,35345173.99390331,0.32162312735296045,0.31388997163256305,0.40399928106067395,0.7769567579636906,0.30393656209255887,0.6950752775623124,1.4308719599627149,0.6950752775623124,1.4308719599627149,0.016778920918471482,-0.004442406514566275,0.0,0.0,0.0,0.0,0.0,3147.92236328125,0.0481944302631776,0.1295712699935776,0.22669972268726657,0.0979,0.13728525790316304
2022-08-19,433.45095782061577,433.45095782061577,416.8778389482318,419.0843200683594,8116871.0,0,1,-0.024426431462439502,-0.003613821781781823,-0.020064251273572364,0.017145602745145094,0.2061802381345541,-0.02472970552730647,0.4111111111111111,0.8333333333333334,408.3383529663086,0.02631633062137909,365.95880004882815,0.1451680353428936,410.6272399902344,0.02059551645508495,451.96636840820315,-0.07275330785264457,417.71148418847775,401.3221861624977,0,0,1,60.85504107048237,0,0,16.389298025980054,16.429868697317254,-0.040570671337199826,0,446.3937301502549,370.2829757823623,408.3383529663086,0.18639139286084247,0.641188550702159,13.391960832188607,0.031955289641960746,33.1164213283526,29.099292848958623,18.067265733998354,1,55.051842463871786,73.8213523938221,10290085.0,11461707.566666666,0.8977794050448452,0,624910430.0,411.02406421080144,35146907.800732344,0.247460799258788,0.3228162085507411,0.4074910270782677,0.79220445874686,0.3004766454487449,0.6780970689337004,1.3959208641011591,0.6780970689337004,1.3959208641011591,0.039546024698992904,0.009017225073240544,1.0,1.0,1.0,0.0,0.0,3124.51513671875,-0.007435769965464245,0.10717326896659363,0.23286702167822196,0.1523,0.21366172159073676
2022-08-22,413.8377910144583,417.1720231556519,408.2970777600359,410.4054870605469,7407485.0,0,1,-0.02070903775735833,-0.046588476738408935,-0.03460206544351907,0.009413444097218893,0.18567807194634844,-0.02092647709135515,0.37777777777777777,0.8222222222222222,410.0529281616211,0.000859788760700747,367.04498779296875,0.11813401819843282,409.02229095458983,0.0033817132624456513,451.80330261230466,-0.0916279613548587,416.5874846303346,401.99502326605693,0,0,1,55.26041309779218,0,0,14.592461364277654,16.062387230709334,-1.46992586643168,0,444.9545143161475,375.1513420070947,410.0529281616211,0.17022966430699427,0.5050507575410017,13.205909509055383,0.032177711861603654,31.587788504178977,27.401453804425802,21.654297006644736,1,31.98567707599013,55.734670305748445,9224705.857142856,11250439.366666667,0.8199418312918738,0,617502945.0,412.32648962279467,34993505.91418028,0.27046589512792285,0.3311614892362096,0.4082368088849974,0.811199485271059,0.2931339813037042,0.6640543311299983,1.3670126862202039,0.6640543311299983,1.3670126862202039,0.021624821488575016,-0.012519029709928796,1.0,1.0,1.0,1.0,1.0,3046.057861328125,-0.025110224133213177,0.07676289335798248,0.24298304933641493,0.269,0.3707151307506354
2022-08-23,407.0221631864253,423.44818760248506,405.845391333901,419.6236267089844,8605014.0,0,1,0.022461053614221127,-0.023170996031582236,-0.019140497351045394,0.042425486192487316,0.24481042574439105,0.022212518834556237,0.4111111111111111,0.8777777777777778,412.4786346435547,0.0173220900801421,368.4739343261719,0.13881495437757324,407.5158404541016,0.029711203965448046,451.7363722229004,-0.0710873586642933,417.0545834116653,403.30084574331084,0,0,1,59.51746537143434,0,0,13.75373766835446,15.60065731823836,-1.8469196498838993,0,442.3675511186941,382.5897181684153,412.4786346435547,0.14492346494973274,0.6195257792528651,13.51997284902172,0.032219284111945475,30.60569759340616,28.168965045140737,19.64047122457511,1,54.81894176646645,47.28548710210947,9108188.714285715,10974049.966666667,0.8299751451789952,0,626107959.0,413.43533930049495,35186783.5949854,0.31208085128087165,0.31997717700538497,0.40978997708333303,0.7808321210850793,0.29363932004157123,0.6789696910642651,1.3977172314567166,0.6789696910642651,1.3977172314567166,0.041949011323883116,-0.008243856334265902,1.0,1.0,0.0,1.0,1.0,3025.145751953125,-0.006865302737841583,0.05798458796737127,0.2447468333723362,0.2076,0.27471292589812796
2022-08-24,421.6830488572293,423.79145811605247,416.9759012130048,420.5552978515625,6538727.0,0,1,0.0022202542547116177,0.003509980480689956,-0.016962739867014798,0.026282868852861796,0.240422782742147,0.0022177931324387544,0.43333333333333335,0.8555555555555555,414.62295989990236,0.014307789305957202,369.93706176757814,0.13682931859308134,406.07312377929685,0.035663956130563314,451.67507202148437,-0.06889858683288509,417.5931548639572,404.57895330688507,0,0,1,59.93243282067266,0,0,13.014201557072113,15.08336616600511,-2.069164608932997,0,439.77489646373806,389.47102333606665,414.62295989990236,0.12132437899680155,0.6179300436092435,13.041085995737857,0.031009206309750938,29.71763268481971,27.30542974896819,18.90728979388362,1,57.12668439288356,47.97710107844673,8696487.714285715,10735644.633333333,0.8100573380832488,0,632646686.0,414.438337211597,35201301.23142755,0.3131866243773481,0.3202893717786896,0.4053402763052777,0.7901740599235865,0.2923329348138075,0.6804771764096706,1.400820519086742,0.6804771764096706,1.400820519086742,0.016206089752918155,0.004907784064487842,1.0,1.0,0.0,1.0,1.0,3128.95703125,0.03431612484451407,0.09429051917163145,0.252352178921186,0.1845,0.2370416262003465
2022-08-25,422.6146794382778,428.3024852450772,421.3888566413543,424.3798522949219,6818164.0,0,1,0.00909405841014821,0.034050142298203134,0.008976472973210026,0.06309460448533755,0.2509860927768335,0.009052956462041484,0.5222222222222223,0.8777777777777778,416.77631225585935,0.018243695276027833,371.89258666992185,0.14113555232437527,404.7318173217773,0.048545812639987244,451.6576742553711,-0.06039490418361873,418.6372621610287,406.04568656525817,0,0,1,61.669412348102874,0,0,12.591575595770507,14.585008051958189,-1.9934324561876817,0,436.76492269919515,396.78770181252355,416.77631225585935,0.09592008881284393,0.6901968138459955,12.662950381293346,0.029838717160618772,29.211211182703604,28.656742180472904,18.081041832445475,1,62.082292523326295,58.00930622755879,8077074.142857143,10645877.9,0.7587043754143697,0,639464850.0,415.8940495150496,35263306.01309352,0.3011292550484247,0.319711382645344,0.40564363669078973,0.7881582594356105,0.2910024497483752,0.6866654755987129,1.4135596627094509,0.6866654755987129,1.4135596627094509,0.016291132970465038,0.00489681522795169,1.0,0.0,0.0,0.0,1.0,3060.78125,-0.021788660109136826,0.03041166544463958,0.2680921198720971,0.1719,0.20748107571094426
2022-08-26,427.7631553210901,436.83424444531977,427.5670116934237,431.5386657714844,11051127.0,0,1,0.016868881587685403,0.028394585776656545,0.002505935352582034,0.05383536087819296,0.26682714187731094,0.01672818209555704,0.5,0.8888888888888888,418.1871032714844,0.03192724595175345,374.0379321289063,0.15372968542335266,403.3940759277344,0.06976946743459844,451.67607055664064,-0.044583731788888324,420.6220934857142,407.934055395349,0,0,1,64.74981839690953,0,0,12.688038090365183,14.20561405963959,-1.5175759692744073,0,438.1605661243148,398.21364041865394,418.1871032714844,0.09552404986465493,0.8342325414070088,12.648053364800814,0.029309200699754734,29.29263150231828,31.45939602338935,16.80931374809672,1,82.21315548539995,67.14071080053661,7899010.857142857,10678834.9,0.7396884520747536,0,650515977.0,417.97931626847003,35449726.16586699,0.2834460124828059,0.3206547572125682,0.4064784203088754,0.7888604688261399,0.291108411041917,0.6982487541969393,1.4374048332768252,0.6982487541969393,1.4374048332768252,0.021474860741223626,0.007972346019426488,0.0,0.0,0.0,0.0,0.0,3133.848388671875,0.023872055107458268,0.04350808158784525,0.27173679179969074,0.1826,0.21804888778220707
2022-08-29,409.9641891729648,424.6250426870109,409.9641891729648,421.8792114257813,7716457.0,0,1,-0.022383751704923904,0.0031480130698200437,-0.017920289369625975,0.030246571822426516,0.1826366648610196,-0.02263807010649049,0.4111111111111111,0.7666666666666667,418.68006439208983,0.007641030241878209,376.22719482421877,0.12134161812224158,402.01221435546876,0.04941888918018217,451.6371809387207,-0.06588910472580649,420.8154962457245,408.96702991612176,0,0,1,57.97916367318407,0,0,11.84846632960273,13.734184513632218,-1.8857181840294892,0,438.4987129099787,398.861415874201,418.68006439208983,0.09467204294364909,0.5807105245043283,13.285655024352156,0.03149160865132939,27.678035375459345,27.81034747082805,24.32348761988656,1,51.612575079852284,65.30267436285952,8036263.571428572,10473941.266666668,0.7672626155546615,0,642799520.0,418.4681630925603,35277002.90833727,0.31585538258525697,0.3111803520990012,0.40934641333745014,0.7601882951945533,0.28981965843292695,0.6826193274547226,1.405230320389299,0.6826193274547226,1.405230320389299,0.034751305864297824,-0.04999430713804004,0.0,0.0,1.0,1.0,0.0,3136.892578125,0.0009713901489711851,-0.0035038301086793844,0.2727247865718139,0.2171,0.2500250353509863
2022-08-30,425.6056507432108,433.0586589075867,424.9682289107399,430.5089416503906,8824878.0,0,1,0.020455452629306592,0.014442460739652052,0.027260913937719566,0.006649692836953491,0.20404002315061587,0.020249049820409534,0.6333333333333333,0.7777777777777778,419.87660217285156,0.02532253386475206,378.24408264160155,0.1381775985595833,401.047043762207,0.07346244872372745,451.60232696533205,-0.046707875614114575,422.30679553875007,410.56272708162317,0,0,1,61.820253482852635,0,0,11.7440684571269,13.336161302331156,-1.592092845204256,0,439.5075780304053,400.24562631529784,419.87660217285156,0.09350831056536078,0.7708051692052764,13.135211628455957,0.030510891546412643,26.749578721081335,30.70582152787761,22.84478420305709,1,77.02900815026578,70.28491290517269,8137407.428571428,10405809.766666668,0.7820061687691332,0,651624398.0,420.03658982206,35457519.78222568,0.2981975084390735,0.31386863881235133,0.41028579704343887,0.7650000099299576,0.2891673356661462,0.6965826147713219,1.433974942641288,0.6965826147713219,1.433974942641288,0.018792710706150347,0.00883295316883622,0.0,0.0,0.0,0.0,0.0,3188.548828125,0.01646733151151647,0.020493961016138984,0.27353038991694517,0.2264,0.26223801542499386
2022-08-31,425.6056507432108,433.0586589075867,424.9682289107399,430.5089416503906,8824878.0,0,1,0.0,-0.0023861688482834653,0.048984370881176575,0.012687345030717445,0.19947617945500418,0.0,0.7444444444444445,0.7666666666666667,421.2747772216797,0.02191957583981298,380.70408630371094,0.1308230122514296,400.0391162109375,0.07616711517627349,451.55824157714846,-0.046614806216888814,423.56866417131016,412.04022445708745,0,0,1,61.820253482852635,0,0,11.528439714222714,12.974616984709469,-1.4461772704867553,0,439.6516040300412,402.8979504133182,421.2747772216797,0.08724389781679903,0.7512448020816456,12.774870083341014,0.02967387862925105,25.887440399158898,29.316803770211344,21.811370688968523,1,79.58845791360251,69.41001371457354,8339892.142857143,10361627.733333332,0.804882433290643,0,651624398.0,420.9709235017989,35457519.78222568,0.2472805414601418,0.31431278416262004,0.41024231085530993,0.7661637423680473,0.28809349667586087,0.6965826147713219,1.433974942641288,0.6965826147713219,1.433974942641288,0.018792710706150347,-0.011389521640091093,0.0,0.0,0.0,1.0,0.0,3188.548828125,0.0,0.04677881159314112,0.27350689861107375,0.2295,0.2662402424342096
2022-09-01,415.7991254159236,423.25213459280445,412.6610068380843,413.7887878417969,14093149.0,0,1,-0.03883811041065888,-0.019177108909069207,-0.013904934078542874,-0.03277928407569142,0.13265129932157183,-0.03961242468931401,0.4222222222222222,0.7222222222222222,421.47496795654297,-0.01823638578587802,382.8073364257813,0.08093223004889377,398.86398712158206,0.03741827089459803,451.45509201049805,-0.08343311402460665,422.0640678129235,412.1697476707696,0,0,1,51.28605535748095,0,0,9.894320142153902,12.358557616198357,-2.464237474044456,0,439.40662059118176,403.5433153219042,421.47496795654297,0.08509000058332135,0.28568121211821257,13.137231849695679,0.03174864142215089,24.04989475063565,26.471866525209624,26.38634124739326,0,25.633076769042834,60.750180944303715,9123911.42857143,10414027.633333333,0.8761174590479781,0,637531249.0,421.5401887725685,34910168.50532982,0.344781926996921,0.3388070888432189,0.4182894454139011,0.809982399885721,0.28867433422861366,0.6695286622686878,1.3782820654928674,0.6695286622686878,1.3782820654928674,0.025595492352415913,-0.03416843371028666,1.0,0.0,1.0,1.0,0.0,3227.3779296875,0.01217767193025332,0.06685039145760419,0.2723281660057168,0.1902,0.23811423716239075
2022-09-02,415.8971903876192,416.975920501454,405.2570418632184,406.8751220703125,10102220.0,0,1,-0.016708199870624996,-0.05489739536994509,-0.032528839491824724,-0.04893980111636376,0.09824405124985791,-0.01684935636496284,0.3111111111111111,0.7111111111111111,421.8590774536133,-0.03551886443630784,384.68096923828125,0.05769495921770859,397.6197213745117,0.023277016199815922,451.4633787536621,-0.09876383950884943,419.72730692944486,411.7775531818468,0,0,1,47.668966075118824,0,0,7.949753747598038,11.476796842478294,-3.5270430948802556,0,438.0230423571114,405.69511255011514,421.8590774536133,0.07663205922255162,0.03650123986417423,13.035920906019962,0.032039120110585705,22.86279418754267,24.77205461223809,28.74892389120502,0,5.124203776085236,36.78191281957687,9632981.857142856,10434166.9,0.9232152360091974,0,627429029.0,422.0287590629747,34741378.59443279,0.35384549795445563,0.3427894900526307,0.4129843610918902,0.8300301956866571,0.29191556259525747,0.6583420435603904,1.3552534532645149,0.6583420435603904,1.3552534532645149,0.02880215083833634,0.005095359293854152,1.0,1.0,1.0,0.0,0.0,3349.705322265625,0.037903026928727046,0.07055011903676967,0.28403870997270636,0.1354,0.1644041341760747
2022-09-05,406.97315128373583,421.8791678318003,406.97315128373583,420.9965515136719,14707728.0,0,1,0.03470703583818291,-0.022095685400289833,-0.007972340729547112,0.0009325687425709717,0.11933235766180594,0.034118329487916974,0.43333333333333335,0.7111111111111111,422.4342330932617,-0.0034033264043551626,386.6883532714844,0.08872312277298026,396.53027404785155,0.06170090675817565,451.5269677734375,-0.06761593091619027,419.92257532701825,412.4604419471672,0,0,1,54.69711219246289,0,0,7.462133379851025,10.673864149952841,-3.2117307701018163,0,437.5288066472182,407.3396595393052,422.4342330932617,0.07146472691584169,0.45237753572663914,13.176501252839094,0.03129835910879471,21.36692835269303,25.41521088474561,26.410615275521106,0,49.844534548399096,26.867271697842398,10760062.42857143,10666619.866666667,1.008760278614294,0,642136757.0,422.1810156755056,35251840.23722704,0.42051423792939396,0.3528478915567467,0.4034335118361306,0.8746122501099236,0.29620858689785007,0.6811911444600235,1.4022902834367874,0.6811911444600235,1.4022902834367874,0.03540650509955641,0.00024093194227390094,0.0,1.0,1.0,0.0,0.0,3340.471923828125,-0.0027564808092596094,0.09137885101332377,0.2845862503805433,0.0874,0.10909475554087142
2022-09-06,422.1243559333035,424.5269506908369,418.8391448083959,422.61468505859375,6180669.0,0,1,0.0038435790960851257,0.021329474060498788,-0.020679446410524438,-0.01822533241377433,0.13878703831317685,0.0038362114187504284,0.3111111111111111,0.7222222222222222,423.0902954101563,-0.0011241343909849126,388.46378540039063,0.08791269853637372,395.5012225341797,0.06855468701382046,451.63460189819335,-0.06425530000941164,420.3367460549529,413.21260810356915,0,0,1,55.43567792732802,0,0,7.124137951383773,9.963918910239027,-2.839780958855254,0,436.9027936775039,409.27779714280865,423.0902954101563,0.06529338260504121,0.48278333353037034,12.641594440667802,0.02991281393573699,19.91437320749459,26.094496241928827,25.56183867974757,0,54.968907236938215,36.64588185380753,10064282.714285715,10688218.433333334,0.9416239738232004,0,648317426.0,422.7195615855958,35275596.12739526,0.4043041683985958,0.34908310944493737,0.39997981819912615,0.8727518078703402,0.29473241543960516,0.6838093565033083,1.4076800970568484,0.6838093565033083,1.4076800970568484,0.013458609185935935,0.002678892298705659,0.0,1.0,0.0,0.0,0.0,3429.56005859375,0.026669326010539063,0.09436055394090004,0.2884299282225957,0.0774,0.09426302385814345
2022-09-07,416.04429864176507,425.16440918673305,414.5242901933762,424.47796630859375,7043379.0,0,1,0.0044089363571018225,0.04326350588532479,0.006159950081516596,-0.01187072737607242,0.12394239207928659,0.00439924547109351,0.4888888888888889,0.7,422.9309387207031,0.0036578728256914245,390.2648223876953,0.08766648172791391,394.4499908447266,0.07612619130643493,451.69251892089846,-0.0602501734527744,420.97385686320536,414.0470790817191,0,0,1,56.3187717479087,0,0,6.926777781486237,9.356490684488469,-2.4297129030022315,0,436.59393651409164,409.2679409273146,422.9309387207031,0.06461101112496923,0.5566137684893439,12.49863190871702,0.029444713037544486,18.76731850030554,24.507759463092242,26.473392482626572,0,60.869623885778246,55.227688557038526,9968128.714285715,10764841.166666666,0.9259893908283596,0,655360805.0,422.8295781357839,35306649.9371452,0.38097781487030596,0.3468397045867089,0.39982375223149486,0.8674814906591427,0.2940522583603714,0.6868242284365222,1.413886469015931,0.6868242284365222,1.413886469015931,0.025066363481447532,-0.015546990317948196,0.0,1.0,0.0,0.0,0.0,3467.441162109375,0.011045470226043408,0.10537453092574567,0.2852229545573912,0.0957,0.11712895549328031
2022-09-08,427.07665434594855,428.498620734329,411.04288648090767,412.4158020019531,12076714.0,0,1,-0.028416467435370962,-0.020381994771375478,-0.042027326027366585,-0.015912115407511584,0.08156819389223946,-0.02882803077849592,0.24444444444444444,0.6555555555555556,422.2959609985352,-0.023396290538086215,391.93150817871094,0.05226498353865915,393.32429595947264,0.04853884247325429,451.65514221191404,-0.08687898474440492,419.6572330383973,413.9262437424772,0,0,1,49.482730043751694,0,0,5.7309892959200965,8.631390406774795,-2.9004011108546983,0,436.69223721004266,407.8996847870277,422.2959609985352,0.06818097988655601,0.15685018641541235,12.85271064762447,0.03116444759205323,17.979180756227574,22.130268008102778,25.839995618276834,0,22.67065969546169,46.16973027272606,10432676.714285715,10914515.166666666,0.9558534259173963,0,643284091.0,421.9938705551737,34963472.38703792,0.38986237746046604,0.35901477792370334,0.38225524500707475,0.9392017051775411,0.2999513409788106,0.6673071101153321,1.3737088102118282,0.6673071101153321,1.3737088102118282,0.042325570864859004,0.0061220799278555935,1.0,1.0,0.0,0.0,0.0,3456.510986328125,-0.0031522310748023363,0.0840389069282963,0.2865820033860802,0.1336,0.16838126218723012
2022-09-09,417.7604370117188,422.320492134482,415.06362667889664,417.7604370117188,8000436.0,0,1,0.012959336145273115,-0.011486226623199203,-0.029612636127369196,0.017921178402975135,0.035796612354810575,0.012876082452219446,0.28888888888888886,0.6222222222222222,421.7933746337891,-0.009561405808167967,393.6564990234375,0.06123089050498872,392.5056719970703,0.0643424205468221,451.68068634033204,-0.07509785198797504,419.36541826506215,414.2102580587173,0,0,1,52.24849992841701,0,0,5.155160206344874,7.9361443666888105,-2.7809841603439365,0,436.080220032846,407.50652923473217,421.7933746337891,0.06774333718001659,0.35885835853111087,12.64213775368907,0.030261692189235332,17.247338565298033,20.891816481714866,24.393940739791184,0,39.59627239300676,41.045518658082244,10314899.285714285,10664211.9,0.9672444042221522,0,651284527.0,421.4901080185111,35067152.726470664,0.4057036023769908,0.3230942461298457,0.38198635140174764,0.8458266766448858,0.28688264773923855,0.6759549672674473,1.3915111644490863,0.6759549672674473,1.3915111644490863,0.017370877691277826,0.012959336145273044,1.0,0.0,0.0,0.0,0.0,3444.93212890625,-0.003349868543069623,0.08040751909451371,0.28923944333585333,0.1489,0.1664887715176198
2022-09-12,423.64435649882864,424.52694292273833,420.3591454340346,422.810791015625,5530132.0,0,1,0.012089115091969527,-0.0039275897108796975,0.02180340173276396,0.007595292790439023,0.026189996334364807,0.012016625379635496,0.5777777777777777,0.6111111111111112,421.5433059692383,0.003006773037167359,395.4951300048828,0.06906699713446522,391.9187823486328,0.07882247562075778,451.74751602172853,-0.06405508382410609,419.89547561130263,414.84733457404377,0,0,1,54.76852781389232,0,0,5.048141037258858,7.35854370080282,-2.310402663543962,0,435.5590857203228,407.5275262181538,421.5433059692383,0.06649746089009076,0.5452163585935568,12.22244976492696,0.028907610743726924,16.346204866774197,21.355135331366636,23.42931214134283,0,55.58994374744408,39.28562527863752,9091611.142857144,10330705.933333334,0.880057103699168,0,656814659.0,421.1411060992212,35134007.12869245,0.3276985959159407,0.3191460094372418,0.3723653393627465,0.8570776484820459,0.2849240013778838,0.6841266646637321,1.408333303067872,0.6841266646637321,1.408333303067872,0.009857358367539204,0.014084434440939611,0.0,0.0,0.0,0.0,0.0,3457.50927734375,0.0036509132740136785,0.07130598048011483,0.2795282300320691,0.0985,0.11259003326088535
2022-09-13,423.8895165460629,430.8031450416492,423.8895165460629,428.2044067382813,7628228.0,0,1,0.0127565706393169,0.038283219652804235,0.05242218929345821,0.01818811682029642,0.05319080424362732,0.012675890997974273,0.7777777777777778,0.6222222222222222,421.9233108520508,0.014886818823890476,397.3493176269531,0.07765230174698864,391.4057498168945,0.09401664880651794,451.73855163574217,-0.0520968263882812,421.1737727077609,415.8367473269503,0,0,1,57.35680580304621,0,0,5.337025380810644,6.954240036804386,-1.6172146559937417,0,436.24076698988085,407.60585471422075,421.9233108520508,0.06786757578725261,0.7193509735865153,11.92030006929105,0.02783787341211727,15.453550113121866,24.09321603279316,22.307244527204702,0,72.6706706061099,55.95229558218691,8738183.714285715,10067122.433333334,0.8679921965936007,0,664442887.0,421.46668128291486,35231317.15802726,0.29889560155417166,0.31800937774136623,0.35868680994478047,0.8865934540228103,0.2811287669282546,0.6928537747877553,1.42629880633216,0.6928537747877553,1.42629880633216,0.016145626683874616,0.002551319770828751,0.0,0.0,0.0,0.0,0.0,3549.34228515625,0.026560451598571344,0.05959836573194366,0.2841278833566366,0.1153,0.12921997465053225
2022-09-14,417.76042582654304,439.23683609836,415.89718108648873,433.4509582519531,12387075.0,0,1,0.01225244633430056,0.037558657666269646,0.029583156188576876,0.0213749684580391,0.07677522698155936,0.012177992656578995,0.6444444444444445,0.6444444444444445,422.07286071777344,0.026957662036905652,399.3920056152344,0.085277001436855,390.9563577270508,0.10869397487729382,451.683182220459,-0.04036507155054322,423.06257048379047,417.14150369176525,0,0,1,59.76846231128326,0,0,5.921066792025215,6.7476053878485525,-0.8265385958233376,0,436.8217434256947,407.32397800985217,422.07286071777344,0.06988785150904726,0.8857274398171459,12.735968279475355,0.02938272032166621,15.345637936232729,25.669414297043566,19.38726130608791,0,82.97259304641939,70.41106913332446,8406661.857142856,10250573.933333334,0.8201162112304413,0,676829962.0,421.60704386194897,35383089.129703715,0.23925059795775686,0.3174086710098727,0.3241856400768999,0.97909540636834,0.2918089072615314,0.7013429284808599,1.4437744559134218,0.7013429284808599,1.4437744559134218,0.053846126228436174,-0.024390176157438825,0.0,0.0,0.0,0.0,0.0,3565.612548828125,0.004584022155293077,0.06739784980500385,0.2844830952279643,0.1118,0.12478709374157364
2022-09-15,430.9992904159631,430.9992904159631,415.55392335327497,416.19134521484375,13039806.0,0,1,-0.039819067667343444,-0.015655810924032565,-0.015199045539223133,-0.03556418410202811,0.015633496809686287,-0.0406335410988661,0.34444444444444444,0.5777777777777777,421.40355987548827,-0.012368701066940603,400.6871984863281,0.03869389086321077,390.37032409667967,0.0661449385987886,451.5502603149414,-0.07830560229427388,422.0054589039525,417.0711215823637,0,0,1,49.792181333201064,0,0,4.934337321588828,6.384951774596608,-1.4506144530077805,0,435.93179541318966,406.8753243377869,421.40355987548827,0.06895165072641549,0.32061776713632567,13.104615895132698,0.031486997617328906,15.208155920132631,23.165354401664867,17.683125028756397,0,32.178839212384645,62.607367621637984,9386538.57142857,9995946.933333334,0.9390344540673202,0,663790156.0,421.2839730361056,34863856.21222068,0.3600841855935869,0.3374166175053289,0.3378104973532627,0.9988340212899842,0.292614182052543,0.6734161069536677,1.3862847031570233,0.6734161069536677,1.3862847031570233,0.03711121636783445,-0.005656159686155132,0.0,0.0,0.0,0.0,0.0,3741.891845703125,0.04943871339384187,0.09107051101984287,0.3067229025418722,-0.0318,-0.03490324903668727
2022-09-16,415.7990843986743,416.0932698931251,397.9510928615792,404.5215148925781,14826674.0,0,1,-0.028039579526194847,-0.055307445399968014,-0.04701410438229292,-0.04114375883689836,0.013348389550021267,-0.02844019502792173,0.17777777777777778,0.5666666666666667,420.67541961669923,-0.0383999253838977,401.8286785888672,0.006701453746824544,389.72541076660156,0.03796545905711457,451.36166152954104,-0.1037751998657451,419.31562136374106,416.141521086824,0,0,1,44.39630944559397,0,0,3.174100276917045,5.7427814750606965,-2.5686811981436515,0,437.03713061349424,404.3137086199042,420.67541961669923,0.07778781565941303,0.006350383303879774,13.471447070713545,0.033302176954150206,14.798794983134444,20.924944381010533,25.306329757902837,0,15.914505870262385,43.688646043022146,10498437.857142856,10082921.533333333,1.041209913459691,0,648963482.0,420.0360282586915,34448122.50748872,0.38770241368754377,0.33902505468331706,0.3440241899911279,0.9854686517598087,0.29386563183717823,0.6545338024685198,1.3474138629769046,0.6545338024685198,1.3474138629769046,0.04484848484848488,-0.0009425011372279623,0.0,0.0,0.0,0.0,1.0,3695.47607421875,-0.012404359451937408,0.06576460895753256,0.3086508304852962,-0.0202,-0.022191417308658475
2022-09-19,406.5809390259049,408.1990192428457,397.80403522981686,404.1783142089844,6080201.0,0,1,-0.0008484114465082682,-0.06753392393229729,-0.01997374434486321,-0.06116162730666097,-0.012979755007366478,-0.000848771551191915,0.26666666666666666,0.5444444444444444,420.3640609741211,-0.0385041164737753,402.9895312500001,0.002949910275080603,389.06006011962893,0.0388584068092388,451.1560418701172,-0.10412744882325475,416.98680487839385,415.25535761439147,0,0,1,44.24445496425034,0,0,1.7314472640023837,4.940514632849034,-3.2090673688466502,0,437.75338392372515,402.9747380245171,420.3640609741211,0.08273458444238684,0.03460675806514654,13.251699709450351,0.032786765750619735,14.430397049431848,19.752510078332243,23.96767059109588,0,15.384620024583059,21.15932170241004,9641793.142857144,10030796.4,0.9612191054797148,0,642883281.0,419.81847417576756,34442963.99536325,0.356244598308853,0.3306144310642832,0.34183150084725555,0.9671853829879048,0.2951388664181633,0.6539784884983789,1.346270701632371,0.6539784884983789,1.346270701632371,0.025718806891885816,0.005091012609981133,0.0,0.0,0.0,0.0,0.0,3771.787109375,0.020649852312298433,0.0912122438765326,0.3018333597130835,-0.076,-0.08305930825317447
2022-09-20,407.9538319635362,419.2314018375282,407.75768834262783,413.2984313964844,8758050.0,0,1,0.02256458812083717,-0.0069509225783299655,-0.010680775918255003,-0.03997712611479887,0.009291950287819928,0.022313773806221685,0.37777777777777777,0.5555555555555556,420.0478012084961,-0.016068099374865127,404.5135314941407,0.02171719662849135,388.48591064453126,0.06386980858787653,450.9792599487305,-0.08355335133710994,416.419362804254,415.1104001167687,0,0,1,49.21551234603262,0,0,1.308962687485291,4.214204243776285,-2.905241556290994,0,437.721570643554,402.37403177343816,420.0478012084961,0.08415122938013105,0.309056867104321,13.380370275099885,0.032374597285281886,13.711577212926658,24.054665174652502,22.04167517370425,0,37.39644880834319,22.89852490106289,9750023.714285715,10067932.9,0.9684235891446709,0,651641331.0,419.6832125418095,34640585.78635495,0.3776366304318894,0.33713080896705067,0.33552920886586435,1.0047733552217404,0.2969410296992583,0.6687352437312324,1.3766487455138556,0.6687352437312324,1.3766487455138556,0.027761328433142413,0.009341218026357621,0.0,0.0,0.0,0.0,0.0,3827.5859375,0.014793737426565867,0.11107731423296308,0.30048400577084206,-0.0668,-0.07482206550156817
2022-09-21,409.81709874031367,415.7010485569077,402.8544188052141,403.393798828125,6859320.0,0,1,-0.02396484432542567,-0.0027877777149939442,-0.04592359655925249,-0.025121485451283343,-0.05675305575317924,-0.024256673059379556,0.17777777777777778,0.5222222222222223,419.1897262573242,-0.037682048103208264,405.8005694580079,-0.005930919794167359,388.03378692626956,0.0395842125592378,450.7692318725586,-0.1050990832884254,414.4154298848496,414.24250372501734,0,0,0,44.56813627146928,0,0,0.1729261598322296,3.405948626987474,-3.2330224671552443,0,438.3625825566983,400.01686995795006,419.1897262573242,0.09147579293298169,0.08806535701947472,13.34224595199944,0.0330749902223564,12.849856978234804,22.40029936541626,23.15075013980925,0,13.491155512375776,22.090741448434017,9939907.714285715,9504370.2,1.045824973682708,0,644782011.0,419.21203789858475,34476203.25037667,0.38560112999809926,0.31847104386753056,0.34032657934916194,0.9357806976950559,0.28020838832057493,0.6674003905805409,1.3436575726368236,0.6527091077202878,1.3436575726368236,0.03184637391306856,-0.00842329027092533,0.0,0.0,0.0,0.0,0.0,3633.489013671875,-0.05071001069538361,0.05089783488978017,0.34925731350201666,0.0396,0.03591372112497126
2022-09-22,401.0892258880589,406.9731754120891,395.6956054910312,404.1292724609375,8704463.0,0,1,0.0018232150195394148,-0.00012133691077131914,-0.05622346220285057,-0.006748629887723845,-0.04936562198047689,0.0018215549804681897,0.14444444444444443,0.5222222222222223,418.177197265625,-0.03359323486919902,407.09842956542974,-0.007293462437724856,387.58950378417967,0.042673417404945055,450.6010221862793,-0.10313281026275677,412.83294412732465,413.49337548323365,0,0,0,44.98357938149069,0,0,-0.6604313559089974,2.5926726304081797,-3.253103986317177,0,438.3107934345815,398.0436010966685,418.177197265625,0.09629217614258243,0.15113224962891472,13.194769092646476,0.03264987218643475,12.633346607437367,21.032760994867697,25.612749202783764,0,19.369381279009517,23.418995199909503,10093655.57142857,9299014.333333334,1.0854543513549344,0,653486474.0,418.2514132612809,34492073.35805529,0.36776195976139464,0.3184153531413396,0.33797366082040725,0.9421306748236202,0.27858082270563184,0.692786767126006,1.346107349304373,0.6538991367688736,1.346107349304373,0.027905847681815733,-0.005712960751407183,0.0,0.0,0.0,1.0,0.0,3709.55078125,0.020933534487630023,0.04513751653757381,0.35048803629516057,0.0404,0.036550592055120054
2022-09-23,402.7563506377322,404.7176671152916,386.8206542575628,388.6838989257813,9228856.0,0,1,-0.038218893279127975,-0.0595563171811071,-0.10328056374984396,-0.07675277260992297,-0.09146132028357556,-0.03896839399872975,0.1111111111111111,0.4666666666666667,416.03445892333986,-0.06574109286124848,408.0592022705079,-0.04748159883889214,387.1642233276367,0.003925144697211809,450.35728607177737,-0.13694324273942496,409.11770640401033,411.65563647897795,0,0,0,38.46396226067741,0,0,-2.537930074967619,1.56655208933302,-4.104482164300639,0,439.0903055573827,392.978612289297,416.03445892333986,0.11083623550659392,-0.09313718623488768,13.530643647295213,0.034811433364464815,13.075457495865377,19.045612395780008,27.877995793772342,0,3.554712691354935,12.138416494246753,9642481.42857143,9292621.733333332,1.0376491915067547,0,644257618.0,416.2526135954561,34139356.695502855,0.37628093222519743,0.33513263483916533,0.3488311527773087,0.9607302334407948,0.28691073394913597,0.6768514720101768,1.2946606161790593,0.6289078354453901,1.2946606161790593,0.04604516139513717,-0.003397234292989699,0.0,0.0,0.0,1.0,1.0,3667.626953125,-0.011301591647405074,0.028610625215127028,0.35549141632544035,0.0902,0.08454410907169689
2022-09-26,382.456728827776,382.456728827776,362.4513059207093,366.17779541015625,13092570.0,1,0,-0.0579033594595143,-0.0922572521592615,-0.1201696055905963,-0.13354218782201754,-0.1440687620380683,-0.05964741886054132,0.07777777777777778,0.3888888888888889,413.24938812255857,-0.11390601913835663,408.24820495605474,-0.10305105824146145,386.51048065185546,-0.05260577981587419,450.08386077880857,-0.1864231817232112,402.51156625110974,408.2869075109171,0,0,0,31.336898122121227,0,0,-5.775341259807362,0.09817341950494352,-5.873514679312306,0,445.1088184594358,381.38995778568136,413.24938812255857,0.15418984880591555,-0.23873876925409226,14.437925744279273,0.03942873086585529,14.807718055524756,16.57386933636475,36.316201958166594,0,4.853114227153713,9.25906939917273,9650019.142857144,9415019.6,1.024960069425362,0,631165048.0,413.0858118503884,33381252.908544,0.441166504680042,0.3726729745491309,0.3713951360401044,1.0034406441685024,0.2992918100790145,0.6376594979256702,1.2196954171423668,0.5924919589826906,1.2196954171423668,0.054633085779159825,-0.016021168140011893,0.0,1.0,1.0,1.0,1.0,3579.686767578125,-0.023977407372891557,-0.04334841433518788,0.3671191302253699,0.1922,0.19321128225542017
2022-09-27,368.0410329702096,372.6011178206049,358.03833667560053,366.3739318847656,14934966.0,0,1,0.0005356318080118605,-0.09342391939653727,-0.09430297673522436,-0.1368835111257264,-0.1289344308326832,0.0005354884084989254,0.14444444444444443,0.4222222222222222,410.04263763427736,-0.10649796323976544,408.42460998535165,-0.10295823775676542,386.06373779296877,-0.05100143831369636,449.75141082763673,-0.18538569737766714,396.9519301947491,405.1822426497207,0,0,0,31.45609591685482,0,0,-8.230312454971624,-1.56752375539037,-6.662788699581254,0,447.07778997490277,373.00748529365194,410.04263763427736,0.18064049414128283,-0.08955752831627603,14.446843987188206,0.039431964804013744,16.606779105535583,15.380521046763906,35.88324542602247,0,10.265701051648588,6.224509323385756,9665489.42857143,9541049.833333334,1.013042547456711,0,646100014.0,408.8646473990025,33389252.551385175,0.4473775172586172,0.371307623471619,0.3705339492405226,1.0020879982325026,0.3030748250375051,0.63800104863544,1.2203487248038747,0.592809316521913,1.2203487248038747,0.039748409691944826,0.0050883411921968675,1.0,1.0,1.0,1.0,1.0,3552.63623046875,-0.007556677124483824,-0.03865262306702866,0.3574937352943513,0.219,0.22514121064637196
2022-09-28,360.8822331947332,364.9029379739418,351.86016539393904,353.7724609375,10751444.0,0,1,-0.034395107977357786,-0.08981961456280341,-0.12471191921846048,-0.14219469957209685,-0.1781524577407434,-0.03500054290816698,0.06666666666666667,0.28888888888888886,406.2058135986328,-0.12908075390802157,408.3217767333985,-0.133593942092182,385.49535278320315,-0.08229124324500904,449.2689822387695,-0.2125597917430158,390.3089349244031,401.37411067103767,0,0,0,28.082950271224902,0,1,-11.065175746634566,-3.467054153639209,-7.598121592995357,0,449.65730071276323,362.75432648450237,406.2058135986328,0.21393828280884397,-0.1033550994861286,14.451624166019519,0.040850054093307865,18.53579054516645,14.277188357473227,36.36275694273763,0,2.188565355196353,5.769126877999561,10332809.857142856,9489512.3,1.0888662694649602,0,635348570.0,405.23033667935454,33019455.47409266,0.4516380685560188,0.37178199777329374,0.3769649844377987,0.9862507477392501,0.30308571370271253,0.617624599678791,1.1783746986442145,0.5724195760701583,1.1783746986442145,0.03686768762452366,-0.01498932705659776,1.0,1.0,1.0,1.0,1.0,3542.3046875,-0.0029081342131633825,-0.06084182781806746,0.3581496556320704,0.226,0.232091510064978
2022-09-29,359.65638387922144,369.6100583201369,358.92089025165654,364.0203247070313,14020084.0,0,1,0.02896738695367751,-0.005891866547255709,-0.11923129377227115,-0.12863858695930086,-0.15260822180912692,0.02855576242708156,0.1,0.3333333333333333,403.7173904418945,-0.09832884754211907,408.2956311035157,-0.10843933420698104,385.19172760009764,-0.054963285491546894,448.84775344848634,-0.18898931339129577,386.26453335249977,398.60716356259275,0,0,0,34.25708385364457,0,0,-12.342630210092977,-5.242169364929962,-7.100460845163015,0,450.882095594328,356.552685289461,403.7173904418945,0.23365208568701343,0.07916554755759984,14.550622252920759,0.03997200503744208,19.843406052887097,15.477901237190597,33.53568734995705,0,13.916940546095905,8.790402317646958,11084529.0,9731658.833333334,1.1390174265082897,0,649368654.0,401.62533905199587,33425580.67244372,0.476504635333163,0.38532928574824593,0.36189101711119054,1.0647660967772903,0.3059645993604802,0.6376792356060625,1.2125091345162646,0.5890010754300424,1.2125091345162646,0.02936420672961911,0.016631941689664004,1.0,1.0,1.0,1.0,1.0,3464.396484375,-0.02199364820308103,-0.09488734127866982,0.3433581170279126,0.1553,0.17265072091336744
2022-09-30,368.7274978273172,387.70324073554224,367.8939323387872,382.9960632324219,17706821.0,0,1,0.052128239104952456,0.04536930687766394,-0.050565317699378,-0.0941667730087139,-0.08611216193927496,0.05081500717616029,0.2111111111111111,0.4777777777777778,402.5234375,-0.048512390704151545,408.54599487304694,-0.06253869077474261,385.2513168334961,-0.005853980252711091,448.5330644226074,-0.14611409144284768,385.7616917955647,397.45078576035786,0,0,0,43.86686475038876,0,0,-11.689093964793187,-6.531554284902608,-5.157539679890579,0,450.55262022376684,354.49425477623316,402.5234375,0.23864042810558994,0.296713444200299,15.202928951177201,0.03969473947817389,19.461583349777058,22.256465377579236,29.80415607718153,0,35.63410872429528,17.246538208529188,12634172.0,10051323.833333334,1.2569659688111066,0,667075475.0,399.3904001932488,34348606.07132032,0.6255831198302796,0.41375890846356106,0.37530181277809715,1.1024697839874338,0.31199815320490637,0.6709203312719988,1.2757151005972676,0.6197046643231339,1.2757151005972676,0.051721963483300194,0.012931072252831802,1.0,1.0,1.0,1.0,1.0,3449.47412109375,-0.004307348581073844,-0.050644130720011726,0.34261721791631583,0.1037,0.12454541523717798
2022-10-03,381.4760743637131,381.9173825646232,371.7675632895343,373.581787109375,8504297.0,0,1,-0.024580608070986387,0.055994539878486016,-0.07558840062622574,-0.1275620212434938,-0.08972516477524406,-0.024887754902155012,0.17777777777777778,0.45555555555555555,400.15269927978517,-0.06640193160819313,408.4953509521485,-0.085468693245577,385.18809661865237,-0.030131537322057894,448.2009422302246,-0.16648593987676277,383.88786030538165,395.68271178621103,0,0,0,40.68914214443242,0,0,-11.79485148082938,-7.584213724087963,-4.210637756741416,0,449.016132080499,351.28926647907133,400.15269927978517,0.24422393195727873,0.2281104637206128,14.919041164870801,0.03993514052253006,19.10703369688916,21.05997561536721,28.2019085049484,0,24.859749793988104,24.80359968812644,12605576.857142856,10087884.233333332,1.2495758838598017,0,658571178.0,397.1778752557505,34139565.27984405,0.6295383119509205,0.41540615221402055,0.37907373725252963,1.09584524431796,0.3132730351800131,0.6544287015621454,1.244357247699247,0.6044719468496448,1.244357247699247,0.027168934956985278,-0.003968680137023646,1.0,1.0,1.0,1.0,1.0,3151.56591796875,-0.08636336805754619,-0.15041844584028774,0.4235443225133195,0.1553,0.15149644039053645
2022-10-04,388.34070148998273,393.1459213562893,382.750936997609,386.4284057617188,9017446.0,0,1,0.034387700620380324,0.0615572250607761,-0.005802898371391474,-0.10848413550605507,-0.07910713037682926,0.03380965805329274,0.45555555555555555,0.4888888888888889,398.34338531494143,-0.029911327745036624,408.80172912597664,-0.054729033098984886,384.8894241333008,0.003998503289310985,447.9070588684082,-0.13725761157238514,384.27871345251043,394.9972076362486,0,0,0,46.39559758481554,0,0,-10.718494183738187,-8.211069816018009,-2.507424367720178,0,446.3776047972558,350.30916583262706,398.34338531494143,0.24116991145384364,0.3759740484842314,15.25083352787391,0.03946612956108084,17.91772595494307,24.389225445228426,25.61775970602921,0,43.680341876612324,34.72473346496525,12575375.42857143,10101631.966666667,1.2448855264246028,0,667588624.0,396.0194547384462,34449654.5132525,0.6460746123794928,0.4228481287699497,0.38036367956992295,1.1116942849224298,0.3079832568518469,0.6966789221284002,1.287147832197929,0.6252583471913288,1.287147832197929,0.02690015589871023,0.039506514744217736,1.0,1.0,1.0,0.0,1.0,3231.81982421875,0.025464771589396307,-0.11882536977620384,0.4283421832908835,0.2033,0.19973549149166683
2022-10-05,388.34070148998273,393.1459213562893,382.750936997609,386.4284057617188,9017446.0,0,1,0.0,0.008961821957981897,0.05530267155844282,-0.07151263426143784,-0.08114721717734485,0.0,0.8,0.4777777777777778,396.4409072875977,-0.025255974703476694,408.9769213867188,-0.0551339560886338,384.5159274291992,0.004973729814798706,447.6321244812012,-0.13672771763290345,384.6094353462348,394.3624815714686,0,0,0,46.39559758481554,0,0,-9.753046225233788,-8.519465097861165,-1.2335811273726236,0,443.1114696475138,349.77034492768166,396.4409072875977,0.23544776284178434,0.39273215256477867,14.903987158645794,0.03856856001376865,16.813368765993125,23.174183292294938,24.341513439970107,0,51.310087498133136,39.9500597229112,11993214.857142856,10184255.933333334,1.1776230817107367,0,667588624.0,394.80119551847383,34449654.5132525,0.5008022944152389,0.42267066696148053,0.3803219691269603,1.1113495965845277,0.3102140099031521,0.7149663606759596,1.287147832197929,0.6252583471913288,1.287147832197929,0.02690015589871023,0.0049486417140956656,1.0,1.0,1.0,0.0,1.0,3231.81982421875,0.0,-0.09717803985255613,0.4176509772442286,0.2009,0.2023478220296489
2022-10-06,394.22460553265614,405.9434832650624,391.6748881681264,404.6686096191406,11758976.0,0,1,0.04720202652149008,0.08321289629856654,0.10452347834184805,0.0003636264602675521,-0.046447168896422975,0.046121870792629936,0.9666666666666667,0.5222222222222223,396.0535476684571,0.02175226557469278,409.444037475586,-0.011663200387257159,384.51043579101565,0.05242555715465963,447.4707414245606,-0.09565347595499937,387.69546215745106,395.12589846388875,0,0,0,53.72675293656148,0,0,-7.430436306437684,-8.301659339576469,0.8712230331387847,1,442.29244330778533,349.81465202912887,396.0535476684571,0.23349820200593466,0.5931581716168415,15.233350754695637,0.037644013873556224,16.330093806486314,27.05434550619078,22.114133111396956,0,78.3842586434031,57.791562672716196,11539502.0,10348949.666666666,1.115040885469569,0,679347600.0,393.8393268843062,35004702.01027006,0.5460952673421625,0.44479494236054046,0.39081084434737123,1.1381335722741246,0.31513389813003334,0.7487142217945596,1.3479038183104144,0.654771808278237,1.3479038183104144,0.03525995038351277,0.020175017298662723,0.0,0.0,0.0,0.0,0.0,3279.033935546875,0.014609140947248855,-0.07701387847575225,0.413375523514149,0.234,0.2511771871585724
2022-10-07,402.0208391487174,403.9821555393884,397.9510836962245,403.1485900878906,5241693.0,0,1,-0.003756208154323093,0.043268517730246536,0.13957030182491725,-0.0025476976000283758,-0.06578802303343856,-0.003763280419660864,1.0,0.4777777777777778,395.32295532226567,0.01979554857684783,409.44055236816416,-0.015367218131866622,384.3721627807617,0.04884960235228749,447.17591720581055,-0.09845639137506719,390.07286645444174,395.7201719175185,0,0,0,53.07532142819678,0,0,-5.647305463076748,-7.7707885642765255,2.1234831011997777,0,440.568818781194,350.07709186333733,395.32295532226567,0.22890582421172126,0.5864790078846503,14.625077552425672,0.036277139278193316,15.881338486944273,26.16673962799043,21.388606983385866,0,76.12807393982752,68.60747336045459,10752394.714285715,10155301.866666667,1.0587961692777366,0,674105907.0,393.0900012996221,34985013.120281,0.45193318796954957,0.4414156199282434,0.39104264915570397,1.12881707629922,0.31400926359829784,0.7459018953293972,1.3428408109968335,0.6523123490727614,1.3428408109968335,0.014959922945157886,-0.006543058708989551,0.0,0.0,0.0,0.0,1.0,3271.6474609375,-0.002252637439735139,-0.07640709945634794,0.40861898733493696,0.2197,0.2367948143595347
2022-10-10,395.6956224312812,401.2363358181519,392.2633183953221,399.6182556152344,6519737.0,0,1,-0.008756906409834175,0.0341327129601563,0.0977910531145556,-0.03309999443991685,-0.052766183323690874,-0.0087954734317114,0.9333333333333333,0.5,394.1633285522461,0.013839255627924808,409.19251770019537,-0.023397940262377435,384.35357971191405,0.039715191191302845,446.85129440307617,-0.10570191779557847,391.54138786379445,396.00891885809006,0,0,0,51.513083833423416,0,0,-4.4675309942956005,-7.110137050280342,2.642606055984741,0,437.5953506200602,350.7313064844321,394.1633285522461,0.22037576264305955,0.5627984468979019,14.35794856243588,0.03592916079454635,14.999417915577038,24.749744172124608,23.059934742509302,0,74.80800367279024,76.44011208534029,9680916.57142857,10115411.2,0.9570462712804568,0,667586170.0,392.45125477849655,34927920.39355527,0.4726878041298546,0.4376721451902628,0.3811273123587842,1.1483620590755474,0.3105015774062364,0.7393701022410797,1.3310816796916285,0.6466001108819521,1.3310816796916285,0.022453972752108992,-0.0184868999665473,0.0,0.0,0.0,0.0,0.0,3240.354248046875,-0.009564970940254658,-0.0646699179319089,0.40993527597796153,0.2241,0.23870600810593237
2022-10-11,395.2052656058061,404.47249782480833,386.2812697518251,388.3896789550781,7054654.0,0,1,-0.028098257530475568,-0.040227806845170466,0.014082692331443436,-0.037194721179736656,-0.09783597649295028,-0.02850056762575006,0.5,0.37777777777777777,392.172592163086,-0.009646041777531294,408.8287475585938,-0.04999420594948828,384.3427215576172,0.010529553886333271,446.4800032043457,-0.1301073370192588,391.0565095701458,395.4445307171262,0,0,0,46.79517972429471,0,0,-4.388021146980407,-6.565713869620355,2.1776927226399483,0,432.5794622601668,351.7657220660052,392.172592163086,0.20606677215361086,0.4531897274037916,14.631754241760689,0.03767287091955145,14.140167549713006,22.551842297964097,23.93238325975312,0,66.28110776223075,72.40572845828284,8159178.428571428,10056403.733333332,0.8113415734818511,0,660531516.0,391.17821813537336,34729696.908674866,0.4473864907064749,0.43912764239271085,0.3861801227602852,1.1371057610473958,0.3189819546769655,0.7185950906979759,1.2936806038615551,0.628431774447157,1.2936806038615551,0.046837568191628626,-0.01104301404507713,1.0,0.0,0.0,1.0,1.0,3268.00390625,0.008532912171498097,-0.05260808125332739,0.4080436889666862,0.1985,0.21314218845855876
2022-10-12,390.35097261365706,393.6361834687549,384.1728381133274,392.45941162109375,6584436.0,0,1,0.010478477896129545,-0.026514239983988386,0.05053143692519435,-0.02887655419955193,-0.08838267071394834,0.010423959164786892,0.7,0.4111111111111111,390.123014831543,0.005988871973009884,408.6270269775391,-0.03956570243537525,384.41094451904297,0.020937143483572368,446.1327046203613,-0.12030790938077743,391.27234065490705,395.22341078408675,0,0,0,48.63152397040798,0,0,-3.9510701291796977,-6.042785121532224,2.091714992352526,0,425.5677394219503,354.6782902411357,390.123014831543,0.1817105028049294,0.5329583149051053,14.262582178451177,0.03634154706479868,13.50371243716767,21.483032269654924,23.854070230997817,0,75.06796517902207,72.05235887134769,7884912.571428572,9981722.333333334,0.7899350741402015,0,667115952.0,388.78749054353864,34798691.77575935,0.406566414878477,0.44087136461573784,0.38659594214654913,1.140393150967462,0.3201031884164223,0.7356478988084292,1.30723640747377,0.635016782904927,1.30723640747377,0.024112927541572272,0.005049808902892565,0.0,0.0,0.0,0.0,1.0,3217.795166015625,-0.015363733237390487,0.02101471134373778,0.4108390545559243,0.1861,0.19920275362048007
2022-10-13,403.0505267901861,408.44414697837584,392.2632864138063,393.7832946777344,16565725.0,0,1,0.003373299295262644,-0.01460133729005142,0.019032992415549232,0.013119647523466949,-0.04834711271034042,0.00336762248400159,0.5222222222222223,0.5111111111111111,389.00261230468755,0.012289589380192503,408.30699340820314,-0.0355705362997512,384.385514831543,0.02444883972880706,445.7738053894043,-0.11662980211736257,391.6586412738036,395.1167355169495,0,0,0,49.24521326950417,0,0,-3.458094243145922,-5.525846945854964,2.0677527027090417,0,422.3312601502446,355.6739644591305,389.00261230468755,0.17135436519615077,0.5717203169357519,14.399602063173916,0.03656732588150624,13.291363710206664,27.104132056853235,21.939437041771697,0,74.09010131469103,71.81305808531464,8963238.142857144,10064141.533333333,0.8906112968672092,0,683681677.0,387.5030015793945,34854572.924227364,0.36084687103765095,0.427316884202545,0.38514003314849127,1.1095104310742798,0.32476247749946136,0.7403546793145829,1.311646107125843,0.6371588845711801,1.311646107125843,0.0410907745027926,0.026986523588120013,0.0,0.0,0.0,1.0,1.0,3227.777099609375,0.0031021034835196915,-0.0012509127455310187,0.409463082489422,0.2147,0.2235978608305325
2022-10-14,403.295701485906,403.295701485906,388.7329206261192,389.4684143066406,6115990.0,0,1,-0.010957499795985481,0.0027774562765539024,0.007866938609053298,0.06360467288956317,-0.04278145017837631,-0.011017975376753508,0.4444444444444444,0.5222222222222223,388.24995727539067,0.0031383313981556663,408.1125030517578,-0.04568369899403131,384.3043035888672,0.013437556305115074,445.3233660888672,-0.12542560313594764,391.32168327885546,394.69834135322293,0,0,0,47.26332153120597,0,0,-3.3766580743674695,-5.096009171557466,1.7193510971899961,0,420.77313115550766,355.7267833952737,388.24995727539067,0.1675372953462961,0.5187321359800443,14.411257691503408,0.03700237852961544,12.801826862106854,25.14776699049765,22.105663065800087,0,66.46447962765063,71.87418204045458,8548744.42857143,9931267.2,0.860790899732456,0,677565687.0,386.29020449909666,34787556.965050116,0.37023441854686934,0.42584640724164524,0.385015443518493,1.1060501972336885,0.3272712963278138,0.7564267986982908,1.2972737451746064,0.6301772162234811,1.2972737451746064,0.037391429766422804,0.02415645086203172,0.0,0.0,1.0,1.0,1.0,3203.671142578125,-0.007468284298245753,-0.008709854871760903,0.39411509481971546,0.2582,0.27843671982364565
2022-10-17,387.4090243958429,388.2425898824113,378.82826482563854,380.7895812988281,8966396.0,0,1,-0.02228379167348704,-0.029735126682431168,-0.05900884761678593,0.039346820719211584,-0.09550427448937915,-0.022535826591649384,0.17777777777777778,0.34444444444444444,387.08052062988287,-0.0162522756785015,407.53842590332033,-0.06563514727526035,384.0624514770508,-0.008521713501634063,444.8324479675293,-0.14397076238776535,389.7013598973128,393.6680628306752,0,0,0,43.4735079635202,0,0,-3.9667029333623987,-4.870147923918453,0.9034449905560544,0,418.8657803719083,355.29526088785747,387.08052062988287,0.16423073778190822,0.40103998862817103,14.141892819324744,0.03713833968641795,12.192579651192846,23.79628090125493,25.92035761654466,0,51.12651159360268,63.89369751198146,8149804.428571428,9739889.466666667,0.8367450633257113,0,668599291.0,385.6036542226528,34587751.66452413,0.21733184447679477,0.41626711583578585,0.3867808314169869,1.0762351234180214,0.32405528030530173,0.7706225044559886,1.2683655672936511,0.6161344784197791,1.2683655672936511,0.024723168697687672,-0.005287694290855411,1.0,1.0,1.0,1.0,1.0,3206.765625,0.0009659176251732848,-0.02203951284658545,0.39413335888562123,0.2652,0.2794236533557722
2022-10-18,383.9277311660903,390.6942675689948,383.7806384039804,385.8400268554688,7081590.0,0,1,0.013263087554586495,-0.020171672921692085,-0.04293345842694962,0.09064460764693072,-0.08701699089804771,0.013175902854990571,0.2222222222222222,0.3888888888888889,385.7076004028321,0.00034333379092971335,407.06535766601564,-0.05214231673322974,383.81474212646486,0.005276724697397429,444.3986064147949,-0.13177039422276773,389.107308660106,393.0882083139932,0,0,0,46.178123197137026,0,0,-3.9808996538872066,-4.692298269912204,0.7113986160249972,0,414.99887728274643,356.41632352291776,385.7076004028321,0.15188332741860724,0.5022605100689126,13.839235208670596,0.03586780594397639,11.43228889672,23.845174354190018,24.59527917970842,0,54.35655565294957,57.31584895806764,8412646.857142856,9769920.166666666,0.8610763152236802,0,675680881.0,384.4129914769136,34681675.412719816,0.25410881861961027,0.41854130950256835,0.38662325348970406,1.0825559655938137,0.32469428243227966,0.7909538787224373,1.2851880108638896,0.6243063239524601,1.2851880108638896,0.01791838244818539,0.008241165256040732,1.0,1.0,1.0,1.0,1.0,3278.335205078125,0.022318307119225445,0.0020441518288492055,0.39166774067435844,0.2756,0.2938130581345127
2022-10-19,386.3793631419892,390.4000680840061,381.966400872601,382.75091552734375,6208852.0,0,1,-0.008006197162333861,-0.01724786537890588,-0.04220863249083162,0.05145479400192032,-0.09830204178587354,-0.008038418856227173,0.2222222222222222,0.3111111111111111,384.675456237793,-0.005003024443700354,406.16707397460937,-0.0576515427952425,383.6517791748047,-0.0023481284236413604,443.89295822143555,-0.1377405105480208,388.12940202429644,392.32248292238955,0,0,0,44.76720452555104,0,0,-4.193080898093115,-4.592454795548386,0.39937389745527163,0,412.7731569121437,356.57775556344234,384.675456237793,0.14608522700747328,0.4657527010349622,13.453123208865916,0.035148506935197193,10.869713694611546,22.777433630774965,24.45720902926513,0,36.638482238887796,47.373849828480026,8368234.714285715,9742102.6,0.8589762454652977,0,669472029.0,383.63555522968636,34631966.11945607,0.25383312163023036,0.4181738687051479,0.3854057116840144,1.0850224997391824,0.32392180693313205,0.7846213460230728,1.2748985422582457,0.6193080044332049,1.2748985422582457,0.02203434889185148,0.0013978235770816239,1.0,1.0,1.0,1.0,1.0,3271.2978515625,-0.0021466241477455794,0.009549450815223848,0.3899458718158999,0.2724,0.29141704224687054
2022-10-20,375.59210972366304,389.0271397186469,372.7482067843254,387.55615234375,8222063.0,0,1,0.012554475042301894,0.017769842919131085,-0.0021461090664680604,0.011906360271282557,-0.0602781211038208,0.012476321062169426,0.4,0.4444444444444444,383.8468002319336,0.009663626503008628,405.41588989257815,-0.04405288000319966,383.5441571044922,0.01046032162123332,443.36493545532227,-0.12587550040297696,388.0412097657508,391.9694213980459,0,0,0,47.456571275710765,0,0,-3.928211632295074,-4.459606162897724,0.5313945306026495,0,410.4675193056995,357.22608115816774,383.8468002319336,0.13870491590749598,0.5696703966098319,13.65496676068417,0.03523351823498508,11.038868130993778,20.837834231890504,27.196568855815958,0,43.0481453457161,44.681061079184495,8535007.42857143,9613614.233333332,0.8878042348504016,0,677694092.0,382.78870752944107,34735189.8041858,0.21905276146511635,0.41349996762741786,0.3857492955785952,1.0719396570956758,0.3243774133570377,0.7944718551293768,1.290904224188494,0.6270830913183594,1.290904224188494,0.04200406272968301,-0.0187035628479621,1.0,1.0,1.0,1.0,1.0,3351.0029296875,0.02436497125657011,0.02539746763422346,0.3971086777546665,0.2881,0.2992657418369097
2022-10-21,389.51746872315806,390.35100429349,378.7792489188058,386.1341857910156,7988528.0,0,1,-0.003669059423092702,0.0007623857429830405,-0.016116891690662105,0.03360013553863528,-0.07570427550997616,-0.0036758069313465726,0.3333333333333333,0.4222222222222222,383.71931457519537,0.006293327242319533,404.58233032226565,-0.045597998599087,383.45292510986326,0.006992411598853125,442.8353903198242,-0.1280412671802448,387.74782146194536,391.53718172345106,0,0,0,46.73143210487206,0,0,-3.789360261505692,-4.325556982619318,0.536196721113626,0,410.2668183971492,357.1718107532415,383.71931457519537,0.1383693904037321,0.5454820768087288,13.506165947398458,0.034977907795784476,11.072279939789965,20.262732548656867,25.53218596233951,0,37.50000401704309,39.062210533882336,8735592.0,9613217.3,0.9087063911475297,0,669705564.0,382.3810914506115,34705879.42025076,0.2059893118371734,0.41107596538397734,0.36782246663086515,1.1175934117056532,0.327191252022782,0.7982353130914089,1.2861678198804252,0.6247822861930956,1.2861678198804252,0.029968222966269754,0.005060728277817237,1.0,1.0,1.0,1.0,1.0,3305.885009765625,-0.013464004916904804,0.027375839419597314,0.3987684466332273,0.2916,0.2999245243503186
2022-10-24,387.3600334439645,391.1355739326159,386.7226115262922,387.8993835449219,793366.0,0,1,0.004571461991354608,0.013451223259609124,-0.01494200290448533,0.0038065984831097133,-0.08256981186985124,0.004561044595406477,0.34444444444444444,0.3888888888888889,384.80539398193366,0.008040400710010508,403.78407470703127,-0.039339568242345004,383.3560235595703,0.011851541924827931,442.3166146850586,-0.12302777995098209,387.7711387054802,391.26771519170813,0,0,0,47.79778898309511,0,0,-3.496576486227923,-4.15976088334104,0.6631843971131168,0,410.0779462597187,359.5328417041486,384.80539398193366,0.13135238056965273,0.5612124475791049,12.898681818412873,0.03325264840726178,11.026339999659156,20.136004059792363,24.82504630541907,0,42.445097896936076,40.9977490865651,6482397.857142857,9455325.1,0.6855817001091646,0,670498930.0,383.2676262148762,34709506.26276499,0.2074925460767161,0.4093327834583675,0.365122041716524,1.1210848338106307,0.3273366242552661,0.821354057461083,1.2920474871835117,0.627638454667299,1.2920474871835117,0.011376564628679359,0.003174667506938413,1.0,1.0,1.0,1.0,1.0,3303.788818359375,-0.000634078741413524,0.023549246557080794,0.39852183336934804,0.2895,0.2966888129769174
2022-10-25,386.77161134892,395.0091347387328,383.9277083833949,390.6942443847656,6156624.0,0,1,0.007205118023911661,0.008097128692288846,0.003147444139487643,0.01103914349836188,-0.08759873033357624,0.007179285172651119,0.4222222222222222,0.34444444444444444,386.0214096069336,0.012105118165829517,403.1858734130859,-0.03098230829015662,383.3351715087891,0.019197489359016,441.860157623291,-0.11579662107065784,388.2208472715241,391.22523587267534,0,0,0,49.52082865265503,0,0,-3.00438860115122,-3.928686426903076,0.9242978257518559,0,409.85954757082527,362.18327164304196,386.0214096069336,0.12350681786362494,0.5980117403655876,12.768877856764666,0.032682533823532735,10.598219504511873,21.054646337493246,23.28616556805534,0,50.274730131443185,43.40661068180746,6488202.714285715,9406271.633333333,0.6897741174402453,0,676655554.0,385.0090846313696,34753865.46531384,0.20351885986754742,0.40782570722415057,0.3645891258023788,1.118589882039454,0.32986253259473197,0.8272720103845089,1.3013568418211674,0.6321606638095224,1.3013568418211674,0.028363423609651855,-0.0029073833159915146,1.0,1.0,1.0,1.0,1.0,3294.505859375,-0.002809791876765555,0.028353321160103917,0.3897358290600036,0.2727,0.28470048855918534
2022-10-26,386.77161134892,395.0091347387328,383.9277083833949,390.6942443847656,6156624.0,0,1,0.0,0.011809517938455638,0.026010856316377895,-0.03453286195716332,-0.09864256394684034,0.0,0.5444444444444444,0.25555555555555554,387.8674987792969,0.007287915626767123,402.39055908203125,-0.029067070370508402,383.32112182617186,0.01923484550881942,441.3609437561035,-0.11479651765321659,388.6013699043305,391.18590316986723,0,0,0,49.52082865265503,0,0,-2.58453326553672,-3.659855794629805,1.0753225290930848,0,406.2945937753082,369.4404037832856,387.8674987792969,0.09501747402917424,0.5767007932091464,12.64834560666276,0.032374025951112675,10.200679044732253,19.73705158703426,21.82892287592083,0,50.274730131443185,47.664852719940825,6086806.714285715,9198589.933333334,0.661710844640295,0,676655554.0,386.97024691851954,34753865.46531384,0.1272503552047243,0.4053928826221661,0.3640745832259332,1.1134885578392382,0.3197345340732676,0.8324103541735791,1.3013568418211674,0.6321606638095224,1.3013568418211674,0.028363423609651855,-0.01004016079638619,1.0,1.0,1.0,1.0,1.0,3294.505859375,0.0,0.027360975086852424,0.38927043954264917,0.2692,0.27980167149803625
2022-10-27,400.108541347804,405.4040895860624,397.50980313088496,404.4234313964844,9752346.0,0,1,0.03514048954915716,0.04259879894768859,0.048163495872803,0.0031622119981018493,-0.028275248761563287,0.03453715620050717,0.6666666666666666,0.5222222222222223,389.8876541137696,0.037281963481904,401.88748046875,0.006310101834415163,383.4808044433594,0.0546119302725575,440.93717803955076,-0.08280940791930956,391.0355332108157,392.16646081628335,0,0,1,57.51070259025091,0,0,-1.1309276054676616,-3.1540701567973763,2.0231425513297148,0,406.02320058435566,373.75210764318354,389.8876541137696,0.08277023547853965,0.9504271767061763,12.795595577708049,0.03163910541366145,10.102997381570281,23.919107305280455,20.036452990115254,0,88.73621044848788,63.095223570458096,6468343.285714285,9089007.933333334,0.7116665903648368,0,686407900.0,389.8139741884479,35096567.678006604,0.2228888287913104,0.40403832797384004,0.36924143278953014,1.0942388694611753,0.3152249926747465,0.874516906535982,1.3470871583209085,0.6543750990095092,1.3470871583209085,0.019519854297062558,0.02409632877459786,1.0,0.0,1.0,1.0,1.0,3318.96142578125,0.00742313641259984,0.012392332742605205,0.35854531945988966,0.4355,0.49051707423195623
2022-10-28,404.52154230461935,404.52154230461935,392.0181491788402,397.1175842285156,6569623.0,0,1,-0.0180648463980968,0.01644083560500098,0.037535295458086315,-0.006257650524170488,-0.018302934186402053,-0.01823000783669147,0.6111111111111112,0.5222222222222223,390.59373016357426,0.016702403446694544,401.4481457519531,-0.010787349672087573,383.70347290039064,0.03495957757882293,440.4608493041992,-0.09840435340428871,391.9712333673849,392.5332106986709,0,0,0,52.72793862243525,0,0,-0.5619773312860161,-2.6356515916951047,2.0736742604090885,0,406.69536349930627,374.49209682784226,390.59373016357426,0.08244696262271749,0.702583611516725,12.774723973998842,0.03216861826659333,9.46920955497074,22.246887769800345,21.706277979964163,0,68.26932505969388,69.093421879875,6519882.0,8813772.9,0.7397379163241203,0,679838277.0,391.3379010534553,34977888.4476182,0.2570082301311494,0.399056021315791,0.36720558136603265,1.0867373524968555,0.31037422346403026,0.8996462326937664,1.3227522357209924,0.642553913359163,1.3227522357209924,0.031485367614908374,0.0002425945197986936,1.0,1.0,1.0,1.0,1.0,3317.264404296875,-0.0005113109996376375,0.01405147278546326,0.3577025454289421,0.4238,0.4726183738407605
2022-10-31,397.1665942314592,400.8440626965653,395.2052777167359,397.8040161132813,4257977.0,0,1,0.0017285356076568448,0.018197789782420815,0.026442268320493012,0.02423941126224438,-0.01577100470661863,0.0017270434092812633,0.5222222222222223,0.5222222222222223,391.80484161376955,0.015311639526459895,401.1961163330078,-0.008454967736803641,384.1205520629883,0.035622837613878064,440.12545486450193,-0.09615767114458264,392.8685845590613,392.9236407293828,0,0,0,53.12240243737734,0,0,-0.05505617032150667,-2.119532507420385,2.064476337098878,0,406.0562942043584,377.5533890231807,391.80484161376955,0.07274771047692931,0.7104758957509146,12.265014045843882,0.030831800457115584,8.880692287414023,21.516323021418053,20.99346629705204,0,70.19232213172532,75.73261921330237,5953584.0,8753032.1,0.6801739022526834,0,684096254.0,392.40885710789223,34985248.51247928,0.2523898412837207,0.3991127776084197,0.3633493932074447,1.0984269825945652,0.30809787897321705,0.9056708896432345,1.325038660060544,0.6436645906782437,1.325038660060544,0.014174781428610925,0.0001234143359297514,1.0,1.0,1.0,1.0,1.0,3341.370361328125,0.007266818104708639,-0.00287453295669704,0.35196028267223706,0.4328,0.49066883925353616
2022-11-01,398.1472723551757,406.9731971118175,398.1472723551757,406.3847961425781,7483252.0,0,1,0.021570370538575245,0.004849780190334441,0.05244448975704663,0.035482355905198215,-0.01672794941550093,0.021341022318901323,0.7333333333333333,0.5111111111111111,392.8026611328125,0.034577502531667706,400.9313397216797,0.013601970912735642,384.7026370239258,0.05636082790174343,439.7972526550293,-0.07597240844671539,394.94800172575617,393.92076335258247,0,0,1,57.856598298402496,0,0,1.0272383731737023,-1.4901783313015675,2.51741670447527,0,408.2162550319299,377.3890672336951,392.8026611328125,0.07848008898242086,0.9405894919335895,12.043883113893335,0.029636647896807138,8.919270474769862,23.98127542795437,19.851850077883086,0,94.2308541962961,77.56416712923844,5881401.714285715,8710538.833333334,0.6752052687921982,0,691579506.0,393.2862951289981,35146665.03095282,0.26584141682417006,0.39863864394783793,0.3660923684015109,1.0889018137374336,0.3066719873220747,0.9252065463188401,1.3536202349359872,0.6575486744017337,1.3536202349359872,0.021718147038023765,0.0008628777689278843,1.0,1.0,1.0,1.0,1.0,3569.2060546875,0.0681863034389325,0.0796522093611911,0.4062787525305565,0.437,0.4286193054122003
2022-11-02,406.728006626219,418.5939773619586,405.9925129433506,413.15130615234375,11554760.0,0,1,0.01665049990549261,0.040375250456302414,0.06509915632412322,0.049184441636763276,0.02418854070777665,0.016513400092474328,0.8111111111111111,0.5777777777777777,394.13880615234376,0.048238081871723175,400.7832598876953,0.0308596877726733,385.3601608276367,0.07211732854018973,439.5028829956055,-0.05995768824916951,397.7485100990773,395.34524800441665,0,0,1,61.18547559543041,0,0,2.403262094660647,-0.7114902461091246,3.1147523407697717,0,411.7080988472311,376.5695134574564,394.13880615234376,0.0891528183504793,1.041071866983371,12.083710349944381,0.029247663434685312,9.891981701691993,29.06414443740005,18.37310380852377,0,88.12830247798219,84.18382626866789,7418743.714285715,8867053.5,0.8366639170820064,0,703134266.0,395.1112478409043,35339057.56124081,0.2703006492222237,0.3950777961041235,0.3564482249182493,1.108373582712423,0.3064195760409496,0.9406116978308832,1.3761586885298616,0.6684971885427166,1.3761586885298616,0.03050084613301782,0.0008445455806876351,1.0,0.0,1.0,1.0,1.0,3574.19677734375,0.00139827249527813,0.08184783406303087,0.37916176286280573,0.4048,0.4215425266093466
2022-11-03,406.9731713047163,407.85575773895033,401.0402008987902,402.4131164550781,7304472.0,0,1,-0.025990937308827178,0.011586359501419174,0.029994995418390236,0.03323684713042163,-0.004246552088169375,-0.026334670771829185,0.5666666666666667,0.5333333333333333,394.0260314941406,0.02128561133165188,400.34392517089844,0.005168534237896544,386.11825592041015,0.04220173556887402,439.13830276489256,-0.08363011397226376,398.4661418461543,395.86879381557674,0,0,1,53.908122716120424,0,0,2.597348030577564,-0.04972259077178698,2.647070621349351,0,411.3378060391348,376.71425694914643,394.0260314941406,0.08787122251465576,0.7422364310238397,12.085667128773608,0.030032985095610684,10.249780740079457,26.98376449740724,19.98488675468856,0,64.70588081951742,82.35501249793191,7582722.0,8820387.133333333,0.859681313912397,0,695829794.0,395.08937874586377,35149207.487414725,0.3444561547997179,0.4027955490748957,0.36018770898740754,1.1182934315201125,0.30390910454702713,0.9161643181606112,1.3403910343292842,0.6511223200241756,1.3403910343292842,0.01693671642763403,-0.014953685866720608,1.0,1.0,1.0,1.0,1.0,3583.879150390625,0.002708964740903541,0.08783511196137983,0.37394948904509917,0.396,0.42635616222076367
2022-11-04,404.4724918802154,423.6443479714227,404.0311837134864,422.2223815917969,13317485.0,0,1,0.049226191509913475,0.038971894616997904,0.08069772631710825,0.10880759959777886,0.08628729607454022,0.04805293201382733,0.8777777777777778,0.6555555555555556,394.97972106933594,0.06897230178983968,400.1575994873047,0.055140230081253745,387.09776580810546,0.09073835833272054,438.8669381713867,-0.03792620298294103,402.12094796086853,397.82091142863004,0,0,1,62.71761299936767,0,0,4.300036532238494,0.8202292338302691,3.4798072984082244,0,416.0918822563009,373.867559882371,394.97972106933594,0.10690250694292663,1.1451888151384775,12.738921727885819,0.03017111901993335,11.653330984434277,32.62429836400036,17.605767713172618,0,97.2061410817009,83.34677479306686,8605702.142857144,8956674.766666668,0.960814405685946,0,709147279.0,396.7206467010352,35804776.554455124,0.429808367626023,0.4088213646160604,0.3736696571068375,1.0940716133640267,0.30491108292171887,0.9612635983409347,1.4063733800833484,0.6831745920460648,1.4063733800833484,0.04645221360363175,0.005117565359893412,0.0,0.0,1.0,1.0,1.0,3826.288330078125,0.06763877059333279,0.1614149415427082,0.4217587201546764,0.4822,0.46857754450203054
2022-11-07,423.64437388392855,430.41090998133376,418.0546097575895,429.0379943847656,9887999.0,0,1,0.016142234732497096,0.03845247006568542,0.06086334538848681,0.11195823274571315,0.1716657857536108,0.01601333417338034,0.8,0.7333333333333333,396.4507080078125,0.08219757391960801,400.3007751464844,0.07178906717771218,388.26398498535156,0.10501620283156676,438.635968170166,-0.02188141074121149,406.26203202608343,400.13328794389935,0,0,1,65.18328553496644,0,0,6.128744082184085,1.8819322035010324,4.246811878683053,0,422.4562128479624,370.44520316766267,396.4507080078125,0.13119161759518103,1.1265459289727313,12.711591620447136,0.029628125683077038,13.333294481101138,34.16136886954535,16.383361772712853,0,97.61905786505103,86.51035992208979,8625081.142857144,8849855.733333332,0.9746013271572816,0,719035278.0,398.50174296146514,35964390.95534782,0.4007481058111588,0.3649124998283212,0.37514795810984936,0.9727162095374352,0.29461236326741164,0.9767805409851588,1.4290753893061892,0.6942025566741503,1.4290753893061892,0.02880001395089266,0.0033678752101456663,0.0,1.0,1.0,0.0,1.0,3953.406982421875,0.03322244467163671,0.1911578579107116,0.424008282031515,0.4616,0.4008015684030826
2022-11-08,423.64437388392855,430.41090998133376,418.0546097575895,429.0379943847656,9887999.0,0,1,0.0,0.06616304698075037,0.08038024863155346,0.12093264047101959,0.17103854026303789,0.0,0.8666666666666667,0.7222222222222222,398.4831237792969,0.07667795392607847,400.2713562011719,0.07186784099818508,389.2577194213867,0.10219521149769474,438.29834899902346,-0.021127970560250654,409.76602623511144,402.2743773098894,0,0,1,65.18328553496644,0,0,7.491648925222023,3.0038755478452304,4.487773377376793,0,427.95816801789056,369.0080795407032,398.4831237792969,0.14793622354214767,1.0183176377639016,12.686213663539789,0.02956897484506387,14.893260585148937,31.784727461786797,15.243554520374367,0,97.61905786505103,97.48141893726768,9099134.857142856,8681623.5,1.0480913917935806,0,719035278.0,400.4211098893438,35964390.95534782,0.3629353070156765,0.364976305864723,0.37346398044137186,0.9772731106046215,0.2907771850001715,0.9767805409851588,1.4290753893061892,0.6942025566741503,1.4290753893061892,0.02880001395089266,-0.012571428571428617,0.0,1.0,1.0,0.0,0.0,3953.406982421875,0.0,0.19176722160012338,0.422834899551931,0.4608,0.4012885633217818
2022-11-09,421.78111951194944,424.625022452845,407.5615748801567,409.0325622558594,13898567.0,0,1,-0.04662857926509223,-0.031239034004335142,0.028226326753273856,0.05541496317947869,0.15620238266121578,-0.047750712814567844,0.5444444444444444,0.7,399.31178131103513,0.024343837071144295,399.8418286132812,0.022985923394891333,390.2729574584961,0.048067908469826025,437.84636932373047,-0.0658080301370891,409.6531856229188,402.7749836021835,0,0,1,53.20495795293913,0,0,6.878202020735273,3.778740842423239,3.099461178312034,0,429.0048380362991,369.6187245857712,399.31178131103513,0.1487211653398986,0.6636877778324763,13.314085509330443,0.032550184845680265,15.191209350525595,28.122536445413203,19.11660909005452,0,58.59449941076973,84.61087171362394,10476362.0,8786527.6,1.192321071181749,0,705136711.0,401.9263558042893,35316320.52231713,0.5085049459731457,0.37880765203174854,0.38309961669066644,0.9887967398767108,0.29263318664683097,0.9312346521052326,1.362439634240133,0.6618328777342399,1.362439634240133,0.04171659947702332,-0.01691429422986754,1.0,1.0,1.0,1.0,1.0,3989.940185546875,0.009240941620085819,0.1941029440271198,0.4225976640599502,0.4159,0.3752053781808588
2022-11-10,407.2673722447885,412.2687354647813,404.76670559845,407.0712585449219,5574432.0,0,1,-0.004794981847216939,-0.05119997792117159,0.0016891931215430311,0.05422227174995031,0.11826519267169644,-0.004806514653842386,0.35555555555555557,0.6444444444444445,399.9761795043945,0.017738753966095658,399.70747802734377,0.018422924069172293,391.2574072265625,0.04041802410964234,437.3908995056152,-0.069319322818476,409.25596607245774,403.0932261905345,0,0,1,52.19233386751722,0,0,6.162739881923244,4.2555406503232405,1.9071992316000035,0,429.742941283364,370.209417725425,399.9761795043945,0.1488426726604226,0.6191778785547998,12.898938677687646,0.031687176156319566,15.18677533243585,26.954244820795044,19.87012377411517,0,49.78906221156937,68.66753982913006,10203673.42857143,8505005.866666667,1.1997256190689158,0,699562279.0,402.53959668642665,35289591.22206858,0.49502613529310197,0.37295164081163906,0.38317807660339304,0.9733115321147697,0.2899081758869827,0.9267693988528886,1.3559067609260227,0.6586594010996129,1.3559067609260227,0.0184292791712864,-0.004315524420196972,1.0,1.0,1.0,1.0,1.0,3984.999267578125,-0.0012383438695767746,0.11649459474175128,0.41559129135569767,0.4688,0.4234733156408297
2022-11-11,412.2196964434396,423.4482153152746,412.17064557513726,421.5359497070313,14060782.0,0,1,0.035533560423336,-0.017485735006971037,0.020294365356782418,0.0867146677437658,0.10062736976808417,0.034916811201163044,0.4888888888888889,0.6333333333333333,401.5795562744141,0.04969474446796862,400.0006945800781,0.05383804433030038,392.3408319091797,0.07441264182416214,436.94701904296875,-0.0352698809336011,411.1451943239306,404.4593538584231,0,0,1,58.470111300585295,0,0,6.685840465507454,4.741600613360084,1.94423985214737,0,432.3991663260295,370.75994622279865,401.5795562744141,0.1534919274155244,0.8237612902823085,13.147368541449437,0.031189198811126063,15.93822320288308,30.629719502335284,18.1021862965001,0,80.90716652637805,63.09690938290572,10561676.57142857,8383471.233333333,1.2598214125712657,0,713623061.0,404.26815004392705,35789220.86886493,0.5314119575517744,0.3580577571594743,0.3868131935056628,0.9256606630048478,0.27914364115792667,0.9597008152855265,1.4040869557437974,0.6820639147269844,1.4040869557437974,0.026753518289425297,0.012647510209688698,1.0,1.0,1.0,1.0,1.0,4001.569580078125,0.004158172031502261,0.11957170501731218,0.41466516511654355,0.5153,0.44690832841450745
2022-11-14,426.58634568957535,449.7789076939019,425.6547083659939,446.7388610839844,30135088.0,1,0,0.05978828471087505,0.09218410050332082,0.11014985053016879,0.1434487902105479,0.19582612562745427,0.058069156770167545,0.9666666666666667,0.7555555555555555,404.87702026367185,0.10339396588388851,400.5155407714844,0.11540955495375615,393.60194702148436,0.13500165450045293,436.64154296875,0.02312495977039232,416.6211430562465,407.5911692084647,0,1,1,66.68003526565602,0,0,9.029973847781832,5.599275260244434,3.4306985875373988,0,440.1248767984994,369.62916372884433,404.87702026367185,0.17411636013262857,1.093821084963704,14.22562493040809,0.0318432672185502,17.910635404128428,39.5070365444321,15.535092008432704,0,95.38346052653827,75.35989642149524,13823193.142857144,9104497.6,1.5182818152269209,1,743758149.0,411.2072920650439,37590946.089996204,0.576023324586379,0.3814755193435313,0.4020531657509242,0.948818593757471,0.2914282268702536,0.9932410200702733,1.4880349064126333,0.7228433462516952,1.4880349064126333,0.054000673389756414,0.011980937773051351,0.0,0.0,0.0,0.0,1.0,4015.24462890625,0.0034174212279618477,0.1203627299956831,0.31087362526906337,0.4298,0.5319481269895937
2022-11-15,447.1801272520908,451.6421099719488,440.8548700601658,448.0627136230469,11841577.0,0,1,0.00296337000065372,0.10069847531031573,0.06120076328931412,0.14683725205274167,0.15949735304741885,0.002958987874878862,0.7888888888888889,0.6888888888888889,407.98815460205077,0.09822481012980534,401.0245013427734,0.11729510821102626,394.744143371582,0.13507121295343655,436.32227951049805,0.02690771171648673,421.45830775883115,410.58906138732266,0,1,1,67.04852618960585,0,0,10.869246371508495,6.6532694824972465,4.215976889011249,0,446.9495875147502,369.02672168935135,407.98815460205077,0.19099296130644858,1.014284973948351,13.980026000506298,0.0312010474771789,19.814636837685352,38.28155520619491,14.678866518577612,0,93.99671490909131,90.09578065400255,13612349.142857144,9198635.3,1.4798226800944203,0,755599726.0,414.322392018802,37626037.06403843,0.528709171138796,0.37227286720075936,0.399728533322165,0.9313142199451709,0.2907327114785868,0.9920747063440912,1.492444504414222,0.7249853985391497,1.492444504414222,0.024075290319422217,0.0009877496822992577,0.0,0.0,0.0,0.0,1.0,4050.43017578125,0.008762989587656644,0.05857944471700294,0.3065926344959968,0.4087,0.5004746302426949
2022-11-16,446.7388802205091,446.7388802205091,435.55938149522194,438.74652099609375,7137989.0,0,1,-0.02079216222127067,0.04082824086776893,0.02262859406018336,0.08486919138461113,0.13538889598772297,-0.02101136298861621,0.5,0.6555555555555556,410.7879348754883,0.06806087459477071,401.30987243652345,0.09328613904331941,395.7873474121094,0.10854104827978132,435.8811250305176,0.006573801435828526,424.11803287225615,412.67479913612055,0,1,1,61.86361758591732,0,0,11.443233736135596,7.611262333224917,3.8319714029106793,0,450.15891386128953,371.4169558896871,410.7879348754883,0.1916851769160881,0.8550659247092693,13.874547866743344,0.03162315187193671,21.044140810702274,35.81739769320352,16.46020700145243,0,78.37180085938616,89.25065876500526,13219490.57142857,9135986.733333332,1.4469691076932356,0,748461737.0,416.23709586113245,37477622.838816784,0.5526954096150699,0.3796008498714616,0.40227600268714525,0.9436328474375381,0.2903376465424496,0.9714473281141655,1.4614133561721976,0.7099113845246711,1.4614133561721976,0.02548054101923393,-0.002954571675543441,0.0,0.0,0.0,1.0,1.0,3949.414306640625,-0.024939540926943837,-0.0010099329006607594,0.32027111646577594,0.4399,0.5257302985032705
2022-11-17,434.8729441998026,435.8045516478942,428.05735690135145,431.9309692382813,6533823.0,0,1,-0.015534144276150519,-0.033146639201641515,0.006742933939135609,0.08766518127722289,0.06736959322048475,-0.015656063349129955,0.4,0.5333333333333333,413.00667572021484,0.04582079329605423,401.70017578125,0.07525710786219277,396.81584197998046,0.08849225142597109,435.3818421936035,-0.007926083774958381,425.32002308241385,414.101182106651,0,0,1,58.31099119952678,0,0,11.218840975762873,8.332778061732508,2.886062914030365,0,451.8632470635812,374.1501043768485,413.00667572021484,0.18816437422279894,0.7435147114607328,13.647020454457556,0.031595373859217235,21.46449355260851,33.8135168426076,19.465868868563646,0,65.07397749658985,79.14749775502246,12740322.57142857,8961814.966666667,1.4216230327021933,0,741927914.0,418.20726433971333,37376125.48965995,0.5643581919699198,0.36218872221571335,0.40327206665509996,0.8981249934314858,0.2852922603026321,0.9563567251625591,1.4387115502503254,0.6988835186541831,1.4387115502503254,0.017936187257433893,-0.008828735068934366,0.0,0.0,0.0,1.0,1.0,4010.852294921875,0.01555622771152354,0.014530584064686547,0.3204809735874414,0.4241,0.48267056371562983
2022-11-18,431.9799744921478,435.314206675296,426.0470038395157,430.1167297363281,6128677.0,0,1,-0.00420029965703228,-0.04005239298223917,0.05154642790341013,0.08122772097364961,0.06689379626146819,-0.004209145695000038,0.7,0.5222222222222223,415.20580291748047,0.03591213493182105,401.9473016357422,0.07008239136311956,397.80190032958984,0.08123347168518943,434.8955953979492,-0.01098853543744951,426.0579779522468,415.28751896810854,0,0,1,57.366600671811284,0,0,10.770458984138259,8.820314246213659,1.9501447379245995,0,452.6100172128733,377.80158862208765,415.20580291748047,0.18017192453751266,0.699321481546055,13.334176338837754,0.031001296664307672,21.666011011953643,32.13492626234258,19.5764394723553,0,59.761761705261314,67.7358466870791,11630338.285714285,8991381.1,1.293498535582513,0,735799237.0,420.01090440729797,37350383.20975879,0.45671899089676776,0.3622545258571626,0.4019081794268019,0.9013365350608366,0.28654680570432156,0.9523397403378582,1.4326685306192404,0.6959479984504744,1.4326685306192404,0.021545785585836995,0.00011345621721198739,0.0,1.0,0.0,1.0,1.0,4012.499267578125,0.0004106290970462556,0.005653990030469069,0.31991038527260124,0.4238,0.48324444309705555
2022-11-21,431.2934700610924,435.8535546929135,420.1139724195314,422.2223815917969,6372470.0,0,1,-0.018353966722872372,-0.037662154828673855,0.037219830014609157,0.038971894616997904,0.0565642976989682,-0.018524490518433277,0.5888888888888889,0.5,416.92195281982424,0.012713239818924218,401.93553344726564,0.05047289044225021,398.7153317260742,0.058956975052748876,434.47409622192384,-0.028198953025427204,425.4678862044853,415.8012124957892,0,0,1,53.31993652099395,0,0,9.666673708696123,8.989586138710152,0.6770875699859715,0,452.13647091171947,381.707434727929,416.92195281982424,0.16892618800101145,0.5752591411039719,13.505991048448065,0.031987861461843604,21.302021628684706,29.459974119459893,21.08464932255346,0,41.8604378391775,55.56539234700957,11744343.714285715,8986472.2,1.3068914533876503,0,729426767.0,420.33820430250705,37233423.107436284,0.4787267568634747,0.3658900797182516,0.4010083445806032,0.912425102028537,0.2909600717908846,0.9348605284348283,1.4063733800833484,0.6831745920460648,1.4063733800833484,0.03727794394518638,0.0027358627168156562,1.0,1.0,1.0,1.0,1.0,3994.582275390625,-0.004465294818188026,0.0024047702820091388,0.317948733354902,0.4263,0.4939422418455527
2022-11-22,424.37985337743817,427.9102290270461,420.702384977287,422.3204650878906,6108017.0,0,1,0.00023230292938047903,-0.022250092803808408,0.0018610877231337586,0.022193222674130597,0.0873627389484184,0.00023227595123296725,0.36666666666666664,0.5777777777777777,418.50326385498045,0.009121078764711651,401.81785461425784,0.0510246377511401,399.58358612060545,0.056901433785176946,433.99186767578124,-0.026893136616582575,424.983667571163,416.2841200952041,0,0,1,53.36395389347767,0,0,8.699547475958866,8.931578406159895,-0.23203093020102905,0,451.5312781339843,385.4752495759766,418.50326385498045,0.15783874168517217,0.5577873256421716,13.056123405684568,0.030915204175500734,20.964031487077833,28.298270184154642,20.25321206489607,0,42.054271427455646,47.8921569906315,10608234.42857143,8954917.633333333,1.1846266892599742,0,735534784.0,421.40918705787584,37234842.01767809,0.43123990038915283,0.3544891709145215,0.3987861942057771,0.8889203690226097,0.28127621388159985,0.9350776992741457,1.4067000847393445,0.6833332955050753,1.4067000847393445,0.01706723837846469,0.005109799668855849,1.0,1.0,1.0,1.0,1.0,4026.673583984375,0.008033708253164518,0.00627353927099783,0.31793367310628917,0.4427,0.4973854222618745
2022-11-23,426.0960127290024,430.8031603923669,423.2030588995021,424.96826171875,6031033.0,0,1,0.006269638461182225,-0.011969932024579188,-0.048732271270086835,0.056049726863686145,0.08283366160942629,0.006250066043354455,0.1111111111111111,0.5444444444444444,420.2169647216797,0.0113067710158185,401.64820068359376,0.058060912498714465,400.52010314941407,0.061041027346923314,433.5449853515625,-0.019782776695843038,424.98129744002256,416.9273898450964,0,0,1,54.60830363330767,0,0,8.053907594926159,8.756044243913149,-0.7021366489869898,0,450.62214234357464,389.81178709978474,420.2169647216797,0.14471180449381937,0.5781330248445724,12.729449969883976,0.029953883893354148,20.852292986231994,28.57461212594353,19.289183054048255,0,43.975363746556425,42.63002433772987,7164798.0,8936470.866666667,0.8017480397910695,0,741565817.0,422.5636438822291,37272654.414135545,0.17614843922366216,0.35391423090906576,0.3990132614969523,0.8869736047902482,0.2797893200474642,0.9409402983817087,1.4155195856939744,0.6876175482163803,1.4155195856939744,0.017883927289362358,0.00894000635353064,0.0,1.0,1.0,1.0,1.0,3896.211181640625,-0.03239954757262897,-0.0296453786174542,0.3319511777865902,0.4274,0.45921530434455254
2022-11-24,427.1257207694459,431.0974049354527,424.2818176171591,429.87158203125,4733568.0,0,1,0.011538085909448714,0.018116520518441703,-0.040599521090927015,0.018116520518441703,0.09164504396523387,0.011472029817896641,0.17777777777777778,0.5777777777777777,421.48937225341797,0.019887120125990455,401.9218054199219,0.06954033405111373,401.304501953125,0.07118554598588038,433.10682861328127,-0.007469858169611082,425.733648915596,417.8862188959226,0,0,1,56.90166029477136,0,0,7.847430019673425,8.574321399065205,-0.7268913793917804,0,451.23443268900303,391.7443118178329,421.48937225341797,0.14114263558560627,0.6409008698433186,12.307031209056092,0.02862955292578847,20.76984399796076,27.61506592998811,18.52616329746579,0,53.55660771001932,46.52874762801048,6149368.142857143,8542065.633333333,0.7198924015358451,0,746299385.0,423.7494497187809,37327270.72837776,0.20213097489827359,0.3548347519054353,0.39112662647832186,0.9072119561389717,0.2722154012558533,0.9517969483800991,1.4318519722802188,0.6955513385605453,1.4318519722802188,0.015854938086598415,0.005076753360286736,0.0,1.0,1.0,1.0,1.0,3913.978515625,0.004560156818012473,-0.0336881897068948,0.3318444239988329,0.4253,0.45821782194511396
2022-11-25,429.5283063439927,433.25479566098295,425.94890977658895,432.1270446777344,4800030.0,0,1,0.005246828915339785,0.023220706549948567,-0.015087245144032257,0.0071999457703004754,0.10953039785533747,0.005233112266858531,0.3111111111111111,0.6,423.2398452758789,0.020998021573471085,402.473916015625,0.0736771439890236,402.1512973022461,0.0745384823487447,432.69428237915037,-0.0013109433716042172,426.7172482636173,418.9410948797605,0,0,1,57.953985756400236,0,0,7.776153383856808,8.414687796023527,-0.6385344121667185,0,451.00026334315754,395.47942720860027,423.2398452758789,0.13118055106169724,0.6600696246777865,11.949806543008801,0.027653456755803284,20.856150542257595,27.69866891031477,17.717124288939388,0,58.36821984783271,51.96673043480283,5815374.0,8498200.3,0.6843065348789201,0,751099415.0,424.8296247833651,37352455.664576255,0.1799594278494841,0.3524042786838404,0.3895251195560428,0.9047023182625282,0.2662322316162059,0.9567908641303919,1.4393646546108647,0.699200777435808,1.4393646546108647,0.016906800845669083,-0.0007985540370806245,1.0,1.0,1.0,1.0,1.0,3894.01513671875,-0.0051005335942837515,-0.01402718621561827,0.33103892508451177,0.4127,0.4425956575778517
2022-11-28,426.5863311967372,428.0573185456914,420.7023818009201,422.810791015625,5613201.0,0,1,-0.021559061801043056,-0.00507678077981466,-0.021114897685479472,-0.014514340106568713,0.11035283469013923,-0.02179485349867459,0.2222222222222222,0.6,424.4901840209961,-0.003956258751293096,402.8465655517578,0.049557889209067084,402.9180484008789,0.049371684127076,432.3206684875488,-0.02199727694073385,426.11625484084925,419.22773903797264,0,0,1,52.27614224186056,0,0,6.888515802876611,8.109453397394145,-1.2209375945175331,0,449.5479261646363,399.43244187735587,424.4901840209961,0.11806040792877702,0.46648953852776953,11.912296281137765,0.02817405925833512,20.333228199313744,25.801182079609575,19.649345162792596,0,38.49371681874234,50.139514792198135,5683856.571428572,8386427.133333334,0.6777447035623885,0,745486214.0,425.40809903907547,37231440.31731558,0.20173088036624226,0.351935455646071,0.3860616018644645,0.9116044018530125,0.2645071864123971,0.9361633507599314,1.408333303067872,0.6841266646637321,1.408333303067872,0.017395338295657387,-0.012821954907102018,1.0,1.0,1.0,1.0,1.0,3879.091796875,-0.003832378488473176,-0.03285099733383268,0.33205558465649726,0.4206,0.4491251215624659
2022-11-29,424.6250210532432,432.3722152209457,423.8895273678161,427.5179748535156,6518828.0,0,1,0.011133074031965062,-0.005475140195620787,-0.006041975824575774,0.04519300980759855,0.1080187256301921,0.011071557520750423,0.37777777777777777,0.5777777777777777,425.54684295654295,0.004631997463024234,403.1309564208984,0.06049403560850671,403.8222439575195,0.05867861726430508,431.9501840209961,-0.010260926679603068,426.33190407356716,419.84183057986473,0,0,1,54.69151512897714,0,0,6.490073493702425,7.785577416655801,-1.295503922953376,0,449.1287784216294,401.9649074914565,425.54684295654295,0.11083120862205373,0.5417932595034657,11.744376847150832,0.02747107148225736,20.204407245598336,26.925085416917256,18.506696661402366,0,48.535622378391984,48.46585301498902,5739592.428571428,8367668.4,0.6859249380115765,0,752005042.0,426.35695207440557,37304014.912041225,0.21820137424998132,0.35148471070221143,0.3866472637750908,0.9090577992727421,0.26492961834302364,0.9465857266499541,1.4240123819926085,0.6917430974686747,1.4240123819926085,0.019841710412377676,0.0042908792210819965,1.0,1.0,1.0,1.0,1.0,3871.356201171875,-0.0019941770157017036,-0.03517584851584077,0.32950311672130195,0.4084,0.4388906268288605
2022-11-30,430.26378846707775,443.20848877479045,429.6753875572156,441.982666015625,13921394.0,0,1,0.0338341122781225,0.02280723101985105,0.046800655970275606,0.0857623984446707,0.1547527336588428,0.03327433021560552,0.6888888888888889,0.6666666666666666,426.98841094970703,0.03511630452116433,403.9027337646484,0.09427995670156944,404.8516516113281,0.09171511158843922,431.6398759460449,0.02396161857592816,428.7397136031145,421.4818924639951,0,1,1,61.19144672733458,0,0,7.2578211391194145,7.6800261611485245,-0.42220502202911003,0,450.90245026474037,403.0743716346737,426.98841094970703,0.11201259191950322,0.81350318673458,12.026243781016833,0.027209763426766786,20.871065730564105,30.851967206548785,16.782018610335758,0,75.52803245601378,54.18579055104939,6818010.142857143,8624753.133333333,0.79051655594716,0,765926436.0,428.0708284850979,37775032.919705205,0.25955568124723954,0.36007191330950283,0.39247375150170455,0.9174420249297589,0.2676865974490529,0.9786126144062968,1.472192576810383,0.715147611096046,1.472192576810383,0.030619076851073745,0.006422685770119826,1.0,1.0,1.0,1.0,1.0,3910.7841796875,0.010184539077982446,-0.020977937097297783,0.3288693353038086,0.4011,0.44251271583844015
2022-12-01,446.1995186467739,457.4770888982858,445.26788130724447,454.4370422363281,13243436.0,0,1,0.02817842684414873,0.07480000958521993,0.07604788259965956,0.07805050210346987,0.17257083776922455,0.027788718940985977,0.8888888888888888,0.7222222222222222,429.58960723876953,0.057839935088904934,404.90888916015626,0.12231925354590491,406.003659362793,0.11929297127407539,431.3969413757324,0.053408122892852294,432.69314877745506,423.9230146693531,0,1,1,65.74777988330962,0,0,8.770134108101956,7.898047750539211,0.8720863575627451,1,453.5658844619402,405.6133300155989,429.58960723876953,0.11162410272110906,1.018167077529994,12.273970859705686,0.027009177771478095,22.299370345302165,36.37367882896498,15.268783255003022,0,91.86350885990383,71.97572123143654,7837355.714285715,8792132.233333332,0.8914055778838489,0,779169872.0,430.6232606432041,38148212.11219637,0.28305298395183587,0.365602448256703,0.3914465435446269,0.933977970391818,0.26141383867397705,0.9933547564769225,1.513676647636533,0.7352993457380838,1.513676647636533,0.026866664590013706,0.009540764729899724,1.0,1.0,0.0,0.0,0.0,3907.98974609375,-0.0007145455912049847,-0.029474412418894924,0.3248208808353215,0.3794,0.43034272943040913
2022-12-02,454.3389487172586,461.30162817754575,449.14147203796335,452.1815185546875,6621056.0,0,1,-0.004963335890360021,0.0576900742234816,0.06403597465343802,0.012183084895495355,0.17104761814437786,-0.004975694151031142,0.8555555555555555,0.7111111111111111,431.0875640869141,0.04893194846029133,406.17884155273435,0.11325719682023516,407.1190219116211,0.11068629618797021,431.0637748718262,0.04898983610752384,435.6913595124139,426.01623717937787,0,1,1,64.27598644242156,0,0,9.675122333036029,8.253462667038576,1.4216596659974527,0,456.8060187709319,405.36910940289624,431.0875640869141,0.11931893576420866,0.9100937386584463,12.265841236839737,0.027125923403603876,23.812997244903062,36.02511682977731,14.187552957107416,0,77.8571772172694,81.74957284439567,7921644.714285715,8746549.833333334,0.905687941557952,0,772548816.0,432.4348301626954,38115349.587319486,0.29771721845475463,0.36589925803416484,0.39096281780946307,0.9358927278155821,0.2602992972506063,0.9802296175305323,1.5061637620049189,0.7316498081052236,1.5061637620049189,0.026892200677396175,-0.00021585722542956194,1.0,1.0,0.0,0.0,0.0,3915.376220703125,0.0018900956986283024,0.004918891243063994,0.3201130327543572,0.3746,0.43148709646006816
2022-12-05,457.1338366316109,474.4914996039788,457.1338366316109,471.8927612304688,14599958.0,0,1,0.04359143809942645,0.06767255260138727,0.09775286610168155,0.053184625461760726,0.21653392928328752,0.04266807004922177,0.9444444444444444,0.8111111111111111,433.23030242919924,0.08924227733951733,408.29314086914064,0.1557695047875224,408.27067291259766,0.15583310910869985,430.63554458618165,0.09580541402808074,441.26080593057617,429.41449822019945,0,1,1,70.4925307188324,1,0,11.84630771037672,8.972031675706205,2.8742760346705154,0,464.72256264701474,401.73804221138374,433.23030242919924,0.14538346021149862,1.113840647414024,12.983279794871994,0.027513199738469944,25.789401936404165,38.85990278422566,12.446170179688124,1,95.22093315369943,88.31387307695756,9331129.0,9206769.566666666,1.013507390668664,0,787148774.0,435.4393871474197,38751782.75273071,0.36124341914819363,0.3815956085738902,0.39949811071212626,0.9551875173919497,0.2675321737173435,0.9945231086843938,1.5718196064039556,0.7635434754256997,1.5718196064039556,0.03678306682880129,0.010952057688586102,0.0,0.0,0.0,0.0,0.0,3923.261474609375,0.0020139198538713377,0.002371745002512471,0.3197389192593292,0.3484,0.4192735842813226
2022-12-06,468.2643304378428,468.2643304378428,458.1635620872827,460.9093933105469,7409338.0,0,1,-0.023275135416959136,0.014242569316901932,0.06660621913696096,0.05051406963669214,0.1797189232627434,-0.023550279104165843,0.8777777777777778,0.7444444444444445,434.8238723754883,0.05999100461653739,410.18385009765626,0.12366538370736418,409.3042300415039,0.12608020997928646,430.1523974609375,0.07150255591078614,444.28366552749475,431.74745341207705,0,1,1,63.82749062123626,0,0,12.536212115417698,9.684867763648505,2.8513443517691925,0,468.567921290287,401.07982346068957,434.8238723754883,0.1552078947756546,0.8865203165293327,13.036559748323002,0.028284430600743607,27.624634864226618,35.93672062623934,11.50992433248301,1,75.02257458791438,82.70022831962774,9703887.285714285,9248526.7,1.0492360135278938,0,779739436.0,436.9819812082819,38579329.40743069,0.42412669465516867,0.39141091773641257,0.4021869546679776,0.9732063986499485,0.265633497815576,0.9713754486544693,1.5352352922138721,0.7457718976384309,1.5352352922138721,0.021914867644614252,-0.007689100343825652,0.0,0.0,0.0,0.0,0.0,4024.4775390625,0.0257989596431889,0.03350331155971897,0.32366623735155986,0.2971,0.36222640530607225
2022-12-07,460.9093745559242,462.9687628532328,454.1428386596087,455.3196105957031,5510513.0,0,1,-0.012127725743869888,0.006939894516357015,0.07688739329946936,0.054149026171168346,0.1654116157065595,-0.012201866659963954,0.9111111111111111,0.7,437.13822479248046,0.0415918461760094,412.2147930908203,0.10456882728948023,410.2682849121094,0.10980942797770724,429.51327407836914,0.06008274499247573,445.9815032302961,433.49353912938267,0,1,1,60.682859007738216,0,0,12.487964100913416,10.245487031101488,2.242477069811928,0,469.7649753342144,404.5114742507465,437.13822479248046,0.1492742967386236,0.7786269778837808,12.735800065844513,0.027971121316698898,28.813507334462884,34.15784998277293,13.1951997068553,1,64.74299218637682,78.32883330933022,9689217.57142857,9226989.666666666,1.050095201301866,0,774228923.0,439.3657100311172,38512499.41705866,0.3977574066475437,0.3944888182537321,0.40245495598135633,0.9802061383286997,0.2631170247449455,0.9595948736188594,1.5166163796375924,0.7367273805963866,1.5166163796375924,0.019384019462893354,-4.069047611229357e-08,0.0,1.0,0.0,0.0,1.0,3992.03662109375,-0.00806090173292584,0.029116306118287305,0.32599199587228134,0.3078,0.3754718347546106
2022-12-08,456.0551152701974,463.8023395242847,452.3776467675543,462.5274658203125,4902003.0,0,1,0.015830320190204805,-0.019846236644393778,0.08189010293378307,0.0753533490870093,0.14367128586786726,0.01570632752214723,0.9444444444444444,0.6666666666666666,439.91103515625,0.05141137379295213,414.18493591308595,0.11671725771641998,411.24028350830076,0.12471342027702041,428.88006576538083,0.07845410113637341,448.5270359364524,435.64420036574785,0,1,1,63.20053219900529,0,0,12.882835570704572,10.772956739022105,2.109878831682467,0,471.1763500433613,408.64572026913874,439.91103515625,0.1421438081270514,0.8616856370345689,12.642149543764933,0.027332754221078597,29.6905526726189,31.95296419895273,13.340790265993043,1,77.99820182502127,72.5879228664375,9458242.57142857,9065311.566666666,1.0433444567097638,0,779130926.0,440.8676357494638,38590099.69412201,0.3989671944101976,0.3859625309104009,0.39414563494520904,0.9792383745770882,0.264468572539597,0.9747855677211251,1.5406249025329648,0.7483900109241184,1.5406249025329648,0.024700571535721035,0.0016153590958491886,0.0,0.0,0.0,0.0,0.0,4017.68994140625,0.006426123492191627,0.037799089680789155,0.3259834722541187,0.3129,0.37332256876264375
2022-12-09,464.8320080038669,466.7933244933347,452.96603725712384,453.8976745605469,5405738.0,0,1,-0.01865790011942381,-0.015212792040616319,0.026958090126775858,0.07502040239869046,0.1429805493059153,-0.018834154539164007,0.5888888888888889,0.6666666666666666,441.5291213989258,0.02801299520727646,415.60296813964845,0.09214252389080836,412.07448150634764,0.10149425633277169,428.31302947998046,0.0597335203919176,449.35328803246693,436.9963095653626,0,1,1,58.38035425681759,0,0,12.35697846710434,11.089761084638553,1.2672173824657875,0,472.13300092936095,410.9252418684906,441.5291213989258,0.13862677702195894,0.7020749223855872,12.726802236082499,0.028038923637148595,30.667487427202044,31.15193076643346,12.305478356393213,1,61.713770583051165,68.15165486481644,8241720.285714285,9026515.4,0.9130566913688847,0,773725188.0,443.16498410373504,38489239.97444624,0.4006209916653823,0.38627520454263303,0.39148462972846504,0.986693155260156,0.26400082207044906,0.9565981159607285,1.5118800769800076,0.7344266248499216,1.5118800769800076,0.03046344586276655,0.0049824980219654895,1.0,0.0,0.0,0.0,1.0,3989.541259765625,-0.007006185656719066,0.02013843680947347,0.3277511712152,0.3216,0.3819467557021444
2022-12-12,450.1221522928514,457.918397620484,445.6601690722037,453.0151062011719,4809486.0,0,1,-0.0019444214166319806,-0.005061289566500871,-0.003129005567325205,0.07268092278429661,0.13878967494427785,-0.0019463142580069053,0.4,0.6666666666666666,441.84293365478516,0.025285393734769134,417.1916345214844,0.08586814479340348,412.8434927368164,0.09730470304388317,427.56690963745115,0.059518629693067544,449.91664467380616,438.1828870939411,0,1,1,57.894048953570774,0,0,11.733757579865085,11.21856038368386,0.5151971961812247,0,472.7984356660046,410.8874316435657,441.84293365478516,0.14011993698831077,0.6804553604450916,12.693332686953768,0.028019667585471197,30.63005891938716,29.003066496658025,15.567840387036792,1,60.072977063056285,66.59498315704292,7036870.285714285,9044899.033333333,0.7779932379323614,0,768915702.0,443.9542206924762,38479888.30686484,0.36388202589191854,0.38664713990364685,0.39152423731208036,0.987543306534696,0.26705617777266494,0.9547380860969445,1.5089403449789485,0.7329985899916187,1.5089403449789485,0.02705920482668567,-0.008318003107971058,0.0,0.0,0.0,0.0,1.0,4009.405029296875,0.004978960797216381,0.025950754682633193,0.3277638957715212,0.322,0.3828675879592767
2022-12-13,455.31962635347554,456.9867573964489,448.4550184097521,449.2395629882813,4359377.0,0,1,-0.008334254556213283,-0.02872889463648287,-0.00650613845477277,0.05711320928148367,0.10545366670328837,-0.008369178635196785,0.37777777777777777,0.5666666666666667,441.9017761230469,0.016605017815522934,418.44785766601564,0.07358552507357341,413.6247933959961,0.08610404927585744,426.9467021179199,0.05221462248045246,449.8124782606485,439.0019001231515,0,1,1,55.75442526241343,0,0,10.810578137497032,11.136963934446495,-0.326385796949463,0,472.9114858471199,410.8920663989739,441.9017761230469,0.1403466172783084,0.618314342999768,12.396075994078274,0.027593464635263285,30.595303876416196,27.57723168708081,14.802501703407017,1,53.05381897477125,58.28018887362624,6713773.285714285,8940769.866666667,0.7509166867995162,0,764556325.0,443.9459054602372,38443556.149240345,0.36621771091357325,0.38487436225048427,0.3897371390103867,0.987522932065828,0.2663430731391246,0.9467810558529007,1.4860231392351115,0.7268895931532832,1.4963644520337536,0.01899151296903784,0.00508707131563134,0.0,0.0,0.0,1.0,1.0,4052.825927734375,0.010829761054376386,0.035105108496206405,0.27086618709965155,0.2951,0.4226974189290917
2022-12-14,452.7208708347159,461.8410104296352,452.1324699048317,460.222900390625,6639699.0,0,1,0.024448731383505118,0.013935356324973558,-0.02472990009300935,0.07060554739617242,0.11393306407925108,0.024154644871200573,0.2222222222222222,0.6111111111111112,442.97559509277346,0.03893511400834485,419.92374755859373,0.09596778716690263,414.45033447265627,0.11044161896071197,426.39064285278323,0.07934568477273735,451.41408166526026,440.57382606889024,0,1,1,60.34570041390397,0,0,10.840255596370014,11.077622266831199,-0.23736667046118498,0,474.99616801075695,410.95502217479,442.97559509277346,0.14457037034411496,0.7693160010289051,12.410745383169392,0.026966814064740108,30.894158093012912,28.370969368063452,13.728933474211747,1,73.4730744876756,62.199956841834386,5576593.428571428,8776934.5,0.6353691517888652,0,771196024.0,444.79738229149535,38605888.36655867,0.28044583956458385,0.38777301851560186,0.3887574657313349,0.9974677085264946,0.26358196140476886,0.9699286515664397,1.5223545197959438,0.744661121561753,1.5329486645733525,0.021095300813069463,0.007749334950104182,0.0,0.0,0.0,0.0,1.0,4048.433837890625,-0.0010837104583480972,0.03190517993545483,0.2711991317447007,0.2864,0.41288285254809504
2022-12-15,457.9673843218293,461.5467808048348,450.12211863751526,452.08343505859375,3986930.0,0,1,-0.017685919855623622,-0.0020566006074075327,-0.01914900928479546,0.04618176674348673,0.12343116208802907,-0.017844184550457012,0.2777777777777778,0.6444444444444445,443.98321838378905,0.018244420823587727,420.87204406738283,0.07415885999359437,415.15804077148437,0.088942982336296,425.76594863891603,0.06181209771192172,451.51705911038846,441.42638969775714,0,1,1,55.730381343538646,0,0,10.090669412631314,10.880231695991222,-0.7895622833599081,0,475.80813107520066,412.15830569237744,443.98321838378905,0.1433608811038504,0.6272621979099828,12.340310867751544,0.027296534026185097,30.894922128236065,26.494837305177885,13.98469630561566,1,58.34089596444205,61.62259647562964,5087678.0,8666349.766666668,0.5870612353506326,0,767209094.0,445.6911568015714,38535375.84210869,0.26504472253084344,0.38282742650955226,0.39092159057816794,0.9792946609660405,0.26555298393386023,0.9527745711691625,1.4954302797669863,0.731491104646213,1.5058370573489228,0.025271136434890155,-0.004900920981727098,0.0,0.0,0.0,1.0,1.0,4036.406005859375,-0.0029709839688319972,0.0029639789714552833,0.27198716388548827,0.2983,0.42352394703182605
2022-12-16,449.1414722093938,453.7995988316528,443.7968728508236,447.9156494140625,6460140.0,0,1,-0.009219062945739376,-0.00294701019966348,-0.016261019752595085,0.059376106125706096,0.06085245345213797,-0.009261821505332661,0.32222222222222224,0.45555555555555555,444.87316436767577,0.006838994324845806,421.76738525390624,0.061996885189249194,415.60396881103514,0.0777463234902809,425.14325119018554,0.05356405907920635,450.96299608018444,441.9070756026686,0,1,1,53.475097726669304,0,0,9.055920477515826,10.515369452296143,-1.459448974780317,0,476.0543445939423,413.69198414140925,444.87316436767577,0.1401800905234918,0.5487872015156083,12.173340518685665,0.027177752183050824,30.065715820630512,24.93979638215463,16.875319072887848,1,47.48060398538408,59.76485814583392,5223339.0,8437771.6,0.6190424732520611,0,760748954.0,446.4975416822562,38475819.4048104,0.2612060574463693,0.3607630937609321,0.3823127727307429,0.943633379507862,0.2553740833163885,0.9439908824244542,1.4559045119988292,0.7247474421082312,1.4919546507311963,0.022331718023056803,-0.006507566128404295,1.0,0.0,1.0,1.0,1.0,3973.570068359375,-0.01556729858413286,-0.004625847527750304,0.20066513045347883,0.1007,0.18226765891291
2022-12-19,450.1221269521982,454.0447598668143,446.24851497808913,451.2498779296875,3690005.0,0,1,0.007443875917232834,-0.019497122923091026,-0.024382525847678527,0.05551088953465255,0.051771367188058415,0.007416307001423262,0.23333333333333334,0.43333333333333335,446.3245391845703,0.011035330376671029,422.8000177001953,0.06728916518084391,415.9962677001953,0.08474501568100405,424.5289649963379,0.06294249659403126,451.0071317493388,442.59913503429965,0,1,1,55.04251918569172,0,0,8.407996715039133,10.093894904844742,-1.6858981898056093,0,475.71747868674703,416.9315996823936,446.3245391845703,0.13171106189176723,0.583784385443185,11.860690830831341,0.02628408651376841,29.317018929470606,23.91648417151069,16.08300121537671,1,48.14003131275665,51.320510420860934,5050196.428571428,8231171.8,0.6135452583520888,0,764438959.0,447.56901571273477,38503287.344164364,0.24111087091970837,0.35870947663018693,0.35989921192676605,0.9966942542324287,0.25209959809885424,0.9510178334202208,1.4275147725756723,0.7301423721386167,1.5030605760253777,0.01727700165702855,0.004926100575012447,0.0,0.0,1.0,1.0,1.0,4067.8984375,0.02373894697157608,0.012496856857046712,0.18912091310074866,0.0655,0.1251156787157793
2022-12-20,449.1415067517932,450.3673296413996,435.65745496612254,448.2098693847656,7580480.0,0,1,-0.006736862863806814,-0.008568253940395065,-0.0125310295570209,0.014089247945575423,0.04468572772323398,-0.006759657960405977,0.4,0.43333333333333335,447.61900939941404,0.0013200064629613532,423.99642150878907,0.05710767036620999,416.4125845336914,0.07636004777973163,424.05034210205076,0.05697325266371486,450.5767836932506,443.01474498618603,0,1,1,53.28002039625574,0,0,7.562038707064573,9.587523665288709,-2.025484958224135,0,474.754474923457,420.4835438753711,447.61900939941404,0.12124357971504182,0.5108872277283775,12.127243126026599,0.027057064010377628,27.369953674977396,21.720036688244825,20.844023481659804,1,32.32322189382951,42.64795239732342,5360873.857142857,8154254.5,0.657432737369536,0,756858479.0,448.4804991131792,38452218.689962536,0.21876241576392078,0.359519081070556,0.3604643742120287,0.9973775684669558,0.25362283629357874,0.9446109566954342,1.4178978013167716,0.7252235031064642,1.4929346630487002,0.032819167269717904,-0.004672291962864129,0.0,1.0,1.0,1.0,1.0,4157.7353515625,0.022084355212592444,0.04215875481552378,0.19867488646507037,0.0405,0.07383084905493294
2022-12-21,450.41633165934456,454.9273656890037,443.1594664432749,448.3079223632813,5557133.0,0,1,0.00021876577294088762,0.0008757741546470132,-0.010390787798145174,-0.013487280532601065,0.09602013074659399,0.00021874184719854114,0.4222222222222222,0.5777777777777777,448.78599243164064,-0.0010652517601296334,425.1133917236328,0.05456080916577509,416.8702093505859,0.07541367146784148,423.5092892456055,0.058555110235833256,450.22772810402455,443.40683219930423,1,1,1,53.33192681485567,0,0,6.820895904720317,9.03419811317503,-2.2133022084547136,0,473.7396982691124,423.83228659416886,448.78599243164064,0.11120536851993097,0.4904208603028125,12.10157570600533,0.0269938921494208,26.007115564158482,22.902907452162687,19.39621693051991,1,32.57571420934819,37.67965580531146,5467680.571428572,7876206.7,0.6942022701649732,0,762415612.0,449.4733495490384,38453434.40045862,0.2190876517055878,0.32796262751260774,0.3515724556615637,0.9328450572029919,0.24760666142466783,0.944817605241504,1.4123468101423522,0.7253821571866762,1.4932612660542122,0.026249590200622928,0.0049228328631130665,0.0,1.0,1.0,1.0,1.0,3894.86328125,-0.0632248202651261,-0.028568265667826998,0.2723183956643517,0.0872,0.10628200000107409
2022-12-22,450.5634312769552,454.0447559880111,438.5503680785682,446.6898193359375,4435416.0,0,1,-0.003609356307633149,-0.010105395739210654,-0.0056756881236890155,-0.012144899765702877,0.09732586115913056,-0.0036158857502355548,0.4777777777777778,0.5888888888888889,449.626904296875,-0.006532271385162137,426.17152221679686,0.04814563162834428,417.2392578125,0.07058434931995797,422.9402252197266,0.05615354771202594,449.68343444739577,443.65001643164743,1,1,1,52.29929775898024,0,0,6.033418015748339,8.434042093689692,-2.4006240779413535,0,472.97895450286904,426.274854090881,449.626904296875,0.10387301108020609,0.43711291010791814,12.343919434822297,0.02763420812494258,24.240578745662006,20.84945841718509,20.324246592760282,0,28.409001618802204,31.102645907326643,5478543.285714285,7838239.5,0.6989507383276927,0,757980196.0,450.10662412190317,38437425.403742045,0.21463211479704486,0.32773265849586347,0.34811959007068294,0.9414369884479065,0.25286302295039537,0.9414074218584628,1.4072491472745994,0.72276399452219,1.4878715540846352,0.0346871301711718,0.005031160060219013,1.0,1.0,1.0,1.0,1.0,3861.524169921875,-0.00855976421268001,-0.04720206621838363,0.27327891016384076,0.0917,0.1113495417469042
2022-12-23,444.1401375150065,444.1401375150065,419.3294945277482,421.2417602539063,7766201.0,0,1,-0.0569703135832893,-0.06016848573164402,-0.08470056597277653,-0.10733582953145782,-0.0006978988466570524,-0.05865751602053101,0.06666666666666667,0.36666666666666664,449.08264007568357,-0.06199500345211576,426.8069891357422,-0.013039216843906711,417.45974609375,0.009059590045615901,422.2439208984375,-0.002373416394956852,445.307792263782,441.9901456036666,1,0,0,39.38387361729298,0,0,3.317646660115429,7.4107630069748405,-4.093116346859412,0,474.56249187526737,423.6027882760998,449.08264007568357,0.11347511360176246,-0.046331274623662294,13.416519818634228,0.031849928199301346,24.048183685745837,17.812435179732894,27.596780673815314,0,3.907779990662339,21.630831939604253,5639472.142857143,7628420.133333334,0.739271309692916,0,750213995.0,449.56386705158485,37994982.49742119,0.3453525289844322,0.3594598205345287,0.3566382582073408,1.007911552566936,0.2678489209868781,0.8877751458255503,1.327077722064549,0.68158790310755,1.4031070450767775,0.05889882088685488,-0.005707947015048297,1.0,1.0,1.0,1.0,1.0,3635.585205078125,-0.0585103070449825,-0.10197736935911206,0.31962362200011235,0.3069,0.3464649945509566
2022-12-26,422.6636907177373,436.7851630300366,420.8004460944676,434.382568359375,3939359.0,0,1,0.031195406878814724,-0.031062029710512307,-0.03915398204520493,-0.057553231364280144,-0.027658871436945454,0.030718718481267136,0.2,0.3111111111111111,449.6612289428711,-0.03397815866717128,427.8788488769531,0.015199908804775255,417.70863739013674,0.03991761116891852,421.5494284057617,0.030442788173492115,443.62698858618097,441.42662136334866,1,1,1,46.70312484878424,0,0,2.2003672228323126,6.368683850146335,-4.168316627314023,0,473.07060754294247,426.25185034279974,449.6612289428711,0.10412006681165521,0.17366368743659158,13.599962469843856,0.031308720608218064,23.869531130109394,16.3170175326383,25.27993222461628,0,31.714831783572876,21.34387113101248,5632676.285714285,6755229.166666667,0.8338246041316316,0,754153354.0,450.0721365942418,38117872.40426791,0.4277310125310201,0.32845361486512786,0.3572143278148156,0.9194861160087687,0.25835433115330747,0.9154696527164773,1.3684764515641632,0.7028503150686681,1.446877540242479,0.0367987071763535,0.003375568611654124,1.0,1.0,1.0,1.0,1.0,3709.999755859375,0.020468383103030785,-0.08086556444673265,0.32634429585525504,0.3602,0.3618030325931508
2022-12-27,439.2858840136368,463.2629607585407,438.1090821187208,461.8900451660156,13898138.0,1,0,0.06332546195519306,0.03402859248656087,0.03119872183575989,0.014430379051137976,0.030860259339949403,0.061401225551269326,0.7222222222222222,0.4444444444444444,451.3798324584961,0.023284630707301142,429.39984924316406,0.07566419965008594,418.2326034545898,0.1043855532801999,420.97546768188477,0.09718993296552011,446.4366895984632,442.94243053391654,1,1,1,58.106604707128135,0,0,3.494259064546668,5.793798893026403,-2.299539828479735,0,472.9163061192779,429.84335879771425,451.3798324584961,0.09542505939390676,0.7440096014107165,14.691421750509702,0.03180718420815762,22.923791474251267,26.899178725970824,21.730269148776497,0,89.66944022243005,41.76401733222176,6695247.428571428,6823781.2,0.9811638492411551,1,768051492.0,451.4871286165451,38997978.41343493,0.5844693116749902,0.37486925243092417,0.3717203544799358,1.0084711474984842,0.272798099202844,0.9734421913807083,1.4500308347074282,0.7473586359557445,1.5385017288709273,0.054458585767482734,0.011288012023091069,1.0,1.0,0.0,1.0,1.0,3762.80322265625,0.014232741313117359,-0.05304218676837058,0.328352349109244,0.3828,0.4391628692658005
2022-12-28,458.6047840264905,464.5377838701274,454.97636677910526,456.9376831054688,7519133.0,0,1,-0.01072195019653821,0.08473975331896466,0.01260455781589731,-0.01208529898852595,0.041461666905244776,-0.010779844503008628,0.5777777777777777,0.4666666666666667,452.1275833129883,0.0106388107472547,430.8835845947266,0.06046667694534652,418.525329284668,0.09178023678149701,420.3038639831543,0.08716031962005176,448.05222706107946,443.97911590958705,1,1,1,55.792117351787574,0,0,4.073111151492412,5.449661344719605,-1.3765501932271924,0,473.3261130739412,430.9290535520354,452.1275833129883,0.09377233570055418,0.6134536179329895,14.324992846260589,0.03134999229852124,22.132039834819572,26.252397270857525,20.694256829700496,0,79.23546963021803,66.87324721207366,7242265.714285715,6836486.0,1.0593550128363773,0,760532359.0,453.2137875416991,38917358.64388778,0.5906746756958556,0.3707964128424632,0.3727436834709418,0.9947758454003945,0.2716309233883048,0.9630049926855153,1.4344836763142503,0.7393454938820742,1.5220059899566851,0.020924991403729748,-0.007112647639643994,1.0,0.0,0.0,1.0,1.0,3790.802734375,0.007441131003120827,-0.0681176551928111,0.3222559567630931,0.3488,0.4033696402423202
2022-12-29,450.41632628594033,463.0668417660322,446.4446723088143,460.8113098144531,8427104.0,0,1,0.008477363220862344,0.060842085710062443,0.02811504451471558,0.01523170450388367,0.06686332454258337,0.00844163217197681,0.6777777777777778,0.5333333333333333,452.44629669189453,0.01848841107490592,432.34868774414065,0.0658325626447983,418.88228881835937,0.10009738323950838,419.5860357666016,0.09825225468366984,450.0151628692908,445.2259450877253,1,1,1,57.2272324283443,0,0,4.789217781565526,5.3175726320887895,-0.5283548505232636,0,473.980044233831,430.91254914995807,452.44629669189453,0.09518808176520648,0.6942303146785744,14.4890768899004,0.03144253750137874,20.686577350066802,24.101161947614163,23.204453240239022,0,91.75710005868108,86.88733663710974,7363212.0,6899595.366666666,1.0671947568944635,0,768959463.0,453.5198255784263,38988798.26539576,0.5884718040505468,0.367755273786149,0.3618763411409241,1.0162456949428906,0.27723146958285355,0.9711687357920142,1.3894226792912576,0.7456131941794204,1.534908587557876,0.036071531021907605,-0.014271873519399013,1.0,0.0,1.0,1.0,1.0,3803.679443359375,0.0033968290851984495,-0.08515595108045271,0.3186817366972929,0.3799,0.44051301649279034
2022-12-30,464.7829810027568,472.9714532976725,462.6745418622168,464.194580078125,8024424.0,0,1,0.007341986170074977,0.004989358260105048,0.03543693279185489,0.024677927344852524,0.07922930680396312,0.007315164990093921,0.7222222222222222,0.5777777777777777,453.0469497680664,0.024605905228510097,433.90989562988284,0.06979486928796488,419.24611297607424,0.10721260307693276,418.8814797973633,0.10817642332308947,452.19661167064993,446.63102916108824,1,1,1,58.49457914062432,0,0,5.565582509561693,5.367174607583371,0.1984079019783227,1,475.21056251699986,430.8833370191329,453.0469497680664,0.09784245434288853,0.7514849550102125,14.322724503708898,0.03085500158424588,20.045374221403343,27.57908945658847,21.79725149501893,0,83.63804487976962,84.87687152288959,7715682.142857143,6962786.933333334,1.1081313009765432,0,776983887.0,454.2647941608944,39047713.47542658,0.5881166819967849,0.3675383197614079,0.3618133478287352,1.0158229981481572,0.27734864702417755,0.9782990432190085,1.3983947082280224,0.7510874759393111,1.5461778651800555,0.022182317238005428,0.008618866559292735,0.0,0.0,1.0,1.0,1.0,3851.342529296875,0.012530784112397386,-0.011173884372947196,0.3212607971192747,0.3828,0.44002009429584527
2023-01-02,466.7442952555131,481.50318960548896,465.9597507172828,477.6295776367188,11255811.0,0,1,0.028942598934120767,0.04528384350054582,0.06926452531821137,0.06319571335078078,0.13122752004769245,0.028531671947198644,0.8888888888888888,0.7888888888888889,453.3337905883789,0.05359359384352653,435.7044995117187,0.09622365197509847,419.744287109375,0.1379060830725739,418.20765869140627,0.14208711320889447,456.10937566542975,448.9272179370609,1,1,1,63.16231244611372,0,0,7.18215772836885,5.730171231740466,1.4519864966283835,0,476.64323140458737,430.02434977217047,453.3337905883789,0.10283566458152295,1.0211576553875452,14.536002005398545,0.030433630340318898,19.9855132761956,29.42582410754948,19.943331852912806,0,93.76969317341256,89.72161270395442,8690024.285714285,7125564.966666667,1.219555828396225,0,788239698.0,454.534983160143,39373485.898877844,0.5999064805647318,0.36940016978940604,0.36497528679629787,1.0121237879746576,0.2758367576723007,0.9919551686211177,1.4388678854198629,0.7728258995198637,1.590928271012777,0.03254287342319565,0.00549277239936537,0.0,0.0,1.0,0.0,1.0,3834.2236328125,-0.004444916637290186,-0.007069886373371359,0.3212589821496465,0.3695,0.42691566602398695
2023-01-03,477.0902398564663,479.0025354198282,469.2449738362161,470.6178894042969,5906501.0,0,1,-0.014680180124345132,0.021281117413963546,0.1172156557332511,0.022586857378998015,0.11436202672857654,-0.014789000281422125,0.9888888888888889,0.7444444444444445,453.81921539306643,0.037016224614201516,437.3029724121094,0.07618269047755723,420.24442291259766,0.11986706722381865,417.4934342956543,0.12724620495713396,458.34145470217857,450.53393434204133,1,1,1,59.40730540705474,0,0,7.807520360137232,6.1456410574198195,1.6618793027174128,0,478.173854931549,429.46457585458387,453.81921539306643,0.10733190095262174,0.8448762603258202,14.194684832413797,0.030161804623239627,19.92992811278841,27.980996120032543,18.964100687793668,0,82.49211312343377,86.63328372553866,8424352.857142856,7118847.766666667,1.1833871341636344,0,782333197.0,454.92080320657067,39286777.400293216,0.42161889391571533,0.3733151434780861,0.3609850661498435,1.0341567518561126,0.2765770983905069,0.9773930880704845,1.4177450456867637,0.761480676110153,1.5675731574293963,0.020733511843255874,-0.0011291967782252736,0.0,0.0,1.0,1.0,1.0,3823.9921875,-0.0026684529365844645,0.05182301384621968,0.32009227942241736,0.3714,0.43525353419244633
2023-01-04,467.7739946855109,468.2153028778385,451.1028040992349,452.5737915039063,9899885.0,0,1,-0.03834129196242542,-0.0250343047354471,0.04187834519519962,0.0010846591741389133,0.06495903876093712,-0.03909566461309834,0.7333333333333333,0.5333333333333333,453.6819244384766,-0.002442532697201498,438.5405633544922,0.031999840658001884,420.4655612182617,0.07636351998155055,416.842039642334,0.08572012528350427,457.4541219024444,450.6850348725498,1,1,1,51.00393215641239,0,0,6.769087029894592,6.270330251914774,0.49875677797981854,0,478.03190828051197,429.3319405964412,453.6819244384766,0.10734385714032328,0.4772457151972046,14.574713437602952,0.032204059782540796,18.608845199426174,25.304876235407956,26.041578389277106,0,53.470035735515005,76.57728067745379,9275856.57142857,7247809.5,1.2798151733194105,0,772433312.0,454.99101357874133,38907203.01911378,0.5156931955558258,0.39313550462297625,0.3708825266648299,1.060000071069017,0.28237397934552216,0.9399185743187175,1.3538749278497835,0.7322845231836687,1.5074703773279348,0.037811510741129366,-0.00604289548445714,1.0,1.0,1.0,1.0,1.0,3820.099365234375,-0.0010179995341910164,0.029676446528362765,0.3064136726392572,0.3761,0.4841605019157614
2023-01-05,454.2899411981265,458.4087178814803,449.7789071942903,456.6925659179688,7087634.0,0,1,0.00910077978748114,-0.043835249530284615,-0.011252633180649507,0.019595020882587466,0.0623930145835252,0.0090596172434544,0.36666666666666664,0.5333333333333333,453.3901794433594,0.007283762693457231,439.58594604492185,0.03891530206313467,420.7367132568359,0.08545927067501687,416.35845809936524,0.0968735161589481,457.3369594432943,451.13003717221045,1,1,1,52.65037939548728,0,0,6.20692227108384,6.2576486557485875,-0.050726384664747215,0,477.43179334048114,429.34856554623764,453.3901794433594,0.10605264510421622,0.5686806320228939,14.150077526859171,0.030983814020307067,17.476645834574654,24.202528456950155,25.57543151872698,0,60.09466116418297,65.3522700077106,8302927.428571428,7326278.366666666,1.133307664959654,0,779520946.0,454.82517650041336,38971706.01536205,0.34694679312740845,0.39269758013641,0.3711309386738522,1.0581105998320188,0.28294864405581044,0.9484725662817555,1.3638175124340066,0.7389488833709439,1.5211895332681475,0.018896323985138155,0.00379197763201753,1.0,1.0,1.0,1.0,1.0,3822.844482421875,0.000718598372723589,0.01595652395642433,0.30606745974424876,0.3742,0.48170085805866003
2023-01-06,457.9674075031753,464.832015324422,452.1815297535875,453.7015380859375,6004013.0,0,1,-0.006549324546194946,-0.03594498147907621,-0.00708224587111661,0.005433043367231605,0.04992627439991093,-0.006570865476072854,0.4,0.4888888888888889,453.38037261962893,0.000708379730805017,440.71762512207033,0.029460843460188083,421.0828854370117,0.07746373404626315,415.85506271362306,0.0910088123620543,456.7776638498548,451.32051872137544,1,1,1,51.30216362255686,0,0,5.45714512847934,6.0975479502947385,-0.6404028218153988,0,477.42127488674697,429.3394703525109,453.38037261962893,0.10605179985278083,0.5066795634943336,14.042963815714554,0.03095198635419794,16.51244022975883,25.912362911532213,23.929759241434898,0,55.28390023338839,56.2828657110288,8086481.714285715,7366411.133333334,1.097750528434943,0,773516933.0,454.79561794158576,38932383.78564547,0.3431765475040203,0.39334732745687473,0.37055207062858836,1.061517013761703,0.28546502807974067,0.9422607116220139,1.354885428923292,0.7341092673106993,1.5112267693184998,0.02788283598112541,0.0027914655948997635,1.0,1.0,1.0,1.0,1.0,3817.3046875,-0.0014491290313660699,0.006991119027292214,0.30578380353850315,0.3754,0.48465293802290055
2023-01-09,461.8900315036054,464.8320062265584,457.1828839178066,461.6448669433594,6047398.0,0,1,0.01750782880510604,0.020043306991573306,0.0018088903443838067,0.029974791891653974,0.09184740965208538,0.0173563324623655,0.4777777777777778,0.6777777777777778,453.8118606567383,0.01726047061724094,441.9944421386719,0.04445853370826398,421.5952792358398,0.09499534193103681,415.30878509521483,0.11157019430138326,457.5264643257786,452.0852852563372,1,1,1,54.625230649290046,0,0,5.441179069441375,5.966274174124067,-0.5250951046826913,0,478.13329790642007,429.49042340705654,453.8118606567383,0.10718731420763114,0.6610309087865184,13.834928410350722,0.029968769071244048,15.617106453858424,24.4232916003426,22.554619579654496,0,68.05992849982758,61.146163299132986,7746523.714285715,7380884.366666666,1.049538690684593,0,779564331.0,455.16637375103767,39038260.59454581,0.35736934315424623,0.38943946853689876,0.36802990453074336,1.0581734357523302,0.2853319833098575,0.9587576508508695,1.3412416908295188,0.7469619266870168,1.5376850688814214,0.016569278370618865,0.01804819408859247,1.0,1.0,1.0,1.0,1.0,3848.298095703125,0.00811918637372977,0.011730392376162913,0.3066057233334433,0.3811,0.4857274096768045
2023-01-10,468.75466269368326,471.2063084190687,464.1455567590324,468.3133544921875,7092319.0,0,1,0.014445059452261377,0.025445539168916564,0.00887294809295125,0.04462431095004171,0.09542377639829058,0.014341723521334011,0.5333333333333333,0.6888888888888889,454.7655502319336,0.029790744381020966,443.2330133056641,0.05658500254634104,422.08217651367187,0.10953122531820089,414.7990084838867,0.12901271438400652,459.1859858898415,453.2873644589928,1,1,1,57.26189119435503,0,0,5.898621430848721,5.952743625468997,-0.05412219462027679,0,479.81697277102467,429.71412769284257,454.7655502319336,0.11017291228992455,0.7703998992295438,13.529679343590624,0.028890227480831594,15.266869078560592,26.555684793710764,21.416092569932633,0,78.78550551513925,67.37644474945175,7613365.857142857,7400000.733333333,1.0288331219817883,0,786656650.0,455.91662173750126,39140709.56415521,0.36558926318020585,0.39014829851053645,0.36817248221125043,1.059688915823635,0.284456519057319,0.9726069621177207,1.3309644016334405,0.7577518361265864,1.5598970211202683,0.015076981239820923,0.01540100683323791,1.0,1.0,1.0,1.0,0.0,3640.276611328125,-0.054055449760315954,-0.054803205989388704,0.34424635920691254,0.3011,0.34243827032664437
2023-01-11,472.579217751052,483.9058388079949,471.69663128712136,481.4541931152344,11383752.0,0,1,0.028059927176956156,0.06116940918115232,0.008007492956025652,0.07782665347282514,0.08930559982235597,0.027673460253108646,0.5222222222222223,0.6666666666666666,455.8271148681641,0.056221048312323975,444.59907104492186,0.08289518460687183,422.6911654663086,0.1390211872162008,414.38214462280274,0.16186037299817763,462.6118639245173,455.37379621130697,1,1,1,61.95362626250036,0,0,7.2380677132103415,6.209808443017267,1.0282592701930744,1,483.5130908431373,428.1411388931908,455.8271148681641,0.12147577479229459,0.9628169559605901,13.67702255589182,0.028407733802036435,15.775975558890613,31.025558767447933,19.67213484742013,0,96.2034925945623,81.01630886984306,7631643.142857143,7315412.666666667,1.043227975043897,0,798040402.0,457.6206488651678,39460136.816275746,0.36292720718411187,0.3866988789371225,0.37076979349518796,1.0429621984352435,0.28280825883232874,0.994933630685673,1.368311165818396,0.7790142974665033,1.603667617936454,0.025359022094862696,0.009108993407822332,0.0,1.0,0.0,0.0,0.0,3629.197021484375,-0.0030436120731242022,-0.05347278379214748,0.34236900386440944,0.2795,0.31663238776753605
2023-01-12,485.425844169383,486.0142451174757,472.87343027087866,476.2566833496094,7278634.0,0,1,-0.010795439815353358,0.031651638418504824,0.01198168210828121,0.1306017785666418,0.0480146622861215,-0.010854133373153801,0.5333333333333333,0.4888888888888889,457.03577728271483,0.04205558300308907,446.0759423828125,0.06765830231861376,423.20993377685545,0.12534381955392312,413.9708755493164,0.15045939576701656,464.711066912993,456.9206767400701,1,1,1,59.186081320779785,0,0,7.790390172922855,6.525924788998385,1.2644653839244704,0,486.10945083325777,427.9621037321719,457.03577728271483,0.12722712310795065,0.8305551676068744,13.638722005227908,0.028637334618181153,16.375411057377654,29.994563067684794,18.318280088635607,0,85.0375811345943,86.67552641476532,7827662.142857143,7116585.933333334,1.09991816528108,0,790761768.0,458.7142029727399,39381560.76099076,0.35638289247689314,0.38122421060028827,0.3715264626755577,1.0261024419496043,0.2829130952241622,0.9799233008787473,1.3535396449791277,0.7706044955029039,1.58635532068319,0.027591874940578336,0.008249281262772284,1.0,1.0,1.0,1.0,0.0,3640.575927734375,0.003135378482523432,-0.04796460106931766,0.3427013881780935,0.276,0.30797026320065884
2023-01-13,478.2179787105184,480.5225315308742,473.3146875724482,479.0515441894531,7445162.0,0,1,0.005868391851610255,0.022929497086218165,0.05850482989207362,0.10283326054907982,0.05942309566443704,0.0058512399103100975,0.8111111111111111,0.5333333333333333,458.5925720214844,0.04461252409254083,447.2125256347656,0.07119438014285441,423.6850625610352,0.13067838949465432,413.5395692443848,0.15841766983694244,466.9172941862945,458.5600002548392,1,1,1,60.21526751233497,0,0,8.357293931455274,6.892198617489763,1.4650953139655112,0,488.9175414384513,428.2676026045175,458.5925720214844,0.13225233580776888,0.8373288178243289,13.179373573313487,0.02751138939675637,16.932029734544194,28.822839643792825,17.60268513841635,0,85.46565653434153,88.90224342116606,7476987.428571428,7144056.133333334,1.0466025586899683,0,798206930.0,460.0905957161303,39425251.88900548,0.21378851302139265,0.3809017841370585,0.37126059048195076,1.0259688043985278,0.28030296069199256,0.9856738747928271,1.3614827460025545,0.7751267046451273,1.5956646753208457,0.01504607185980695,0.004118147691104012,1.0,1.0,0.0,0.0,0.0,3714.3916015625,0.02027582319209098,-0.0276714696570175,0.3486658125474449,0.2788,0.3054498766295163
2023-01-16,481.4541945692159,483.1703465593309,471.9417972816517,473.70697021484375,3294109.0,0,1,-0.011156573941646042,-0.016091298011680966,0.03725570671962952,0.02558384873737829,0.0038445365842110224,-0.011219275303801362,0.7,0.3888888888888889,459.7154266357422,0.03043522746559437,448.1059051513672,0.0571317288372459,424.2033401489258,0.11669787901372634,413.10777725219725,0.14669100002358812,467.9618597291482,459.6819980296543,1,1,1,57.24262434970901,0,0,8.279861699493893,7.169731233890589,1.1101304656033033,0,490.55433485142055,428.8765184200638,459.7154266357422,0.13416520929637515,0.7268488800130144,13.04002898076818,0.027527627416700333,17.6233898470215,28.500441300177684,16.520015450512155,0,68.89712466155814,79.80012077683135,6935055.285714285,6767194.5,1.0248050777488789,0,794912821.0,460.682169764111,39388500.91837514,0.24272122355827996,0.36238209145617123,0.3724914860420226,0.9728600653580821,0.2757481198527706,0.9746771313263521,1.3462932630765017,0.7664789462506095,1.5778625243845559,0.023703576226853096,0.005015431865120046,1.0,1.0,1.0,0.0,0.0,3613.225830078125,-0.02723616202497836,-0.054833162402398106,0.35631488904463393,0.2968,0.3023460873915165
2023-01-17,472.4321228913301,479.8360808795727,467.7249751531159,478.4631652832031,7819426.0,0,1,0.01004037383322065,0.0046329679156944525,0.054576908206503516,0.04710813525258306,0.038085081856487735,0.00999030414652302,0.7888888888888889,0.45555555555555555,461.22809143066405,0.03736778867713439,449.09440856933594,0.06539550738880537,424.6828823852539,0.12663633296423304,412.86496307373045,0.15888536949491155,469.5774451990028,461.0731956039912,1,1,1,59.17415919024188,0,0,8.504249595011572,7.4366349061147865,1.0676146888967857,0,492.65308482192415,429.80309803940395,461.22809143066405,0.13626660637162943,0.7742255764058884,12.97367731974594,0.02711531056328401,17.79184455718641,26.60004466667063,17.74010436961498,0,80.91695386557292,78.42657835382421,7194400.0,6780864.1,1.0609857230437638,0,802732247.0,462.2509108213784,39467010.878576346,0.2288602738637925,0.3563260185319893,0.37266004571654476,0.9561690946687117,0.27672418600535825,0.9844632540915599,1.3598105507269362,0.7741746814062587,1.5937048539868062,0.025312514327593464,-0.0026912150415170453,1.0,0.0,1.0,0.0,0.0,3632.74072265625,0.00540096121744571,-0.04834928829446494,0.34702529102785096,0.3638,0.3741730460823376
2023-01-18,479.0515528013249,494.2517556025952,479.0515528013249,493.2220764160156,12045667.0,0,1,0.030846493949177267,0.029580391501584202,0.06840151755988333,0.07033413874892269,0.08324364894084835,0.030380303502573168,0.8666666666666667,0.6333333333333333,463.47379913330076,0.06418545630485338,450.77819885253905,0.09415689949407034,425.31001373291014,0.15967661350610357,412.6745649719238,0.195184094880119,473.21508077085093,463.45459418265966,1,1,1,64.52897552698167,0,0,9.76048658819127,7.901405242530084,1.8590813456611865,0,497.33602382657045,429.61157444003106,463.47379913330076,0.14612357702460113,0.9392546200401816,13.17474253400638,0.02671158320758932,18.871979583562375,32.13872847746427,16.221553468188347,0,97.6847015124237,82.49959334651827,8051295.571428572,6998702.566666666,1.150398305219482,0,814777914.0,464.7741460221885,39838577.47280565,0.26299519828594636,0.3636584060882555,0.37666352104822953,0.9654728577809137,0.2800178641243352,0.9979166908869668,1.401755938651962,0.7980552560318631,1.6428650611220845,0.030818172032610915,0.0012297446508206782,0.0,0.0,0.0,0.0,0.0,3590.167724609375,-0.011719250366909129,-0.06707650100754137,0.3476347070464702,0.3344,0.3504061459811195
2023-01-19,483.61161177039696,493.2711015536805,481.5032025106504,489.2503967285156,7945795.0,0,1,-0.00805251807940166,0.03281232384362509,0.044707335452842445,0.05397696941264085,0.057775879019008824,-0.008085114711020941,0.7111111111111111,0.5222222222222223,465.60182800292966,0.05079140008324271,452.4217816162109,0.08140327590051001,426.0646298217773,0.14830089729149518,412.4643084716797,0.18616420058587477,475.6820524566455,465.3653943712416,1,1,1,62.16595951470818,0,0,10.316658085403901,8.384455811104848,1.932202274299053,0,500.3603925936693,430.84326341219,465.60182800292966,0.14930596273570013,0.8401833332882567,13.074253713222364,0.02672303139792291,19.874962108054344,30.072479363584677,15.178644427686097,0,88.75412964746008,89.11859500848557,8173220.714285715,7100162.3,1.1511315331884335,0,806832119.0,466.43571473200785,39774593.81491293,0.27939491078928225,0.3627808356145801,0.371947127577729,0.9753559275404449,0.2798066473013991,0.9898809486918627,1.3904682736130585,0.791628901654305,1.6296358605153816,0.024052916710377483,-0.019485065866177025,0.0,0.0,0.0,0.0,0.0,3457.259521484375,-0.03702005402532016,-0.050275599737179766,0.3596764712866982,0.3378,0.3414516787649955
2023-01-20,488.3678285250371,491.8491534843595,478.8064101954807,480.4735412597656,5664588.0,0,1,-0.01793939366720687,0.004201736146966617,-0.0020368539094518523,0.00595432895324155,0.05855034777375523,-0.018102255288931668,0.4111111111111111,0.5222222222222223,468.5634170532227,0.02541838259897723,453.6005334472656,0.05924377471135449,426.80061401367186,0.12575644336906797,412.2101676940918,0.16560332305129657,476.41920458020246,466.4845163629841,1,1,1,57.18256847121163,0,0,9.934688217218365,8.694502292327552,1.2401859248908131,0,496.9097030231797,440.21713108326566,468.5634170532227,0.1209923136903249,0.7100826228022599,13.072002968626395,0.027206499101600022,20.484690748812813,27.929253169510044,15.57047457985829,0,69.01881746738619,85.15254954242334,7356197.285714285,7108790.633333334,1.0348029172811553,0,801167531.0,468.93293442307794,39672974.54081839,0.2666694636813004,0.362423854727621,0.3719158189216053,0.9744781918082783,0.27882030326218354,0.9721230846696112,1.3655241158709521,0.7774275591491897,1.6004011812793988,0.027145601513626952,-0.0018039192392689035,0.0,0.0,0.0,0.0,0.0,3449.873046875,-0.0021365114662272866,-0.049411474094076535,0.3596868672909443,0.3315,0.3347515044016082
2023-01-23,484.4451832802209,490.67236925319287,481.6993521070486,484.6413269042969,5559031.0,0,1,0.008674329149537918,-0.017397334632850425,0.01760530371084057,0.02979792697160466,0.06981272869315891,0.008636923314478956,0.5333333333333333,0.6,471.07635498046875,0.028795696876763303,454.35858276367185,0.0666494378876434,427.43706176757814,0.13383084962301176,411.98366790771485,0.1763605323618253,477.684146476217,467.8294652919702,1,1,1,58.86871649941094,0,0,9.854681184246772,8.926538070711397,0.9281431135353753,0,495.2709750288402,446.8817349320973,471.07635498046875,0.10272058783071204,0.7803303357669629,12.8667761846836,0.026549069322815776,21.050867343802818,26.347962137629747,14.688909588993123,0,78.39034592507983,78.72109767997539,7110539.714285715,7133775.466666667,0.9967428534175874,0,806726562.0,470.4607296795755,39721195.40546488,0.2597980445800645,0.36274654018786695,0.3720704289691187,0.9749405272354348,0.27666250510035184,0.9805556002798994,1.3773691215136485,0.7841712216871716,1.6142835878971253,0.01851475854001243,0.008266099336171355,0.0,0.0,0.0,0.0,0.0,3430.109130859375,-0.0057288821203226314,-0.05781140156194431,0.35855148039725465,0.3347,0.33926949901233805
2023-01-24,487.0929504998391,488.269722409033,474.1972709476494,475.2760009765625,3293586.0,0,1,-0.01932424126426957,-0.028562870557481634,-0.007881288054876756,0.05016244842021589,0.05795668977836743,-0.019513395217365302,0.3111111111111111,0.5,471.7456527709961,0.00748358397121288,454.90284851074216,0.04478572190197935,427.9636749267578,0.11055220062287248,411.7324487304688,0.1543321456494945,477.31366255319324,468.38106052786594,1,1,1,53.74682788567764,0,0,8.932602025327299,8.927750861634578,0.004851163692720206,0,495.608607255395,447.88269828659725,471.7456527709961,0.10116873083717799,0.5739713141529573,12.952895847305033,0.027253418688699547,20.672906086477976,24.30329846517982,17.686028397323113,0,57.33182086333568,68.24699475193391,6517457.428571428,7098249.1,0.91817817841465,0,803432976.0,472.1511814773514,39657549.35497626,0.2889659699511612,0.36699439003425105,0.37302432985751616,0.9838349958953928,0.27938716004736897,0.9616071072870599,1.3507525082995637,0.7690177078067917,1.5830887823756505,0.029609009149354486,0.005058635034701359,0.0,0.0,0.0,0.0,0.0,3435.7490234375,0.0016442312366637957,-0.07501701705544073,0.3560213068406678,0.3348,0.3457464828845631
2023-01-25,474.7366623882984,486.21034589836944,474.7366623882984,479.6399536132813,7341066.0,0,1,0.009181933503379147,-0.0017349293455342085,0.0125245853903031,0.050246904390018665,0.04219054116206644,0.009140035824466196,0.5,0.4222222222222222,472.8807662963867,0.014293639747356876,455.72071716308596,0.052486611973875906,428.5152947998047,0.11930649718666689,411.48264282226563,0.16563836161724885,477.67155348551444,469.21505260826706,1,1,1,55.681777718384105,0,0,8.456500877247379,8.83350086475714,-0.3769999875097607,0,495.92359689875195,449.83793569402144,472.8807662963867,0.09745725453304963,0.6466657337705899,12.847237823216894,0.026785170264558945,20.321942061819197,22.752946560317174,16.557804265338323,0,65.2680685819077,66.99674512344109,7095594.142857143,7121628.0,0.9963443952502353,0,810774042.0,473.221728323465,39724954.53483218,0.2849026189999323,0.36161528388484726,0.37215556559319973,0.9716777533837181,0.2800312828751714,0.9704365198025466,1.363155028010293,0.7760787772627947,1.5976245983053694,0.02392145071242736,-0.0011347902842893853,0.0,0.0,0.0,0.0,0.0,3382.794921875,-0.015412680379522814,-0.0637742889705133,0.35698796641410796,0.3274,0.3321693280348753
2023-01-26,474.7366623882984,486.21034589836944,474.7366623882984,479.6399536132813,7341066.0,0,1,0.0,-0.010319741659182147,0.002459517086088825,0.057170658130832,0.060954497373070016,0.0,0.4222222222222222,0.5333333333333333,473.82219848632815,0.012278350709482487,456.6748968505859,0.05028753916861134,429.18753631591795,0.11755331417691997,411.2559161376953,0.1662809817249897,477.9743842744017,469.9872674975274,1,1,1,55.6817777183841,0,0,7.987116776874302,8.664224047180573,-0.677107270306271,0,496.3208821547452,451.3235148179111,473.82219848632815,0.09496677758151198,0.6292910112585817,12.749126800849334,0.026580618867978117,19.996046896064616,21.290324778826967,15.493423214385873,0,60.58201578520148,61.06063507681497,7027257.0,7233432.533333333,0.9714968609462757,0,810774042.0,474.5065088156704,39724954.53483218,0.2790537113532345,0.3570424058161543,0.36732653173247287,0.9720027685780983,0.2797177745986166,0.9704365198025466,1.363155028010293,0.7760787772627947,1.5976245983053694,0.02392145071242736,-0.010222858183612227,0.0,0.0,0.0,0.0,0.0,3382.794921875,0.0,-0.06880364437308106,0.3572904396900672,0.3341,0.33446703434332986
2023-01-27,483.9548348126183,485.2296785362345,458.89902909466366,469.73529052734375,4591590.0,0,1,-0.020650204411293394,-0.011657879711649888,-0.04761908886832067,0.01752521074815072,0.04871372800174423,-0.020866401402796757,0.1111111111111111,0.43333333333333335,474.09923400878904,-0.009204704771500198,457.46726806640623,0.026817268288485904,429.70728485107423,0.09315179678683413,411.1064784240723,0.14261223108917676,476.70683139023896,469.96860253677306,1,1,1,50.15844395390936,0,0,6.738228853465898,8.279025008437639,-1.5407961549717406,0,496.2322431708231,451.966224846755,474.09923400878904,0.09336867716442565,0.40141549552758066,13.719235560900868,0.029206312230658893,19.14715911312215,18.371648631644614,21.615231578353875,0,30.651840757597363,52.1673083749022,5962388.857142857,7171147.533333333,0.8314413877874001,0,806182452.0,474.84302697826917,39630137.26275933,0.20771835840437183,0.36176811516634344,0.3582044547158227,1.0099486770854036,0.2935430942885944,0.9503968073004398,1.335005598037598,0.7600525918730514,1.564633323777853,0.056054228780662754,0.008996083764147667,0.0,0.0,0.0,0.0,0.0,2756.434814453125,-0.18516053201200233,-0.23222672981022452,0.6313272876729782,0.3359,0.1927523530812141
2023-01-30,469.7353305166409,474.00120015084616,454.9764349212305,463.2139587402344,5804476.0,0,1,-0.013882993078480954,-0.03424651084486319,-0.053216999234706464,-0.01088885401844375,0.02651320564437043,-0.013980263142621997,0.07777777777777778,0.35555555555555557,473.37845306396486,-0.021472236976440944,458.287099609375,0.010750595281994268,430.1113165283203,0.07696296502753021,411.0150494384766,0.12699999519013055,474.6310048286998,469.4682585518443,1,1,1,46.862392909247696,0,0,5.162746276855501,7.655769262121211,-2.4930229852657106,0,495.96171811774565,450.79518801018406,473.37845306396486,0.09541315160252656,0.27495516481951787,14.098201965809066,0.030435615550426866,18.701091720031176,16.600823514342043,21.5191439006251,0,20.97379136846204,37.40254930375364,5656486.142857143,7241629.9,0.7811067702945083,0,800377976.0,474.3771762500671,39549553.76262712,0.21201461753345885,0.3640790608176552,0.3583870921584218,1.01588218098189,0.3005706265534772,0.9372024550028774,1.3164717245603086,0.7495007870007963,1.5429115301734844,0.04107122609464481,8.513155801216449e-08,0.0,0.0,0.0,0.0,0.0,2887.59619140625,0.047583703509109565,-0.1647730887826263,0.6464204881689735,0.2851,0.1608850980115714
2023-01-31,465.76363077262056,467.1365462869417,456.4963986781536,459.3403015136719,5679604.0,0,1,-0.008362565836956604,-0.04232268798019356,-0.04398419045236912,-0.04593145499154394,0.02483308130672013,-0.008397728259920178,0.1111111111111111,0.34444444444444444,472.81457366943357,-0.028498005150708786,459.0274963378906,0.0006814519353999521,430.42267547607423,0.06718425325899234,410.9142126464844,0.11784963229989125,472.2785889340801,468.71803951197967,1,1,1,44.97196001904931,0,0,3.5605494221004506,6.836725294117059,-3.2761758720166085,0,496.23569830027026,449.3934490385969,472.81457366943357,0.09907107747999101,0.21234788320068074,13.851198083164714,0.0301545456332062,18.286886283589556,15.68994195552827,20.338395769449257,0,11.1109636197367,20.91219858193205,5658631.285714285,7178267.366666666,0.7883004347248149,0,794698372.0,473.889302942078,39502057.70024928,0.19988082768317972,0.3644082484693318,0.3589277577609576,1.0152690634532204,0.2976746709634163,0.9293650377703585,1.3054626430911813,0.7432330373246514,1.5300088309218092,0.02316397575768005,0.005504307424846006,0.0,0.0,0.0,0.0,0.0,2968.498779296875,0.028017278915728694,-0.13953390778080033,0.6492400857025311,0.2797,0.15724531807273587
2023-02-01,463.851348314658,471.3043569368892,445.8072426532082,458.8009643554688,6075062.0,0,1,-0.0011741559720011008,-0.02327763400446159,-0.05331852880538768,-0.036651913987581164,0.023405881245356586,-0.0011748458331803464,0.05555555555555555,0.32222222222222224,473.12593231201174,-0.030277283442362798,459.704150390625,-0.0019647115093233687,430.6761755371094,0.0653037953243737,410.8162666320801,0.11680330508032917,470.20510822967833,467.9834413522382,1,1,0,44.701574479420515,0,0,2.221666877440157,5.913713610781679,-3.692046733341522,0,495.5588086762307,450.6930559477928,473.12593231201174,0.09482835258932779,0.18071486411364404,14.683049240344445,0.03200309149517904,18.7823198091781,13.743828853094398,23.015657887952827,0,26.821864667802398,19.635539885333728,5732350.0,7195531.666666667,0.7966541272488783,0,788623310.0,474.4205092179632,39494924.6299217,0.17607822879613105,0.3644505324389036,0.34422259436423813,1.058764120676115,0.3096786720885752,0.9282738182610913,1.3039298263325714,0.7423603658152881,1.528212361915768,0.0555733668073251,0.009820707623783112,0.0,0.0,0.0,0.0,0.0,2131.471923828125,-0.2819697489203651,-0.3785993848848451,1.0122851053596673,0.1924,0.0693895442822686
2023-02-02,457.9674051409202,461.8900381613992,451.88731198825184,456.3983459472656,3356544.0,0,1,-0.005236733561749252,-0.014713746562181829,-0.03971935252465608,-0.04728760092093287,0.021734380751639026,-0.005250493309391158,0.14444444444444443,0.3111111111111111,473.11122131347656,-0.03532546812103032,460.2346856689453,-0.008335616243490225,431.07824554443357,0.05873666942031333,410.72428482055665,0.1112037023733908,468.08099095546095,467.125286137055,1,1,0,43.44836344705929,0,0,0.955704818405934,4.92211185230653,-3.9664070339005963,0,495.589812347465,450.6326302794881,473.11122131347656,0.0950245524575899,0.12824904503710954,14.34874044983037,0.03143907198009059,19.24236522579604,13.059469348963393,21.869617407690157,0,21.862338269604635,19.93172218571459,5741344.0,7159569.266666667,0.8019119287986217,0,785266766.0,475.0197142278013,39477347.30330541,0.15596913637161106,0.3646522520685768,0.3442608163016673,1.059232520232686,0.30610573127362933,0.9234126956025104,1.2971014932488498,0.7384728223727107,1.5202095209506437,0.021916657371723124,-0.0018168209731633496,0.0,0.0,0.0,0.0,0.0,1562.4072265625,-0.2669820281956069,-0.5452498957565601,1.2430661577267506,0.187,0.05495717704396052
2023-02-03,458.702889695668,459.8796915492978,441.4923496320476,450.7595520019531,5707642.0,0,1,-0.012354983306543388,-0.018680593632743436,-0.06021266867733366,-0.048442221997457846,0.07007327984351508,-0.012431940640806445,0.03333333333333333,0.6,472.96412200927733,-0.0469476837122302,460.6073358154297,-0.021379997771947486,431.54062591552736,0.044535612482954984,410.6330183410644,0.09771872175062239,465.4161541933828,465.9130095344549,1,1,0,40.57342118838526,0,0,-0.4968553410720915,3.838318413630806,-4.335173754702898,0,496.00889337451133,449.91935064404333,472.96412200927733,0.09744828536817415,0.01822976120252039,14.6372119832175,0.03247232791453763,20.404456349056087,11.88765696296802,24.97994872076773,0,17.565024092725476,22.083075676710852,5507997.714285715,7090950.633333334,0.7767643577144042,0,779559124.0,474.790394809956,39406829.481675684,0.11842780160574579,0.3212802827809616,0.33849626526160825,0.9491398155683012,0.2978827210160687,0.9120039471632911,1.2810758259528678,0.7293490029799599,1.50142735769685,0.04079190742733392,0.005049413015770723,0.0,0.0,0.0,0.0,0.0,1583.918212890625,0.01376784871601755,-0.5317723215651813,1.2443844368027157,0.1563,0.04073914434468041
2023-02-06,448.16082548563946,448.16082548563946,437.3735846096175,438.6974792480469,4398369.0,0,1,-0.0267594390409146,-0.043817443007478474,-0.08536085048128639,-0.08311127986543931,0.009933434725451606,-0.027123991013726628,0.011111111111111112,0.28888888888888886,471.8167526245117,-0.07019520437169027,460.9250695800781,-0.0482238693423239,431.885817565918,0.015771904066030677,410.47293884277343,0.06876102596396617,461.3055888171773,463.8970443280543,1,1,0,35.20678157464633,0,0,-2.5914555108769832,2.5523636287292484,-5.143819139606231,0,499.1250902961232,444.50841495290024,471.8167526245117,0.11575823672943805,-0.10639489987876768,14.547837369583078,0.033161433693484905,21.738985243928994,11.106353851255696,25.36044574308816,0,2.3275970645975983,13.918319808975918,5087612.428571428,7106250.966666667,0.7159348090063131,0,775160755.0,474.2889100255334,39289131.59454074,0.14246892176479384,0.3204910745496322,0.3218941900851423,0.9956410659815297,0.2938049794761671,0.8875992331341015,1.2467949554814928,0.7098320327951658,1.4612500038441996,0.02458924745706746,-0.005765216743099436,0.0,0.0,0.0,0.0,0.0,1569.8436279296875,-0.008885929113253699,-0.5359329595246165,1.23820779192202,0.1193,0.031152863062904258
2023-02-07,431.4896514466917,433.3528962288392,417.27010611492574,421.2417602539063,16652967.0,0,1,-0.039789877580470034,-0.07703048445627247,-0.1032358676287588,-0.1459389585420674,-0.08800424546387275,-0.04060314095010116,0.011111111111111112,0.06666666666666667,469.46317291259766,-0.10271607112336578,460.79954528808594,-0.08584597237275617,431.9652508544922,-0.02482489176935691,410.2255807495117,0.026853955534092318,455.1419228843664,460.7373936558952,1,1,0,29.189642375086905,0,1,-5.595470771528767,0.9227967486776454,-6.518267520206412,0,504.93609664455687,433.99024918063844,469.46317291259766,0.15112122006027248,-0.17969323621394123,15.039232781264369,0.03570214114621345,23.960197925922632,9.97607208574377,32.327652006890794,0,5.22579226239361,8.37280447323891,6810666.285714285,7198078.6,0.9461783712273281,1,758507788.0,468.5719609017526,38626512.07625913,0.21859237574778378,0.28609391236146786,0.33222322637088214,0.8611496417233719,0.28497748162431175,0.8522817683071766,1.1971851368349364,0.68158790310755,1.4031070450767775,0.038179477040024355,-0.01643006432065624,1.0,1.0,1.0,1.0,0.0,1799.6754150390625,0.1464042551884468,-0.3471003175541748,1.3302100599747249,-0.0779,-0.016689121377890834
2023-02-08,423.6443802351804,431.29350290738927,423.6443802351804,428.0573425292969,6121515.0,0,1,0.01617974027855751,-0.05036434474173468,-0.07589714331267161,-0.12507512432979118,-0.06320411216666033,0.01605024323260012,0.044444444444444446,0.13333333333333333,466.79333038330077,-0.0829831647812885,460.5210388183594,-0.07049340540957777,432.2118862915039,-0.009612284839859792,410.1228366088867,0.04372959591497559,450.97506436820186,458.31664912799897,1,1,0,33.93720378272714,0,0,-7.341584759797115,-0.7300795530173066,-6.611505206779809,0,506.2772553003161,427.30940546628545,466.79333038330077,0.16917090432544804,0.009471412284662488,14.68298348642284,0.034301440549213136,26.02275255920244,9.488253218066989,30.746865655197674,1,14.46416492950846,7.33918475216657,6855957.571428572,7151491.333333333,0.9586752261689434,0,764629303.0,465.8036451215467,38725556.59907042,0.29025647224075335,0.2903477152719627,0.33138326075998176,0.8761689247854291,0.28437980014233394,0.8660714659625364,1.216555281414275,0.6926158183568367,1.425808952649134,0.01786938784185289,0.005703660481871243,0.0,0.0,0.0,0.0,0.0,2160.3193359375,0.2003938698526977,-0.25186238215481527,1.4749206884926127,0.0175,0.003433467678063411
2023-02-09,428.5476715406466,439.0407271854515,423.3992155324352,435.9516296386719,11431814.0,0,1,0.01844212521324695,-0.006259095935726711,-0.05091796168968177,-0.0926625668176454,-0.05394763463117058,0.01827413151914585,0.1,0.15555555555555556,464.77807769775393,-0.06202196153887436,460.1513305664063,-0.05259074421874793,432.53010986328127,0.007910477669339869,410.05980682373047,0.06314157687264224,448.6637667175049,456.65998101767843,1,1,0,39.03572089888125,0,0,-7.996214300173506,-2.1833065024485467,-5.812907797724959,0,506.29050358706434,423.2656518084435,464.77807769775393,0.17863332149803338,0.15279735595378727,14.751449784036657,0.033837354378656745,26.93765317481372,12.520942080606664,28.418148020755215,1,25.450882200397462,15.04694646409986,7677701.857142857,7251648.333333333,1.0587526454986935,0,776061117.0,462.3953726404699,38936383.544272974,0.34103862339529656,0.29483607361218656,0.33201125939190235,0.8880303461761981,0.28427143818248524,0.8820436643814378,1.238991146242954,0.705389126003649,1.4521038998840576,0.03587900718705963,0.001145475062879386,0.0,0.0,0.0,0.0,0.0,1922.20263671875,-0.11022291716674193,-0.35246642170624476,1.4998799250155277,-0.0247,-0.0048448063168568785
2023-02-10,435.9516235782377,436.3439108295483,422.6637159412656,424.7721252441406,6648361.0,0,1,-0.02564391009111977,0.008380852335500455,-0.0741690662292579,-0.12353300954043223,-0.08492657287672223,-0.025978446764318076,0.05555555555555555,0.1,462.0641067504883,-0.08070737579814895,459.6031427001953,-0.07578498539287701,432.8909921264648,-0.01875499151054719,410.0276077270508,0.03595981645924934,444.9881295677566,454.29791762704605,1,1,0,34.92500279031958,0,0,-9.309788059289474,-3.6086028138167325,-5.701185245472741,0,506.6322538849671,417.4959596160095,462.0641067504883,0.19290893399147027,0.08162966261729727,14.67493157719709,0.0345477744538029,27.827756211759443,11.687212577111254,26.883870513405594,1,10.566281229096624,16.827109453000862,7759601.714285715,7205779.566666666,1.076858047418073,0,769412756.0,459.8906095800721,38765893.572535664,0.35404542351846574,0.30155776794412825,0.33620428740833913,0.8969480141633925,0.28708275075861817,0.8594246159555983,1.207218568685006,0.6873001906771579,1.4148662780324666,0.032205961915273786,-1.3901620708482609e-08,1.0,0.0,0.0,0.0,0.0,1843.5955810546875,-0.04089426065830748,-0.13505988024295035,1.4985130459205438,-0.0199,-0.003986325113573074
2023-02-13,426.0960154903997,431.29349231601935,418.2997703246551,419.4275512695313,6437475.0,0,1,-0.012582214455662544,-0.02016036264855081,-0.0810055404583041,-0.11750740536504656,-0.12185599278664327,-0.0126620408177368,0.044444444444444446,0.011111111111111112,459.35013580322266,-0.08691101062565805,458.55383850097655,-0.08532539463490266,433.4234896850586,-0.03229160105211938,409.96698516845703,0.023076409670371126,441.0557329064912,451.71492752648936,1,1,0,33.12887432263605,0,0,-10.659194619998175,-5.018721175053021,-5.640473444945154,0,507.407175569759,411.29309603668634,459.35013580322266,0.2092392535489446,0.08463333647226912,14.554845178209028,0.034701690754825584,28.89662192456109,10.941950730716828,27.31118537018107,1,3.129442487265164,13.048868638919766,8199734.714285715,7045168.366666666,1.16388058986379,0,762975281.0,457.8079030968796,38684895.8815327,0.3517677487123157,0.28748380340986146,0.33505285238151766,0.8580252380078522,0.2863380207516667,0.8486111511291695,1.1920290857589535,0.67865243228264,1.397064127096177,0.03097965775503917,0.003116706976706957,1.0,1.0,1.0,0.0,0.0,1714.5303955078125,-0.0700073198662361,0.09736460914866818,1.5048287669323994,-0.0222,-0.004231868691072515
2023-02-14,421.1926908222522,426.8314753908854,417.1229653364404,426.3901672363281,3951666.0,0,1,0.016600282803841182,-0.02193239284428994,-0.05406293589873701,-0.11102033092907604,-0.09397798758553721,0.016464004216580726,0.1,0.05555555555555555,456.7464859008789,-0.06646207382346137,457.8634539794922,-0.06873946035573689,434.0236520385742,-0.017587716167983495,410.0436949157715,0.03986519613212058,438.79949203415845,449.8390193568478,1,1,0,37.62902941690827,0,0,-11.039527322689366,-6.22288240458029,-4.816644918109076,0,506.0692624556261,407.4237093461317,456.7464859008789,0.2159744106512994,0.1922687571039727,14.208678383654453,0.033323184903040336,29.95451511538389,10.40792077373237,26.5698355367411,1,13.413740432061555,9.036488049474462,7948881.0,6980007.2,1.1388069914884902,0,766926947.0,455.80213873583557,38750494.65467902,0.3910447684141143,0.291841709459282,0.3367707504337439,0.8665886484601305,0.28689720999999685,0.862698336228407,1.2118171056929563,0.6899182545840465,1.420255786701075,0.022769075838148925,0.004208449224134475,0.0,0.0,1.0,0.0,0.0,1746.522216796875,0.01865923250639545,0.10265934350833694,1.5084343752867386,-0.0017,-0.00033517944078428506
2023-02-15,427.0766795005287,428.7928314847443,422.2714599301879,425.5566711425781,3623450.0,0,1,-0.001954773251813813,0.001846980655773045,-0.029954145458033765,-0.11275808460758219,-0.059696608306791465,-0.0019566863145225634,0.23333333333333334,0.15555555555555556,453.363215637207,-0.06133392285818003,457.2681951904297,-0.06934994469634018,434.741494140625,-0.02112709074665842,410.11842346191406,0.0376433898051833,436.7621349739153,448.0403268965315,1,1,0,37.305379041452994,0,0,-11.278191922616202,-7.233944308187473,-4.044247614428729,0,501.4177961215916,405.30863515282243,453.363215637207,0.21199152832389961,0.21067748158092156,13.659585038718877,0.03209815746054274,30.65031208256885,11.078625580997384,25.663764456107472,1,12.383075632202452,9.642086183843071,7838178.285714285,6770792.7,1.1576455864191921,0,763303497.0,451.8245933692052,38743411.63153974,0.36764378482217197,0.27137943057283975,0.3365567641407841,0.8063407409613665,0.2807518272774677,0.8610119565963634,1.2094482780286573,0.6885696208340476,1.417479508678498,0.015324331626730515,0.0016100565091598034,1.0,0.0,0.0,0.0,0.0,1775.868896484375,0.016802923779190015,0.13123935714947232,1.5113631440098698,0.0135,0.0024235125593016073
2023-02-16,428.4495749261331,429.5283049651614,424.625013812591,426.2921447753906,4282249.0,0,1,0.00172826249166258,0.016366577457969544,0.011989277887453964,-0.0924843132462585,-0.06656649004450554,0.0017267707645259346,0.5666666666666667,0.13333333333333333,450.2153030395508,-0.05313715038704173,456.5434887695312,-0.06626169190513162,435.3642123413086,-0.020837880810482913,410.2779699707031,0.03903249985815969,435.1513672510654,446.42935044311366,1,1,0,37.81365126749681,0,0,-11.277983192048282,-8.042752084959634,-3.235231107088648,0,496.5905888528141,403.8400172262875,450.2153030395508,0.20601381383604056,0.24206996415622983,13.034135475422556,0.030575593839032904,31.185183478018025,11.183984211275874,24.97416362496373,1,16.120717298751156,13.97251112100507,6070932.857142857,6677279.866666666,0.9091925122757359,0,767585746.0,448.64132715096224,38750812.4818664,0.2659745088317254,0.2695968050009566,0.3357323787984568,0.8030110350565801,0.27951147302504853,0.8625000112658219,1.21153852212318,0.6897596498826334,1.4199292853460475,0.011502185092230291,0.006797928407015231,0.0,1.0,0.0,0.0,0.0,1793.3370361328125,0.009836390334341916,-0.0035219567113509154,1.512698937929716,0.011,0.001963345889310047
2023-02-17,426.34117431995895,429.5283136334492,418.3488155654388,421.1927185058594,4014137.0,0,1,-0.011962280637889955,-0.012189419761145737,-0.016036692614302406,-0.090716696769365,-0.07165243414696221,-0.012034404470996922,0.3111111111111111,0.13333333333333333,447.25126190185546,-0.05826376718354426,455.8893896484375,-0.07610765227358046,435.74617889404294,-0.03339893977985386,410.49874786376955,0.026051165071126564,433.003882828726,444.5599702996133,1,1,0,35.655267390776146,0,0,-11.556087470887348,-8.745419162145177,-2.810668308742171,0,493.0579668195943,401.4445569841166,447.25126190185546,0.20483655975817297,0.21555972599652326,12.901661374893115,0.030631254549367607,32.09243441100218,10.491762564945168,26.903157776488815,1,7.511348544590079,12.005047158514577,5769878.857142857,6610950.666666667,0.8727759664332982,0,763571609.0,446.176458230652,38702794.24855346,0.25551829103415813,0.2708118742229128,0.33641650155839964,0.8049898651475682,0.27915435746991335,0.8521825440808769,1.1970457583179281,0.6815085513780447,1.4029436927487793,0.02654247705817086,0.0001150139526829905,1.0,0.0,0.0,0.0,0.0,1719.5711669921875,-0.04113329934884702,-0.2040199157658531,1.5128281955853795,0.017,0.003031060273792001
2023-02-20,421.5849910671397,427.125704396278,420.7024045954096,425.8508605957031,3749802.0,0,1,0.011059407927012765,0.000691304996665032,-0.023169471923618068,-0.0729076913295229,-0.07753580492436829,0.010998699861905287,0.25555555555555554,0.1111111111111111,444.3117385864258,-0.041549381633390586,455.34610473632813,-0.0647754396794598,436.26886962890626,-0.023879790098396834,410.7284831237793,0.03681842894583586,431.9034178697994,443.17411032154587,1,1,0,39.076189832825456,0,0,-11.27069245174647,-9.250473820065437,-2.0202186316810327,0,487.48544352720086,401.13803364565075,444.3117385864258,0.1943396997708494,0.28620229586449675,12.438921262462783,0.029209571738477994,32.93488170591604,10.10477599632262,25.910840170310806,1,16.108658344593756,13.24690806264501,4672448.571428572,6534364.133333334,0.715057881086441,0,767321411.0,443.6818183277535,38744264.83851699,0.2337000793524657,0.26737060592780637,0.334225939519174,0.79996964422466,0.2789061996795422,0.8616071784641468,1.2102843756664665,0.6890456324534819,1.4184594193455178,0.015083449149035864,0.000931337471055699,1.0,0.0,0.0,0.0,0.0,1618.505126953125,-0.05877397922171701,-0.15799453396029284,1.5139140039206778,-0.0065,-0.0011462066833539681
2023-02-21,429.2831670555565,429.8225171448941,421.6830652972914,423.154052734375,3761409.0,0,1,-0.0063327519346930705,-0.007361364921863789,-0.003809271874503639,-0.07769580796581621,-0.09642966899114092,-0.006352888868045638,0.4222222222222222,0.044444444444444446,441.7056411743164,-0.041999890222411976,454.82439453125,-0.06963202101223046,436.6361260986328,-0.030877136724166327,410.7627751159668,0.03016650575240145,430.55736169511874,441.6911430928666,1,1,0,37.82246559751761,0,0,-11.133781397747839,-9.627135335601919,-1.5066460621459203,0,483.2720219286256,400.1392604200072,441.7056411743164,0.18820851209326203,0.2768438326445088,12.131816304258491,0.028669975451881005,33.262304493739904,11.20833197147801,24.669122697793373,1,13.472150438596683,12.364052442593518,4260026.857142857,6423333.8,0.6632111906036796,0,763560002.0,442.12907406014614,38720444.768395066,0.17656631417341556,0.2626000873323125,0.33369441280881623,0.7869478098896554,0.2796523779363586,0.8561508339377826,1.202619944944936,0.6846820773914704,1.4094766677133739,0.01923519766620795,0.008059879120713894,0.0,0.0,0.0,0.0,0.0,1568.24658203125,-0.031052447153187557,-0.14935433880022397,1.511360692680888,0.0057,0.0009855810663310703
2023-02-22,422.1734001708757,426.0960333896528,418.49593152827225,421.3888854980469,5276939.0,0,1,-0.004171452984845114,0.0004657416511932855,0.00467621695947007,-0.07670812298093632,-0.12475809428210982,-0.004180177766645489,0.5111111111111111,0.011111111111111112,438.7930877685547,-0.03966380226957409,454.04771423339844,-0.07192818664551989,436.9857308959961,-0.035691887160638903,410.75082916259765,0.02589905017875958,429.14682689556923,440.187272159917,1,1,0,36.98600070145528,0,0,-11.040445264347738,-9.909797321351084,-1.1306479429966547,0,477.2117734551944,400.374402081915,438.7930877685547,0.1751107150844819,0.27349300269581817,11.808122415481495,0.02802191235187722,33.80431574766933,10.693042206868203,25.462919706753336,1,9.977190817578677,13.185999866923053,4094236.0,6219773.366666666,0.6582612835930716,0,758283063.0,438.8853150339933,38698432.26545267,0.1585327280426968,0.24554197138211317,0.3264093194101774,0.7522517182591729,0.2778639322321119,0.8525794409860752,1.197603272385961,0.6818259582960657,1.4035971020607714,0.018035838445045502,-0.0023174835669478333,0.0,0.0,0.0,0.0,0.0,1402.2984619140625,-0.10581761951124136,-0.18210930200585485,1.5289086380222237,-0.0092,-0.0014654306888012753
2023-02-23,422.0753004733836,430.01863820214726,421.7811149723353,428.00830078125,5037774.0,0,1,0.01570856638845508,0.005066187215235329,0.0037949598026847386,-0.05047314276460313,-0.10130751809931304,0.015586463902799493,0.5,0.03333333333333333,436.2115051269531,-0.018805566220257506,453.56621154785154,-0.056348797851105276,437.2191278076172,-0.02106684369586893,410.8647817993164,0.041725452609630606,428.97166903182784,439.2851261318675,1,1,0,42.1525497669115,0,0,-10.31345710003967,-9.9905292770888,-0.3229278229508701,0,469.6953016773599,402.7277085765463,436.2115051269531,0.15352092348257443,0.37750486517629595,11.581096007525701,0.027058110757166513,33.643497797273604,12.54323824527627,24.107640255464457,1,35.071153077189464,19.506831444454956,4249394.285714285,6145078.033333333,0.6915118510560632,0,763320837.0,435.75383877732503,38777568.4727817,0.15490596882726512,0.2514294470347598,0.3227830835965465,0.7789424533443854,0.27579987373399406,0.8659722417362368,1.2164159028972668,0.6925364666273315,1.425645600321136,0.019246176335309173,0.0016289346941968951,0.0,0.0,0.0,0.0,0.0,1380.1387939453125,-0.01580239055422139,-0.20977885040793265,1.5267267898219334,0.0005,8.486035848037311e-05
2023-02-24,429.5282970890088,429.5282970890088,406.2376645413743,407.2183227539063,10814032.0,0,1,-0.04857377296046694,-0.03765940530994272,-0.04309261170653289,-0.07175595480534258,-0.14994883600070086,-0.049793128578614225,0.16666666666666666,0.011111111111111112,433.0856567382813,-0.059727985865869714,452.75226501464846,-0.10057142896738228,437.2598251342773,-0.06870400767128702,410.81599395751954,-0.00875737862334846,425.625000373686,436.90980736312963,1,0,0,33.00075164600116,0,0,-11.28480698944361,-10.249384819559763,-1.0354221698838462,0,465.0292711165603,401.1420423600022,433.0856567382813,0.14751638102659656,0.09510946885891255,12.41749147467633,0.030493449780698047,34.56868704196961,10.862774881365413,29.81884008274218,1,2.989532481074898,16.01262545861436,5276620.285714285,6257373.7,0.8432643691576683,0,752506805.0,432.53905306662045,38252290.13762648,0.3411925682900529,0.28306173735810836,0.3378574606238777,0.8378140794505908,0.29118661973809556,0.8239087026760742,1.1573299930044336,0.6588973575305315,1.3563966146090485,0.057194461167970854,0.003551324366803905,0.0,1.0,0.0,0.0,0.0,1313.2606201171875,-0.04845757116713223,-0.26049686285006557,1.5212555766220213,0.0088,0.0016221951562318232
2023-02-27,406.9731708387117,406.9731708387117,393.7342845584163,403.8350524902344,8301373.0,0,1,-0.008308246644678996,-0.041657085917359504,-0.05268005183860158,-0.04132236973176617,-0.14750029473478055,-0.008342952489328958,0.12222222222222222,0.022222222222222223,430.11671142578126,-0.06110355221592434,451.80396850585936,-0.10617196695783977,437.30199310302737,-0.07653050098243723,410.8277864074707,-0.01702108316086662,422.2727006993088,434.4598255206929,1,0,0,31.79111298469232,0,0,-12.187124821384089,-10.63693281992463,-1.5501920014594592,0,461.2985698992643,398.93485295229823,430.11671142578126,0.14499254572145875,0.07857452662905359,12.49367338330588,0.030937565489335538,36.03789839238878,10.02535634551064,34.66849246079152,1,22.29433022355805,20.11833859394082,5850780.857142857,6424282.5,0.9107290747477025,0,744205432.0,429.02384027367094,38183320.283253,0.3365701253538684,0.2826717350880289,0.32515090734202023,0.8693555167929816,0.29398654485626524,0.8170634659615439,1.1477146099732682,0.6534230757706406,1.345127336986869,0.03278290529427381,-0.000602015924864794,0.0,1.0,0.0,0.0,0.0,1191.3323974609375,-0.09284388855379666,-0.33568962584414686,1.5323641077081787,0.013,0.002385453835251473
2023-02-28,405.5021914632429,405.894448782702,390.3019883975107,391.4787902832031,12174759.0,0,1,-0.030597299889736695,-0.08534766833112584,-0.07054710805083131,-0.08545245837849458,-0.18179952253694143,-0.03107517023302056,0.07777777777777778,0.011111111111111112,426.7236358642578,-0.08259407874061651,450.66934692382813,-0.13133921142994745,437.33288421630857,-0.10484940782643187,410.8378028869629,-0.047120816214388545,417.53517601990796,431.2760451327307,1,0,0,27.78536969237466,0,1,-13.740869112822736,-11.257720078504251,-2.483149034318485,0,459.2556473447976,394.191624383718,426.7236358642578,0.15247344532323173,-0.04169484112806364,12.715015312011982,0.032479448766084364,37.54684109000408,9.14720464944283,33.55991855159722,1,2.4145103360442555,9.232791013559082,7016584.0,6569460.266666667,1.0680609540485437,0,732030673.0,424.58636197962363,37810805.53104473,0.36498483423316064,0.28834433877403753,0.3275788440606644,0.8802288181975482,0.2984913329075766,0.7920635300645709,1.112597641864084,0.6334300939664121,1.303970072467199,0.03982964281132941,0.004128267129681278,1.0,1.0,1.0,1.0,0.0,1361.373046875,0.14273149104017202,-0.20830665632974932,1.6107002539498712,-0.0785,-0.01392857178246572
2023-03-01,394.22462075969673,406.8751063359255,393.881384383025,405.0608825683594,7935816.0,0,1,0.03469432475596124,-0.005297993889264996,-0.04881985678803513,-0.0708581984104878,-0.17874543347345095,0.03410604469632083,0.15555555555555556,0.022222222222222223,424.03663177490233,-0.04475025925735618,449.80440612792967,-0.09947328872284258,437.4588989257812,-0.07405956636607011,410.9349217224121,-0.014294329451077134,415.6160539504389,429.3341812390736,1,0,0,37.158566005508234,0,0,-13.718127288634662,-11.749801520530333,-1.9683257681043287,0,454.20456864000175,393.8686949098029,424.03663177490233,0.14228929580364139,0.18549806220763546,12.906536793491298,0.03186320217260957,38.79419103275205,8.910516731730528,30.700353660502753,1,32.05533868103415,18.921393080212166,7614586.0,6432465.233333333,1.1837741400514474,0,739966489.0,421.69443551980606,38086133.30855228,0.4405348292319832,0.2926760651976479,0.3355057452617432,0.8723429310258698,0.29888531903304916,0.8195436394039841,1.151198465773633,0.6554065233566818,1.34921043363343,0.03207844181475025,0.007013995507923235,1.0,0.0,0.0,0.0,0.0,1561.4591064453125,0.146973718944712,-0.03524611665284183,1.687455254532755,0.0429,0.007378055509218575
2023-03-02,406.97317729153366,408.7383501859685,400.10856948179696,402.8544006347656,4804013.0,0,1,-0.005447284663982255,-0.0024283475379900388,-0.04797225022054086,-0.05159878275152274,-0.17658850492806244,-0.00546217521910108,0.17777777777777778,0.03333333333333333,421.3594345092773,-0.04391745469295825,448.9276977539063,-0.10262966029865496,437.54960998535154,-0.0792943441356226,410.9675624084473,-0.019741611055955458,413.6527226711046,427.3727160091249,1,0,0,36.333501031465495,0,0,-13.719993338020288,-12.143839884028324,-1.5761534539919637,0,448.8167876140775,393.90208140447714,421.3594345092773,0.13032746323469652,0.16302225484224497,12.601054215682744,0.03127942550913591,39.65050135935929,9.530808255278624,29.198567069045993,1,30.621985136747373,21.697278051275276,7763529.428571428,6327739.166666667,1.2269041476090279,0,735162476.0,420.19164809632883,38059964.482211806,0.4406349467153927,0.29265633940017843,0.33354682087667664,0.8774070717597492,0.29823757108473414,0.8150793519055946,1.1449275600258244,0.651836337453327,1.3418609003298139,0.021421587279607347,0.004721005669688578,1.0,0.0,0.0,0.0,0.0,1604.3310546875,0.027456337514842888,0.023009438100934476,1.6926467072997795,0.043,0.007375678355848614
2023-03-03,405.2080081474813,411.2390505078213,404.22734987987104,408.83642578125,5102333.0,0,1,0.014849099667419985,0.044338635780216906,-0.029788302797689847,-0.02525138240495617,-0.1490968998848271,0.014739931162825392,0.26666666666666666,0.05555555555555555,419.2632781982422,-0.024869462600685958,448.6795910644531,-0.08880093072358984,437.7432901000977,-0.06603611059860591,411.02379684448243,-0.005321762584126147,412.9117539188193,425.99965747372676,1,0,0,40.209586156415845,0,0,-13.087903554907484,-12.332652618204158,-0.7552509367033267,0,443.48000165491766,395.0465547415667,419.2632781982422,0.11552036496373039,0.28471793602371187,12.299882476923667,0.03008509443213062,40.03722892451544,10.518956732520335,27.77683593736241,1,46.666668701687875,36.44799750648981,7738585.714285715,6308997.333333333,1.2265951791418914,0,740264809.0,418.4381451005824,38135729.53346517,0.45996106716926155,0.2967700207150175,0.33353619423467123,0.889768564386192,0.2960630305660515,0.8271825464388969,1.1619287034766237,0.6615155201950175,1.3617863265786252,0.01715038138921085,0.005842327920477339,0.0,0.0,0.0,0.0,0.0,1876.08642578125,0.16938858741139562,0.33786528099053337,1.7786376938841333,0.1068,0.017677489640707273
2023-03-06,410.8958112949054,414.03392970054193,405.8944481791225,406.48284912109375,5071598.0,0,1,-0.0057567685062767104,0.003510500801060301,-0.05029213597228255,-0.0466880328040038,-0.16127076550084896,-0.0057734025677749394,0.15555555555555556,0.044444444444444446,417.65254669189454,-0.026743994881086558,448.1215966796875,-0.09291841291986802,438.00022277832034,-0.0719574375038117,411.03133712768556,-0.011066037052982258,411.9226916422461,424.55396796612433,1,0,0,39.19843549800809,0,0,-12.63127632387824,-12.392377359338974,-0.23889896453926518,0,440.68295281022404,394.62214057356505,417.65254669189454,0.1102850026930122,0.2575010724211453,12.002710980101936,0.029528210122652075,39.94404184467528,11.672678621115228,26.43137178579062,1,40.740749290727166,39.34313437638749,7743417.714285715,6292749.566666666,1.2305300937611414,0,735193211.0,417.32933955716084,38106533.51782227,0.4384882667958456,0.2937786112685444,0.33363837933277357,0.8805300273189711,0.2963370052447197,0.8224206480066156,1.1552397489099107,0.6577073284819456,1.353946837941499,0.020024169627374952,0.0050371869622920645,0.0,0.0,0.0,0.0,0.0,1979.298828125,0.055014737554411886,0.43413027501886803,1.7896669905683869,0.1052,0.017137635754659923
2023-03-07,410.8958112949054,414.03392970054193,405.8944481791225,406.48284912109375,5071598.0,0,1,0.0,0.009006848331831296,-0.0018060916999970145,-0.04482087419819558,-0.1447435841787037,0.0,0.5,0.08888888888888889,416.9146011352539,-0.025021316081889722,447.0134527587891,-0.09066976259339976,438.20665100097654,-0.07239461520590222,411.0106965637207,-0.011016373735482591,411.08579279283805,423.2153665701961,1,0,0,39.19843549800809,0,0,-12.129573777358075,-12.339816642942795,0.2102428655847195,1,440.40205151477744,393.4271507557304,416.9146011352539,0.11267271674135398,0.2779292378355673,11.726766018767472,0.028849350087275138,39.857510984823705,11.093968637780751,25.12095288177039,1,40.740749290727166,42.716055761047414,6923070.0,6352016.633333334,1.0899011132417322,0,735193211.0,416.0869533136866,38106533.51782227,0.3226380383302432,0.29133289633302717,0.333376001959109,0.8738868263491902,0.29397083774932287,0.8224206480066156,1.1552397489099107,0.6577073284819456,1.353946837941499,0.020024169627374952,0.010856453558504264,0.0,0.0,0.0,0.0,0.0,1979.298828125,0.0,0.5071637706979892,1.7895673996262165,0.1103,0.017812811374040376
2023-03-08,402.02086345139713,402.02086345139713,388.4387406394808,399.8634033203125,7044653.0,0,1,-0.016284686586639396,-0.021947707922039594,-0.009834830199683897,-0.06199678267354225,-0.16632590694746452,-0.01641873942655514,0.4111111111111111,0.044444444444444446,415.50490417480466,-0.03764456375203629,445.8719671630859,-0.10318783693782868,438.3777758789063,-0.08785658096233569,411.0147775268555,-0.027131321831401444,409.3592713355264,421.4855915146492,1,0,0,36.22690528679372,0,0,-12.126320179122786,-12.297117350178794,0.17079717105600878,0,439.55408315658445,391.4557251930249,415.50490417480466,0.11575882132867533,0.17480177044001116,12.17800476611358,0.030455412185741666,40.828434649025326,9.919833222354518,32.70069298242841,1,27.476408915181235,36.319302498878535,6743538.571428572,6342136.2,1.0632913514895141,0,728148558.0,414.42536485448875,37991813.55160564,0.33455575678984295,0.2898053963753211,0.330308987609366,0.8773766601775131,0.297102064983553,0.8090277855114469,1.1364270316664846,0.6469967707718811,1.3318982380306503,0.03396690644639046,-0.01097705765284912,0.0,0.0,0.0,0.0,0.0,2035.9456787109373,0.028619655496688656,0.7089652586046571,1.7933156438391586,0.1045,0.01675805056107321
2023-03-09,403.05054796163705,410.4054849682362,400.1085731589974,400.942138671875,6982179.0,0,1,0.002697759641430375,-0.013630859115455918,0.024173336138660018,-0.04807913086869442,-0.16407685462512134,0.002694127219356776,0.7,0.05555555555555555,413.75442962646486,-0.03096593060322452,444.67458374023437,-0.09834707596849421,438.5116357421875,-0.08567502891166284,411.0278964233398,-0.024537891075590058,408.06432784881076,419.96385426703625,1,0,0,37.064216721577104,0,0,-11.899526418225491,-12.217599163788133,0.31807274556264176,0,436.6038065848016,390.9050526681281,413.75442962646486,0.11044897805186048,0.2196358793950569,12.061153114814301,0.03008202917948958,40.51852456480593,14.266056251268312,30.65911268810421,1,30.070776421586707,32.76264487583172,6001741.428571428,6330173.3,0.9481164486557466,0,735130737.0,412.0597134662209,38010649.792321086,0.26236871288720987,0.29039981985372865,0.3288709236492476,0.8830206593862651,0.2974859895793608,0.8112103480199955,1.139492838647945,0.6487422125482053,1.3354913793437013,0.025681790004281967,0.007970583491411625,0.0,0.0,0.0,0.0,0.0,1949.602783203125,-0.04240923341455771,0.4320856341899766,1.7954281452329206,0.0986,0.015821934712834208
2023-03-10,395.2052777167359,401.5795563895865,387.75226897532457,397.8040161132813,5239128.0,0,1,-0.007826871400917756,-0.021351043534992953,-0.017915495589365782,-0.06586072044844149,-0.15313151016034898,-0.007857662127483072,0.34444444444444444,0.07777777777777778,412.40602416992186,-0.03540687381090281,443.3467724609375,-0.10272490785228139,438.62833404541016,-0.09307268765702309,411.0406295776367,-0.03220268876572283,406.485818351037,418.3223847741655,1,0,0,35.59989041770669,0,0,-11.836566423128545,-12.141392615656216,0.3048261925276705,0,435.6964502991635,389.11559804068025,412.40602416992186,0.11294901026782944,0.1865233814183538,12.187305564774848,0.030636456825776013,40.907755546014286,13.10993020211305,35.416393304213265,1,23.781903489306085,27.109696275358022,5616500.285714285,6351757.9,0.8842434447500408,0,729891609.0,410.4491426125616,37969643.81121214,0.1550403903928167,0.28703072410438984,0.32875107733521347,0.8730943984457786,0.287727150803907,0.8048611089469492,1.1305741747375808,0.6436645906782437,1.325038660060544,0.034759044288593596,-0.014308451025233976,1.0,0.0,0.0,0.0,0.0,1892.756103515625,-0.02915808295785416,0.21217142075818796,1.7197383803444766,0.0578,0.009579986000912404
2023-03-13,401.0891998651385,406.92412806882055,390.7922888661557,394.4697570800781,5962595.0,0,1,-0.008381662572892967,-0.013488721887143451,-0.020813086667232805,-0.06778688628631135,-0.1484070165914566,-0.008416986225746383,0.3333333333333333,0.1111111111111111,411.1581344604492,-0.04058870780282813,441.6835760498047,-0.10689512023965926,438.69403778076173,-0.10080893947043973,411.025030670166,-0.04027801801533822,404.6371935401203,416.55552346349236,1,0,0,34.0601628818161,0,0,-11.918329923372085,-12.09678007719939,0.17845015382730622,0,435.5145753846867,386.80169353621176,411.1581344604492,0.1184772421258293,0.1574134654508525,12.46905796748128,0.03160966777219892,40.59150207879848,14.960052107226641,32.14354002319034,1,15.893222502042041,23.248634137644956,5782012.0,6357028.533333333,0.9095463343733301,0,723929014.0,409.10673391452747,37919667.35186332,0.15832424856838492,0.2860604729966899,0.32841991932665004,0.8710204715450619,0.2875068922929545,0.7981150347137115,1.1210980834913036,0.6382696112690593,1.3139326331158785,0.04089499616415482,0.008258297098040521,0.0,0.0,0.0,0.0,1.0,1870.9959716796875,-0.011496532382339164,0.16621564247170295,1.7121229499439985,0.067,0.011106072876357917
2023-03-14,396.4801316049153,400.0595582775416,391.7239628771096,394.9111022949219,5841181.0,0,1,0.0011188315629331314,-0.015042161437385904,-0.034060867887977575,-0.06283455523946824,-0.14026463388131927,0.0011182061373538076,0.26666666666666666,0.14444444444444443,409.5841812133789,-0.03582433011692132,440.1694403076172,-0.10282026389897957,438.7362063598633,-0.09988941744414608,411.0356889343262,-0.039229164458224525,403.1408718100898,414.9522330065612,1,0,0,34.46421509491327,0,0,-11.81136119647141,-12.039696301053795,0.22833510458238493,0,433.86445986468163,385.30390256207613,409.5841812133789,0.11856062692349724,0.19783956911734765,12.173810641263476,0.030826711557407682,40.29783814495523,14.228382265125807,30.5714560033781,1,16.937421998987872,18.870849330112016,5887561.714285715,6362414.433333334,0.9253659559553654,0,729770195.0,407.9761485578024,37926202.649530925,0.10697007260031911,0.2865100575939418,0.32835382369975463,0.8725650104075701,0.2870453798760863,0.7990079910054007,1.1223524034122574,0.6389837274558082,1.3154027024173762,0.021107523571740276,0.005096397096999924,0.0,0.0,0.0,0.0,0.0,1735.043212890625,-0.07266330919302344,-0.0751794858447905,1.7183713465478128,0.0621,0.010267398904536259
2023-03-15,400.0595448464693,404.76669247304943,397.1665910395761,398.2943420410156,5681268.0,0,1,0.008567092002308652,0.0012325816429030745,-0.02014477879640797,-0.06942379081433014,-0.13187989349467455,0.008530602726168755,0.35555555555555557,0.15555555555555556,408.22106475830077,-0.02431702715577049,439.0838513183594,-0.09289685593052972,438.8122073364258,-0.09233531934162027,411.0666645812988,-0.031071170787572214,402.3952518456168,413.7183151572615,1,0,0,37.619769210159724,0,0,-11.32306331164466,-11.896369703171969,0.5733063915273089,0,431.77595017703317,384.6661793395684,408.22106475830077,0.11540259654498111,0.2892852684099503,12.008223465325196,0.030149118874725597,39.418224767850894,16.194203651743944,28.779233351079018,1,25.234742367089414,19.355128956039792,5974657.428571428,6349287.966666667,0.9409964487259007,0,735451463.0,407.08767123814977,37974874.5951767,0.13349074012942636,0.2890169862826083,0.32904672590040257,0.8783463366539904,0.2722350992723998,0.8058531659749237,1.1319676997113026,0.6444579598369002,1.3266718783890714,0.019081620377852895,0.013036965842764613,0.0,0.0,0.0,0.0,0.0,1835.6600341796875,0.05799095984556635,-0.07257054463139467,1.5254786935457616,0.1056,0.019842858745759064
2023-03-16,392.8516897201452,393.0968542756461,375.6901708350804,377.50439453125,16739755.0,0,1,-0.052197446248495094,-0.043008018344443344,-0.07129071903648976,-0.07296805316054822,-0.1728620450020899,-0.053609075053139,0.07777777777777778,0.044444444444444446,405.78167724609375,-0.06968595257122581,437.500087890625,-0.13713298584381986,438.54301696777344,-0.13918502877679817,411.0119107055664,-0.08152444078030603,398.5658891818681,411.03580251829766,1,0,0,28.529184997985936,0,1,-12.469913336429556,-12.011078429823487,-0.45883490660606974,0,431.46555564986954,380.09779884231796,405.78167724609375,0.12658964090288055,-0.05048700726379977,12.76507687536877,0.03381437954177795,39.8064165561277,14.145888798751015,37.1565053925089,1,4.731470648287944,15.634545004788423,7641537.0,6795395.0,1.1245169706838234,1,718711708.0,403.3522352971698,37101102.13335122,0.3289220825691052,0.3219089977132034,0.34564598437705907,0.9313257270827674,0.280845898558306,0.7637896886597682,1.0728818765505892,0.6245673113665646,1.257422994327468,0.046109882938395214,-0.013664899915424729,1.0,1.0,1.0,1.0,1.0,1840.4515380859373,0.0026102349111669643,-0.07014973588934703,1.2994847419580409,0.1136,0.027823369472024774
2023-03-17,381.7212143741712,390.3509947898678,379.0734251937138,389.0271301269531,9861244.0,0,1,0.030523447574725582,-0.014899485311442473,-0.02709993738706551,-0.03666824430412552,-0.13695199935492997,0.03006687467974142,0.3111111111111111,0.16666666666666666,404.17339782714845,-0.03747467740732625,436.2065997314453,-0.10815854146530257,438.4621124267578,-0.11274630326939018,411.0827926635742,-0.0536526046096782,397.09838778880425,409.40553048930917,1,0,0,37.538195282590415,0,0,-12.307142700504926,-12.070291283959776,-0.23685141654515007,0,429.82234794213036,378.52444771216653,404.17339782714845,0.12692052595678807,0.20473903157252088,12.770899974172272,0.03282778753760614,40.166880359527596,13.129478840688236,34.4867373330361,1,34.78260787803492,21.58294029780411,8043907.142857143,6933848.4,1.1600927333307636,0,728572952.0,401.5823063654068,37402101.297606796,0.4038904214904203,0.3380640497763825,0.33196661534035987,1.0183676133510324,0.276466864304164,0.7871031831796905,1.1056299302633543,0.6668976146265441,1.2958038791740767,0.02898915968270326,0.011170253655344244,0.0,0.0,0.0,1.0,1.0,1873.1419677734373,0.017762179014774837,-0.0799646634190061,1.2996751903345454,0.1152,0.02968564998114545
2023-03-20,386.1342068546713,386.42839237468166,373.6308134898534,378.2889404296875,6331283.0,0,1,-0.02760267566367769,-0.05022768214284101,-0.056499918709533636,-0.03369237409764614,-0.1376997627656834,-0.027990788152014588,0.1111111111111111,0.16666666666666666,401.79530181884763,-0.05850332565550542,434.5394812011719,-0.129448630573209,438.2669616699219,-0.13685270961721838,411.1937568664551,-0.08002265571229042,394.20462665663246,407.1005978923002,1,0,0,33.322699289806735,0,0,-12.89597123566773,-12.235427274301369,-0.6605439613663613,0,427.798791380985,375.7918122567103,401.79530181884763,0.1294365038337916,0.048015251318676774,12.958429735809949,0.03425537558959784,40.75532362371082,12.015225594882875,34.56000702750817,1,11.529127890887343,17.014402139070086,7950922.0,6998278.866666666,1.1361253461720202,0,722241669.0,400.00024301379983,37227340.94642284,0.424220650094456,0.3385679541350994,0.3295563967392603,1.0273445076017411,0.27941329112623875,0.7653770293005332,1.0751115858942404,0.6587497626802793,1.2600362249734993,0.033830169262394724,-0.007436302119437754,1.0,1.0,1.0,1.0,1.0,1801.671875,-0.03815519272059886,-0.07587746051535693,1.3058705278999492,0.1281,0.0328948594913267
2023-03-21,380.2012543831597,383.04515761357305,377.5044439198282,381.0347900390625,6080002.0,0,1,0.0072586039820674575,0.00935193221312347,-0.042154491646568704,-0.05931476862676843,-0.09544868056435996,0.007232387105025562,0.25555555555555554,0.24444444444444444,399.68933868408203,-0.04667262005645902,432.79390991210937,-0.11959299492813559,438.0134616088867,-0.13008429320992398,411.35804931640627,-0.07371500163357658,392.1784979462371,405.1697973105789,1,0,0,35.32282232036208,0,0,-12.991299364341785,-12.386601692309453,-0.6046976720323318,0,425.227598831209,374.1510785369551,399.68933868408203,0.12779054968645343,0.13477252292149264,12.428592875662444,0.03261800024713833,41.30173522616668,11.632623237945543,33.45950832774786,1,18.325261127384067,21.54566563210213,8071046.857142857,6645846.7,1.2144497490655115,0,728321671.0,398.54174349487,37271473.27315102,0.43443302048935956,0.3227996618393081,0.30241158549958347,1.0674183044477068,0.2727302970597021,0.770932598053197,1.082915395132779,0.6635313663308563,1.2691823289336412,0.014541227831655073,0.005055167489961718,0.0,1.0,1.0,1.0,1.0,1820.936767578125,0.010692786431006018,-0.03794431612403837,1.2381119662117426,0.2538,0.06558040578127379
2023-03-22,382.5547955163525,389.0761669991807,380.7405717389588,385.1535339355469,6511605.0,0,1,0.010809364404919863,-0.009957136383115905,-0.02361707831163351,-0.043938620681139406,-0.10022911495978748,0.010751360838928789,0.36666666666666664,0.23333333333333334,397.87757110595703,-0.03197977994849494,430.86789672851563,-0.10609832651740307,437.7334838867188,-0.12011863813639416,411.54682235717775,-0.06413192129746145,391.09773425228474,403.6871111346506,1,0,0,38.31200252450267,0,0,-12.589376882365855,-12.427156730320734,-0.16222015204512097,0,422.03814022825884,373.7170019836552,397.87757110595703,0.12144725351139592,0.23667761909910837,12.136235903130977,0.031510124752384856,40.99870785434589,14.611518738956365,31.817996075559492,1,28.51938544939557,19.457924822555675,8149476.857142857,6658849.7,1.223856555456246,0,734833276.0,397.09553479829395,37341859.58445691,0.4453240618075173,0.32038953790350955,0.3033266414705038,1.0562525479143083,0.27355558274077624,0.7792658894371857,1.0946210222584671,0.670703718663621,1.2829013832233698,0.021642266072565284,0.003989151429280704,0.0,1.0,1.0,1.0,1.0,1812.10302734375,-0.004851206473316494,-0.031476788420376045,1.0878359650150986,0.1915,0.055881457651649355
2023-03-23,379.5147317720597,392.9007105118905,378.5340735504265,391.0864868164063,10453779.0,0,1,0.015404124220893989,0.03383008335422777,-0.009684750457229052,-0.04341574733935494,-0.1029131210254931,0.015286685194066492,0.5222222222222223,0.2222222222222222,396.03148040771487,-0.012486364938003622,429.16449279785155,-0.08872590025610774,437.620217590332,-0.10633359452667511,411.8692367553711,-0.050459583004274416,391.09600387753426,402.75373155552137,1,0,0,42.438875494888485,0,0,-11.657727677987111,-12.27327091985401,0.6155432418668987,1,415.72828305622767,376.33467775920207,396.03148040771487,0.0994708937190292,0.37447217501359464,12.295550264440479,0.03143946589546206,40.23154925046776,15.613832365675165,29.162461648019107,1,43.203779717206736,30.01614209799547,8808419.42857143,6626248.533333333,1.3293222227117936,0,745287055.0,395.45817318602343,37502890.894750684,0.4592763846702275,0.3187363368679538,0.3047359583793017,1.045942653315714,0.2739519406523691,0.7912697979991814,1.0896175102602608,0.682768337082181,1.3026633554936993,0.03673519143658969,-0.014640400948341823,0.0,1.0,1.0,1.0,1.0,1790.7418212890625,-0.011788074812721594,0.03210214476770412,1.0404055177271678,0.2589,0.07856735296210295
2023-03-24,393.0477898244733,393.24393343302097,378.6811533540911,380.88763427734375,8833099.0,0,1,-0.02607825348833992,-0.00038620033016845134,-0.04370312587036285,-0.06296751486340091,-0.10331301975517804,-0.026424320957717417,0.24444444444444444,0.2222222222222222,394.7149459838867,-0.035031132839614905,427.2012145996094,-0.10841163072458171,437.2068701171875,-0.1288159900706687,412.15231796264646,-0.07585710991472877,389.52548547750496,401.1340206460267,1,0,0,37.76214655903076,0,0,-11.608535168521769,-12.140323769587564,0.5317886010657951,0,414.7798645202565,374.6500274475169,394.7149459838867,0.10166789345336276,0.15543563803960947,12.45749525118972,0.032706483829083255,39.474782153842035,14.506876782912821,26.727401429382752,1,17.961042286066522,29.894735817556292,9258681.0,6699073.133333334,1.382083881713507,0,736453956.0,393.4392984884183,37272539.09994108,0.47517517900776085,0.31901062211076864,0.30781271587878384,1.0363789591993156,0.2762059310715549,0.7706348636292912,1.0353191526045362,0.6672268524381287,1.2686921702991631,0.03823379592398619,0.005015010935388575,1.0,1.0,1.0,1.0,1.0,1737.48876953125,-0.029737984071583456,-0.05348009044185997,1.0371257294225715,0.2533,0.0771664742037975
2023-03-27,382.4567357876681,388.929086532615,381.86833482407,382.40771484375,7066058.0,0,1,0.003990889778530793,-0.007129154609435195,0.012988776775932687,-0.05922792149631784,-0.08826276746419959,0.003982947302602997,0.7666666666666667,0.3,393.6435791015625,-0.028543242807254322,425.3752294921875,-0.10101085269993756,436.74056732177735,-0.12440532559458012,412.5022761535645,-0.07295610969819477,388.4304438415426,399.7468868828951,1,0,0,38.843875048582966,0,0,-11.3164430413525,-11.975547623940551,0.6591045825880517,0,413.9449381232572,373.34222007986784,393.6435791015625,0.10314589186507117,0.22327310093364883,12.142063608624113,0.03175161780819538,38.772069849832434,13.820618071149156,25.463041612435596,1,23.866702273753642,28.34384142567565,7876724.285714285,6720025.9,1.1721270725629622,0,743520014.0,392.5595724900913,37300738.95858779,0.34166474067049196,0.3185650659119104,0.3010070036645347,1.0583310754687414,0.27289481104360247,0.7737103824295289,1.028620440847684,0.6698896812634854,1.273755380913712,0.01846393635502345,0.00411959163048544,1.0,1.0,1.0,1.0,1.0,1719.920654296875,-0.010111210813244398,-0.06548984382083434,1.0163056834286504,0.2386,0.07406097106405399
2023-03-28,385.3987004746653,392.0671647460488,384.17287763600535,385.3006286621094,6424209.0,0,1,0.007564998576300663,-0.01479431877433568,-0.009579027209818625,-0.03641937355926905,-0.09636605562586709,0.007536527473647391,0.5444444444444444,0.2777777777777778,393.3346710205078,-0.020425461954711732,423.5119787597656,-0.09022495705919896,436.3031936645508,-0.11689707007199782,412.78045654296875,-0.06657250227155277,387.9489338139375,398.67679368135543,1,0,0,40.94744017868028,0,0,-10.72785986741792,-11.726010072636026,0.9981502052181064,0,413.96015154933065,372.709190491685,393.3346710205078,0.10487496805359148,0.3052398743590153,11.964734058172303,0.031052983483878024,37.67350931889752,14.89704491852086,23.99468484698746,1,31.733295507794935,24.520346689205045,7385719.285714285,6802444.0,1.085744959563693,0,749944223.0,392.0343502069605,37349338.09052665,0.285648457218499,0.31483462887746383,0.30097326973036914,1.046055116986012,0.272252134296324,0.7795635003710774,1.0336753380682173,0.6749573957485222,1.2833913385568798,0.0204886432120679,0.007821457347264573,1.0,1.0,1.0,1.0,1.0,1597.942626953125,-0.07092072941796035,-0.14691857080509263,1.0365147398221648,0.2068,0.06219679686375277
2023-03-29,387.26196946281726,393.1459194569669,382.3586778010259,391.3316955566406,6959623.0,0,1,0.015652886203360472,0.02742032121655069,0.034478288242152155,-0.023969650950306898,-0.08042401378422004,0.015531643343870888,0.8222222222222222,0.34444444444444444,392.64821166992186,-0.0033529150882468874,421.47417114257814,-0.07151678003001705,436.1261849975586,-0.10270992887338036,413.19957122802737,-0.05292327774299355,388.46935869743027,398.13271233878396,1,0,0,45.180861953852805,0,0,-9.663353641353694,-11.31347878637956,1.650125145025866,0,412.53093608403935,372.7654872558044,392.64821166992186,0.10127500303417565,0.46689296482059417,11.880627458012922,0.030359481720778077,36.81274577553601,13.930898114385835,23.529242376051048,1,53.16647588452986,36.25549122202616,7475482.142857143,6913649.766666667,1.0812642229722547,0,756903846.0,391.3297230658232,37458276.27736394,0.22908989318208142,0.3195650306860317,0.2939899758403108,1.0869929485609835,0.27523580286021426,0.7917659191306792,1.0498553405062194,0.7055189002414888,1.303480117133689,0.027565468829701945,0.005090416819506131,1.0,1.0,1.0,1.0,1.0,1737.2392578125,0.08717248573872682,-0.035762681363664006,1.0666312611931195,0.2391,0.0709337505286925
2023-03-30,387.26196946281726,393.1459194569669,382.3586778010259,391.3316955566406,6959623.0,0,1,0.0,0.023336298841504677,0.02702353114927525,-0.016270123715386497,-0.08201054053475543,0.0,0.7888888888888889,0.34444444444444444,392.07207641601565,-0.0018883794687521366,419.51579711914064,-0.06718245595527803,435.96878936767575,-0.10238598473018279,413.61309829711917,-0.05387015747860258,388.9097182142318,397.62893331788445,1,0,0,45.180861953852805,0,0,-8.71921510365263,-10.794626049834175,2.0754109461815453,0,411.36871508148124,372.77543775055005,392.07207641601565,0.09843413916062986,0.480815807555643,11.802528472150641,0.030159909371415494,36.0134653424146,13.021432190569081,21.993157338421945,1,53.16647588452986,46.02208242561823,7601142.285714285,7002895.566666666,1.0854284793129338,0,756903846.0,390.7959180205987,37458276.27736394,0.23002894934910878,0.3193918660645198,0.2930634081325492,1.0898387761875155,0.27874807232151877,0.7917659191306792,1.0498553405062194,0.7240383833527204,1.303480117133689,0.027565468829701945,-0.01039968430881755,1.0,1.0,1.0,1.0,1.0,1737.2392578125,0.0,-0.04596398472251406,1.0663336846090459,0.2382,0.07066200511220104
2023-03-31,396.23498340155896,402.3640979197573,393.3420593053595,397.5098571777344,7468634.0,0,1,0.015787531884698947,0.03168753852808259,0.032081552299232596,0.0077068014545893515,-0.05622808820659975,0.015664205126472784,0.8111111111111111,0.4222222222222222,391.50574798583983,0.015335941356630356,417.8565234375,-0.04869294870015102,435.7285284423828,-0.08771211607665519,414.03468017578126,-0.0399116880523901,390.23281651630913,397.6201128630585,1,0,0,49.483369791425325,0,0,-7.387296346749395,-10.113160109217219,2.7258637624678244,0,409.3402075051182,373.67128846656146,391.50574798583983,0.09110701240546493,0.668328879981037,11.7475194643625,0.029552775238753274,33.95712738200132,17.752887987740813,20.51784673148991,1,76.69301290889668,61.008654892652146,7737860.714285715,7118045.466666667,1.0870766069873536,0,764372480.0,390.5473006337747,37576187.57477409,0.2380064542250251,0.32254558203917183,0.2953024142329474,1.0922551475814684,0.277761583553946,0.8042659488241728,1.0664299651687827,0.7354691624156473,1.3240588510440083,0.022696389665536918,0.01252974880540604,0.0,0.0,1.0,1.0,1.0,1747.270751953125,0.005774388355267002,-0.03577736718737157,1.058852471129523,0.2286,0.0689616251684496
2023-04-03,398.6375892120832,399.0298465370379,391.82200222264777,394.7639770507813,5200766.0,0,1,-0.00690770323646428,0.008770773063139004,0.00940326592286822,-0.00037255281830672615,-0.07299946159891713,-0.006931671861003121,0.6777777777777778,0.37777777777777777,390.91980438232423,0.009833660575296487,416.05897644042966,-0.05118264620039347,435.20877960205075,-0.0929319546086631,414.4053633117676,-0.047396554195196484,390.9299181369972,397.4085472473343,1,0,0,47.691774384743766,0,0,-6.478629110337124,-9.3862539094412,2.9076247991040756,0,407.4011089118857,374.4384998527628,390.91980438232423,0.08432064246835921,0.6166222206974586,11.423256953650187,0.028936928437573044,32.21565051366413,16.952765587913117,20.54358534639744,1,67.87399055711077,65.91115978351245,6987430.285714285,7166410.933333334,0.9750250649475667,0,759171714.0,390.0813253509819,37540262.22664379,0.23304020215580898,0.32048047097803106,0.2926138629475557,1.09523338282667,0.2783209923851829,0.7987103183265021,1.0590633834469239,0.730388759702109,1.3149126454333824,0.01825861713178282,0.0028369913701148273,1.0,1.0,1.0,1.0,1.0,1714.330810546875,-0.018852225031197545,-0.042670031957584564,1.0449739533318956,0.2572,0.07812649971819338
2023-04-04,398.6375892120832,399.0298465370379,391.82200222264777,394.7639770507813,5200766.0,0,1,0.0,0.008770773063139004,0.03643159169439847,-0.008863708613442434,-0.06709158402274573,0.0,0.8333333333333334,0.4,390.33386077880857,0.011349556667037812,414.44873596191405,-0.047496245501739656,434.6757922363281,-0.09181973300194095,414.70996780395507,-0.048096241473999934,391.51977335450243,397.21265315870073,0,0,0,47.691774384743766,0,0,-5.692879804198299,-8.64757908839262,2.954699284194321,0,405.2438457699099,375.42387578770723,390.33386077880857,0.07639606239311335,0.6485620634298674,11.122156050845897,0.028174191915730888,30.59856485020817,16.168019906170088,19.592620159950275,1,73.54941831478818,72.7054739269319,6468525.571428572,7214389.5,0.8966144081115348,0,759171714.0,389.6161698516403,37540262.22664379,0.13350738173990415,0.3203502848371727,0.29053423654259497,1.1026249045530523,0.2781400612757016,0.7987103183265021,1.0590633834469239,0.730388759702109,1.3149126454333824,0.01825861713178282,0.009812476280741259,1.0,1.0,1.0,1.0,1.0,1714.330810546875,0.0,-0.01332840786684486,1.039802031026145,0.2545,0.07765314816362094
2023-04-05,394.22463737957736,396.7743549500827,386.6735564837186,395.4994812011719,5607641.0,0,1,0.0018631491046507964,-0.005057424212913553,0.03423509999731866,0.047668548845018144,-0.061438270414455376,0.0018614155952147737,0.8111111111111111,0.43333333333333335,390.11566467285155,0.013800564847441226,412.7659265136719,-0.041831081984738665,434.2433218383789,-0.0892215002252288,415.0153346252441,-0.047024415234427235,392.13203610014386,397.0857515322171,0,0,0,48.27356424490984,0,0,-4.953715432073238,-7.908806357128745,2.955090925055506,0,404.5588791535988,375.6724501921043,390.11566467285155,0.0740458063526326,0.6863787502254753,11.049201937668625,0.027937336110052745,29.68186728767432,15.11228812705505,21.64153003996564,1,76.1091818955402,72.51086358914641,6260180.285714285,7225412.9,0.8664114248355669,0,764779355.0,389.39919005782144,37550710.09795215,0.13486085925982044,0.3205231110265041,0.28368766290095865,1.129845082965083,0.27999137030496807,0.8001984347409674,1.0610365764415615,0.7317495828657951,1.3173625237514157,0.025539346943482585,-0.0013662332496325227,1.0,1.0,1.0,1.0,1.0,1694.9161376953125,-0.01132492791479911,-0.014538180316105764,0.9870421155411442,0.2594,0.08339828618451327
2023-04-06,393.24397593174064,398.6375965492583,391.0374947700289,397.4117736816406,4174551.0,0,1,0.004835132715372836,0.00670729039321305,0.03143297497744846,0.0215528504450353,-0.07148582642850865,0.004823481004469845,0.8,0.4,389.9391464233398,0.01916357289808523,411.1213629150391,-0.03334681792303657,433.8981298828125,-0.08408968301160029,415.3569859313965,-0.04320431064741938,392.9443034203741,397.10990132106326,0,0,0,49.83579075462421,0,0,-4.165597900689136,-7.160164665840823,2.9945667651516876,0,403.90359832332695,375.9746945233527,389.9391464233398,0.07162374964439468,0.7675589171640776,10.802837640637254,0.027182983384108825,28.543889493003967,15.584844071629,20.55399944031183,1,82.7645034795863,77.47436789663824,5938800.571428572,7196638.8,0.8252186522725821,0,768953906.0,388.8774739694481,37570894.606064245,0.13353206627453132,0.31685531445236736,0.28371875271625896,1.1167936959360862,0.2799719975164896,0.8040675003715736,1.0661668291045212,0.7449308835862214,1.3237321463880123,0.01912399753238746,-0.005702928516065412,1.0,1.0,1.0,1.0,1.0,1750.864501953125,0.033009517706220626,0.09569922750704984,0.9869000941622171,0.2795,0.08884088858022027
2023-04-07,393.24397593174064,398.6375965492583,391.0374947700289,397.4117736816406,4174551.0,0,1,0.0,0.00670729039321305,0.01553689157825966,0.05055086524663399,-0.024081797218618917,0.0,0.7333333333333333,0.5,389.91953430175784,0.01921483465376875,409.674892578125,-0.02993378192964516,433.57108032226563,-0.08339879729466375,415.6864903259277,-0.04396273891402727,393.6316065374921,397.1322622366616,0,0,0,49.83579075462421,0,0,-3.5006556991694993,-6.428262872506559,2.9276071733370594,0,403.8385057951737,376.00056280834195,389.91953430175784,0.07139407118107616,0.7691376795845462,10.574070793393837,0.026607341537557297,27.48719582652436,14.78473053060345,19.498773401550057,1,80.07886900545444,79.65085146019366,5540933.142857143,6975322.766666667,0.7943622579496801,0,768953906.0,388.8255849091953,37570894.606064245,0.10963557346171433,0.2833264186869635,0.28319055534159304,1.0004797594510402,0.2647466594295616,0.8040675003715736,1.0661668291045212,0.7471766076331399,1.3237321463880123,0.01912399753238746,-0.010487353485502764,1.0,1.0,1.0,1.0,1.0,1750.864501953125,0.0,0.007843044116894848,0.9719455499252418,0.2277,0.06588303925036482
2023-04-10,398.9317971424991,405.8454563335248,397.6569532829258,403.4918823242188,5327008.0,0,1,0.015299266517073251,0.020208373216503928,0.03107386114043531,0.05893711774416732,-0.0008497780564105106,0.015183412895027462,0.8,0.5111111111111111,390.37064056396486,0.0336122658745489,408.4804510498047,-0.012212502979677816,433.38377532958987,-0.06897326274533044,416.049553527832,-0.030183114239955924,395.14857204314234,397.60334520611025,0,0,0,54.86262053968587,0,0,-2.4547731629679106,-5.63356493059883,3.178791767630919,0,405.4472069860539,375.2940741418758,390.37064056396486,0.07724231720043333,0.9351535154924164,10.421185926143147,0.02582749835291454,25.619500891545204,18.870475098465754,18.371629495341413,1,91.38244288838241,84.74193845780773,5307702.428571428,6876177.266666667,0.7718972654037494,0,774280914.0,388.97354771681256,37652393.92119483,0.13232605754074916,0.2860842598194861,0.2851256286201121,1.0033621362064624,0.2608370643218873,0.8163691433574751,1.082478399574654,0.7836632230899045,1.3439842772928197,0.02029409613752586,0.003824807319564007,1.0,1.0,1.0,1.0,1.0,1793.9859619140625,0.024628667674074567,0.032664875518077396,0.9207871136199746,0.2155,0.06646006564813511
2023-04-11,404.9137914903666,409.9641755678741,403.1976395272213,409.4738464355469,4965642.0,0,1,0.01482548812846085,0.030351573739657134,0.0300973398314075,0.06314446151250919,0.04596687381026632,0.014716664833235247,0.8,0.6555555555555556,391.0987777709961,0.046983191226718984,407.4831219482422,0.004885415812529192,433.2553091430664,-0.054890181852720495,416.41944763183596,-0.016679339151397708,397.35246041120456,398.48264159347593,0,0,1,59.19503832731365,0,0,-1.1301811822713717,-4.7328881809333385,3.602706998661967,0,408.348653850642,373.8489016913502,391.0987777709961,0.08821237528768955,1.0326145121190917,10.16013950575098,0.02481267019663058,24.417079486525463,20.868367896071433,17.497679929734826,0,98.43993782757991,89.96708324047226,4950132.142857143,6635873.366666666,0.7459654320292876,0,779246556.0,389.35719806004687,37726011.98771602,0.12901041335033073,0.27340461117672676,0.2861848241735825,0.955342799766685,0.25342890878962027,0.8284722144007632,1.0985266702368635,0.8284722144007632,1.3639095002406627,0.01652495293546881,0.003524009350466239,1.0,1.0,1.0,1.0,1.0,1799.875244140625,0.0032827917004873974,0.03010666327968803,0.8380392657784267,0.3985,0.12911614553637346
2023-04-12,411.7784110900592,414.2300568216352,407.56159240267465,409.5719299316406,4701591.0,0,1,0.00023953543540700117,0.030598379452495328,0.037510902062257934,0.04726689297222442,0.01113671439877928,0.00023950675137506333,0.9111111111111111,0.5555555555555556,391.6626571655273,0.045726270908039,406.4985412597656,0.007560638870561232,433.1013458251953,-0.05432773673035743,416.8107244873047,-0.01736710245296136,399.23237879896396,399.3040703592659,0,0,1,59.2640795287707,0,0,-0.0716915603019288,-3.800648856807057,3.7289572965051283,0,410.5614099719386,372.76390435911605,391.6626571655273,0.09650525757641551,0.9738215518655208,9.910734142408806,0.02419778656233339,23.806430427125417,22.939918027252986,16.656725535170835,0,86.89656660085905,92.23964910560714,4878821.428571428,6528065.866666666,0.7473609378672877,0,783948147.0,389.6326219508137,37727138.18536331,0.10847918012519894,0.2553274040640526,0.2778974815171209,0.9187827204123913,0.24866181469694043,0.8286706628533623,1.098789806301125,0.8286706628533623,1.3642362048966585,0.016281546491903196,0.005628111965082655,1.0,1.0,1.0,1.0,1.0,1843.8951416015625,0.02445719368841881,0.07557720496976672,0.7335439185332275,0.2703,0.09316085197077391
2023-04-13,409.96417722822986,414.5732830616988,407.31641785932845,413.8868103027344,6368113.0,0,1,0.010535097880887356,0.02576242158488551,0.04844118096797145,0.08663756198858974,0.027385600481427907,0.01047999044082704,0.9444444444444444,0.6111111111111112,393.4817779541016,0.0518576297350496,405.648310546875,0.020309463990501136,432.94149810791015,-0.04401215380935005,417.1230000305176,-0.007758358392000519,401.486906722621,400.3842733180414,0,0,1,62.2871110384862,0,0,1.102633404579592,-2.8199924045297275,3.9226258091093196,0,413.60663112391524,373.3569247842879,393.4817779541016,0.10229115703630455,1.006961024173816,9.721172075263205,0.023487513574430477,23.279559192891924,21.968920557226358,15.768563880046383,0,97.90101255022132,94.41250565955345,5045585.285714285,6580202.533333333,0.7667826727452328,0,790316260.0,391.71629456865037,37794226.879134856,0.10531180936282743,0.25634217373006585,0.2790763360674532,0.9185378357128335,0.24778602279175846,0.8374007893975423,1.1103656644610287,0.8374007893975423,1.3786085668478951,0.017533453644155473,0.000957700633084646,1.0,1.0,1.0,1.0,1.0,1867.3524169921875,0.012721588587868649,0.08926025566588192,0.7311332398976644,0.2792,0.09693112873990863
2023-04-14,409.96417722822986,414.5732830616988,407.31641785932845,413.8868103027344,6368113.0,0,1,0.0,0.01077715684555236,0.04649141143173763,0.08231814954843841,0.01235306886325871,0.0,0.9333333333333333,0.5666666666666667,394.7247619628906,0.048545341428681985,404.9108557128906,0.02216773016381738,432.7590957641602,-0.04360921733626737,417.45519653320315,-0.008547950199453215,403.3945841964846,401.3844612428335,0,0,1,62.2871110384862,0,0,2.0101229536510914,-1.8539693328935638,3.864092286544655,0,416.6788644195538,372.77065950622745,394.7247619628906,0.11123752331872788,0.936411563116031,9.545150155770859,0.02306222357941083,22.79032161824654,20.775902618245752,14.912255099109531,0,97.86906357098071,94.22221424068704,5154224.142857143,6622395.2,0.7783021078018936,0,790316260.0,393.18286210312056,37794226.879134856,0.10945731085009937,0.2529646533124287,0.27729365780724413,0.9122626724058459,0.24788450088762218,0.8374007893975423,1.1077427111454612,0.8374007893975423,1.3786085668478951,0.017533453644155473,-0.009477550327432124,1.0,1.0,1.0,1.0,1.0,1867.3524169921875,0.0,0.1017373517555551,0.5429021613016612,0.2319,0.10694600119680547
2023-04-17,414.18101726123433,420.8494813804594,413.44552357482064,420.408203125,6920340.0,0,1,0.015756464472727716,0.026457558249092017,0.0578654961082794,0.09111735577695712,0.03425815882272998,0.01563362010145796,0.9555555555555556,0.6444444444444445,396.8307250976562,0.05941444685650685,404.54507019042967,0.039212275969901574,432.7350698852539,-0.028485943520876512,417.8265591430664,0.006178745523569359,406.0120640316408,402.79362730817917,0,1,1,66.62808549647325,0,0,3.21843672346165,-0.839488121622521,4.057924845084171,0,420.1825816706427,373.47886852466974,396.8307250976562,0.11769177685140093,1.0048309104171675,9.392207845047139,0.022340686445298862,23.07700886206901,24.37916254037027,14.07257950721562,0,98.85354886252576,98.20787499457595,5546479.714285715,6684019.933333334,0.8298119648963516,0,797236600.0,395.2527086345489,37903266.970484056,0.12113154727101628,0.25600843089743974,0.2788587407317837,0.9180577600889255,0.24740022865675917,0.8505952651851189,1.1251968198185478,0.8505952651851189,1.400330563753232,0.017611354275685564,0.000710839174325851,1.0,0.0,0.0,1.0,1.0,1875.337890625,0.004276361312491206,0.07109253088004386,0.5178960303516209,0.2692,0.13173357149982495
2023-04-18,421.6830556190037,424.625030425648,419.6236672688897,423.20306396484375,4866068.0,0,1,0.006647969328545056,0.022509182293813712,0.06489815348013339,0.08144336063264301,0.041133875340381154,0.006625969031488377,0.9666666666666667,0.6666666666666666,398.9391387939453,0.060821119843623414,404.58429626464846,0.04601950167639799,432.69192077636717,-0.021929822018626616,418.25708236694334,0.011825219001459079,408.6568332521336,404.3054374308951,0,1,1,68.31154621657441,0,0,4.351395821238498,0.1986886669496828,4.152707154288815,0,423.84865611408804,374.02962147380254,398.9391387939453,0.12487878424487543,0.9870412553373276,9.078576081597937,0.02145205660030881,23.732371913600378,26.390379913945097,13.518826205916348,0,96.63570104230881,97.78610449193845,5645267.857142857,6677168.933333334,0.8454582943020827,0,802102668.0,397.035375998103,37935616.44129867,0.10853844189246849,0.25647574628153336,0.2771351044629081,0.925453838764263,0.24584110427640699,0.8562499964190752,1.132677093765278,0.8562499964190752,1.4096399183908879,0.011817880309991773,0.0030324158390045925,0.0,0.0,0.0,1.0,1.0,1847.58837890625,-0.014797073027464802,0.05524349648143967,0.5193512672955648,0.2635,0.12880258073329373
2023-04-19,425.9979669792245,428.8909209857079,422.95792021063374,424.674072265625,5982454.0,0,1,0.003475892369492417,0.02606331415828489,0.052497189830415625,0.08520234135790439,0.06204786119283279,0.0034698654175964565,0.9222222222222223,0.8333333333333334,400.91516571044923,0.05926168074254152,404.516630859375,0.04983093368355836,432.5188348388672,-0.018137389499268183,418.6852432250977,0.01430389328841845,411.1210238695938,405.81422519643064,0,1,1,69.19243061608361,0,0,5.306798673163144,1.220310668192375,4.086488004970769,0,427.4380436376346,374.39228778326384,400.91516571044923,0.13231167187295112,0.9478945803016231,8.853892131131953,0.02084867598319971,24.742797933629358,28.56871901146092,12.871756410671233,0,90.01157753491646,95.16694247991701,5738903.0,6641762.3,0.8640632923584152,0,808085122.0,399.0412045905426,37956410.80750811,0.10304839890043299,0.25092409133466725,0.27641003397044517,0.9077966082862862,0.23968127829444869,0.8592262292480062,1.1366141574325956,0.8592262292480062,1.4145396750269548,0.013970715809000911,0.0066041653578692286,0.0,0.0,1.0,1.0,1.0,1850.4830322265625,0.0015667198134392546,0.03149248183203257,0.5114515766982487,0.3122,0.151553969981779
2023-04-20,423.5462871245648,427.2728063863901,419.77074692175154,421.5359497070313,3830118.0,0,1,-0.0073894846978811435,0.0026825037514692784,0.029457567013093877,0.06044150124950076,0.05136354862418191,-0.007416922189444118,0.7444444444444445,0.7555555555555555,402.4376388549805,0.04745657216951554,404.2283172607422,0.0428164769939288,432.1898239135743,-0.024650914059173808,419.0967416381836,0.0058201551730353495,412.7233201522765,406.97879738240107,0,1,1,65.03878221219347,0,0,5.7445227698754024,2.1251530885289807,3.619369681346422,0,430.0580158432684,374.8172618666926,402.4376388549805,0.1372653764040245,0.8457286419397758,8.757332654953851,0.02077481804586352,25.06419946825709,26.82059842581588,14.683728940550075,1,82.57832679647724,89.74186845790085,5576685.285714285,6536693.6,0.8531354882098628,0,804255004.0,400.8453366708244,37928108.20915603,0.12034709574211622,0.25239027497662464,0.27659541948510347,0.9124889900435158,0.23757454882576962,0.85287699017496,1.1282151645088525,0.85287699017496,1.4040869557437974,0.017796962441406213,-0.002655648683809438,0.0,1.0,1.0,1.0,1.0,1839.552978515625,-0.0059065949379638605,0.02204471365677607,0.4975637487932928,0.3235,0.16243563357129923
2023-04-21,421.6830601250834,422.5166256480031,410.89581905211617,414.1810302734375,5139533.0,0,1,-0.017447905543300668,-0.021318450785497434,0.011253457585743698,0.049186486993362255,0.04116854907641909,-0.017601914296570167,0.6222222222222222,0.6777777777777778,404.10230865478513,0.024941014695519535,404.0164953613281,0.02515871264864777,431.8098190307618,-0.04082535408039998,419.46442047119143,-0.01259556219766866,412.9475832478397,407.51229611507046,0,0,1,56.48091453029869,0,0,5.435287132769247,2.787179897377034,2.648107235392213,0,430.2266544385666,377.9779628710037,404.10230865478513,0.12929570172834054,0.6928990241912479,8.961866507877644,0.021637559069185578,23.902887365846727,24.336446054699994,20.397270965758832,0,65.15677639806894,79.24889357648756,5639248.428571428,6533373.766666667,0.8631449278691089,0,799115471.0,402.81177816539025,37838434.12283535,0.17832425119645742,0.2571222681427349,0.2757315930288974,0.9325092758441643,0.23468815537246412,0.8379960730103327,1.1085301728859827,0.8379960730103327,1.379588579165399,0.028057312495009826,0.0003489866478869047,1.0,1.0,1.0,1.0,0.0,1799.7254638671875,-0.02165064834423802,-0.023954549658398827,0.4943979326107276,0.3282,0.16894654475601328
2023-04-24,410.895793382151,420.65335462313,410.2583715258515,419.5255737304688,2308450.0,0,1,0.012903882762334451,-0.01212341150871088,0.013623926366752359,0.06272506641734998,0.06351771257664329,0.012821337015869193,0.6777777777777778,0.8555555555555555,405.9582015991211,0.033420613447158146,404.01845581054687,0.03838220184474337,431.2861471557618,-0.027268609258264864,419.7784100341797,-0.0006023089746094326,413.9595817836288,408.4021685310259,0,0,1,60.54372552247952,0,0,5.557413252602885,3.3412265684222042,2.2161866841806805,0,430.83736973992586,381.0790334583163,405.9582015991211,0.12257009732924506,0.7726653088753324,9.064231978549133,0.02160591045248793,22.73061608050593,22.34292008845379,19.228749189773794,0,77.81636213980671,75.18382177811765,5059296.571428572,6411568.933333334,0.7890886963915517,0,801423921.0,404.30245917143304,37868222.09099806,0.18369432850027476,0.257483348056641,0.2762686943846328,0.9320033477921388,0.22807481917418823,0.8488094760917546,1.1228345162754136,0.8488094760917546,1.3973906284512048,0.024777948588080422,-0.007931886424440121,1.0,1.0,1.0,1.0,0.0,1798.6773681640625,-0.0005823642128577333,-0.036776694213266126,0.49343573166691523,0.3214,0.16596865623528279
2023-04-25,416.779760284346,423.3501825938723,416.779760284346,421.4869079589844,3648159.0,0,1,0.004675124357915061,-0.00011634060649157174,0.01836274427467499,0.06570786560550235,0.06729566606161286,0.00466422990611618,0.7,0.8777777777777778,407.7675155639648,0.03364513324717611,403.920390625,0.04349004838998871,430.89192230224614,-0.021826852295143948,420.098076171875,0.0033059703576008956,415.11763196445276,409.37140848865243,0,1,1,61.94768202871092,0,0,5.746223475800321,3.8222259498978275,1.923997525902493,0,431.5607248833126,383.974306244617,407.7675155639648,0.11669987633242675,0.7883047892127656,8.886102716476074,0.02108274906925649,21.98687479936244,23.330661286992108,18.213190668693443,0,80.4403094596051,74.4711493324936,4670731.714285715,6338468.2,0.7368865105745446,0,805072080.0,405.8963872178444,37885277.68800051,0.18376450688446944,0.2575766021390225,0.2762031520987532,0.9325621383456516,0.22675131030301676,0.8527777659486603,1.1280839072723605,0.8527777659486603,1.4039236034157991,0.015588674726204479,-0.00654504425488701,1.0,1.0,1.0,1.0,0.0,1841.25,0.02366885389756801,-0.013978302517867358,0.4485478360878432,0.3514,0.19970118590557379
2023-04-26,417.3681627308753,418.74107831365376,413.9358588102716,416.5836181640625,5184973.0,0,1,-0.011633314587790267,0.005800815863147735,-0.009097312879502328,0.04824176270575231,0.04591899555822332,-0.011701511008158076,0.4444444444444444,0.7111111111111111,409.0301116943359,0.01846687139594076,403.74092956542967,0.03180923126237457,430.50456237792974,-0.032336345373376964,420.38642364501953,-0.009045975957035612,415.3431683028543,409.9056462423865,0,0,1,56.53200673816514,0,0,5.4375220604677565,4.145285172011814,1.2922368884559425,0,431.8094160232388,386.25080736543305,409.0301116943359,0.11138204096780832,0.6657975669639422,8.790741747350124,0.021101986165687578,20.847436806545105,21.899196106974305,19.40650334220289,0,67.48695150731777,75.24787436890988,4422822.142857143,6321925.033333333,0.6996005361558584,0,799887107.0,407.5490948406391,37824959.26596231,0.17532974853719233,0.2598999057942963,0.2770024156370755,0.9382586256388945,0.22523589657199986,0.8428571339239065,1.1149605522976376,0.8428571339239065,1.387591318480039,0.011534825888159902,-0.00977194107416938,1.0,1.0,1.0,1.0,0.0,1844.5440673828125,0.0017890386328920371,-0.0164204133005198,0.4164069406474324,0.3443,0.21275312508787356
2023-04-27,416.7797840732524,423.1050421789379,413.8868300716996,422.4675903320313,3271257.0,0,1,0.014124348417492438,0.007012722908407598,-0.00173787407378867,0.06304749458797465,0.11910641691102009,0.014025529225790779,0.5111111111111111,0.9888888888888889,410.58690643310547,0.028935856727962873,403.6644384765625,0.04658114528600107,430.1039636230469,-0.0177547149919044,420.6721235656738,0.004268090671516033,416.43923323042,410.8361606193973,0,1,1,60.944440071659834,0,0,5.6030726110226965,4.4368426598139905,1.166229951208706,0,432.5131898837425,388.66062298246845,410.58690643310547,0.10680459170565068,0.7709233401472941,8.821275344484992,0.02088035992903517,20.35737684244986,23.798216556947644,17.95794972704129,0,79.43479126699468,75.7873507446392,4194992.0,5872975.1,0.7142873805134983,0,803158364.0,409.2333101905582,37871163.639593475,0.1940144173671387,0.2029772602941744,0.278731524823736,0.7282178089562457,0.2144447608556716,0.8547619417496167,1.130708643610049,0.8547619417496167,1.4071901417233386,0.021819927299022837,0.00047089203856465455,1.0,1.0,1.0,0.0,0.0,1849.6845703125,0.0027868691350818597,0.0011345554183941342,0.41641506626831915,0.4515,0.21987881779579282
2023-04-28,425.11535214002674,428.54765602120347,422.5656346999754,427.6650695800781,4913550.0,0,1,0.01230266975973704,0.014658015479083408,0.0070430419698011,0.05990997171148882,0.09931939564347636,0.012227606939783768,0.5555555555555556,0.9666666666666667,412.0946670532227,0.03778355744857165,403.79388549804685,0.05911725001132228,429.8416375732423,-0.005063650895833195,420.95805953979493,0.01593272747317278,418.16628497652124,412.0827464683366,0,1,1,64.38369425450318,0,0,6.083538508184631,4.766181829488119,1.3173566786965125,0,434.37898606573714,389.8103480407082,412.0946670532227,0.10815145545009638,0.849357826867211,8.62547465481979,0.02016876118334634,20.5293639585809,27.107075160306604,17.053771627096285,0,95.22890290362317,80.71688189264522,4042291.4285714286,5708051.966666667,0.7081735506574246,0,808071914.0,410.9602766974407,37931613.42259143,0.20769720283281284,0.18898191665750383,0.2791015550831596,0.6771080748768877,0.20971738822277702,0.8652777956421538,1.1446193786468635,0.8652777956421538,1.4245023373261183,0.013987631318830315,0.006267372618842721,1.0,0.0,1.0,0.0,0.0,1921.4539794921875,0.03880089088247196,0.038352660375507774,0.42829005773743756,0.4594,0.20199482221915557
2023-05-01,425.11535214002674,428.54765602120347,422.5656346999754,427.6650695800781,4913550.0,0,1,0.0,0.02660078537138122,0.014539969550180887,0.04442584869066746,0.13052490800895655,0.0,0.6666666666666666,0.9888888888888889,413.7397216796875,0.03365726607988462,403.8301696777344,0.05902208822427641,429.5881372070313,-0.004476538014890296,421.2158149719238,0.015311045736932255,419.62763645399156,413.2369926247619,0,1,1,64.38369425450318,0,0,6.390643829229646,5.091074229436424,1.2995695997932213,0,435.4883679785228,391.9910753808522,413.7397216796875,0.1051320197661507,0.820142865653583,8.436656559563238,0.01972725190730948,20.689066280702576,25.734196322241328,16.190057558441534,0,94.31805498161894,89.66058305074561,4197067.428571428,5660794.2,0.7414273121908279,0,808071914.0,412.5656417732528,37931613.42259143,0.19968214148461455,0.1647530414806818,0.27368969521527414,0.6019702033395637,0.20283912557144237,0.8652777956421538,1.1446193786468635,0.8652777956421538,1.4245023373261183,0.013987631318830315,-0.005961949248169681,1.0,1.0,1.0,0.0,0.0,1921.4539794921875,0.0,0.044522230092362,0.4117833157761366,0.3873,0.15473215109298602
2023-05-02,430.5089901167917,441.1981595123605,429.528331824954,437.5206909179688,5178547.0,0,1,0.02304518661663879,0.03563137369687164,0.05635135107255573,0.06823895619749365,0.14824342121913725,0.0227836566847447,0.9333333333333333,1.0,415.8775573730469,0.052042081043358085,404.11750244140626,0.0826571189685251,429.4709484863282,0.01874339221316818,421.5478709411621,0.037890880438193754,422.3804140638342,415.0357850909254,0,1,1,70.16212494527583,1,0,7.344628972908822,5.541785178130904,1.8028437947779183,0,438.17136562299487,393.5837491230989,415.8775573730469,0.1072133268780848,0.9854068291578766,8.800687514757463,0.020114905871748846,22.027674572918176,33.17506917949161,14.41177518334449,0,89.14616423190094,92.89770737238102,4202640.857142857,5630745.7,0.7463737630955092,0,813250461.0,414.733064997974,38050954.004609466,0.17855113718928686,0.17327577194339772,0.26462330322814825,0.6548016362489658,0.20658551661081767,0.885218283917961,1.1709973458328016,0.885218283917961,1.4573302595256368,0.026672630414168192,0.006649877997999758,0.0,0.0,0.0,0.0,0.0,1916.363037109375,-0.002649526055345852,0.06480853640396944,0.4112835794789072,0.3541,0.1491863574380434
2023-05-03,432.47030390485634,435.31420694733896,425.8508604777412,433.7451477050781,4826725.0,0,1,-0.008629404943041985,0.014216915426293664,0.03389441517990721,0.04798011656331469,0.1261616718741123,-0.00866685385473777,0.7888888888888889,0.9666666666666667,417.7898406982422,0.038189791738760845,404.36462768554685,0.07265848199358071,429.20617095947273,0.010575283052102211,421.82825271606447,0.028250585190259886,424.12883462402556,416.42166380308487,0,1,1,65.76056431400778,0,0,7.707170820940689,5.974862306692861,1.732308514247828,0,439.27013377350477,396.3095476229796,417.7898406982422,0.10282822119064973,0.8713940715550711,9.005626295148188,0.020762483091272523,22.640519998807285,30.104390127790136,15.994628227878652,0,78.00286690216403,87.15569537189465,4562394.428571428,5574583.033333333,0.8184279256924684,0,808423736.0,416.8302423895654,38009302.240035765,0.19873758354612958,0.17640450520810722,0.26331722307869987,0.6699315112987642,0.206688519281226,0.8775793768830482,1.160892335548383,0.8775793768830482,1.4447543665804414,0.021817757546494298,-0.011543195825816092,1.0,0.0,0.0,0.0,0.0,1835.6600341796875,-0.042112585855036744,0.020561033718556,0.4304299944006862,0.4016,0.16459996551951425
2023-05-04,436.39291063302295,437.8148770318539,431.9799486153856,436.88323974609375,3100187.0,0,1,0.007234875266314944,0.021554648302389845,0.036528612149935746,0.05556212198822874,0.11710134324121135,0.007208829107942876,0.8333333333333334,0.9444444444444444,419.76341400146487,0.04078446375645577,404.54212646484376,0.07994498264956482,429.0541690063477,0.018247278095158692,422.10610488891604,0.035008105038107785,426.0910507966514,417.9373360951596,0,1,1,67.58099660422576,0,0,8.153714701491822,6.410632785652654,1.7430819158391682,0,440.6039445813843,398.9228834215454,419.76341400146487,0.09929655555854008,0.9107339225116563,8.779147875242483,0.02009495232718178,23.42908401884832,30.709802342634887,15.235300459040648,0,86.05381598559032,84.4009490398851,4484112.714285715,5329463.3,0.841381666759149,0,811523923.0,418.354285895822,38031731.70628302,0.19927084473077522,0.17342609120044306,0.26104341432162254,0.6643572742531278,0.1976398187355385,0.8839285542110875,1.1692912467936964,0.8839285542110875,1.455206984213115,0.013355807423190287,0.0061044208608534165,0.0,0.0,0.0,0.0,0.0,1907.77880859375,0.03928765298106551,0.03613241471486761,0.44274611455667773,0.429,0.167999574482674
2023-05-05,434.43162059619226,434.9219497390773,424.28180135300767,425.8508605957031,3034975.0,0,1,-0.02525246598336517,-0.026672636436418706,0.02224581579199536,0.012946125765973315,0.11804853261689074,-0.025576780985020982,0.7,0.9444444444444444,421.185368347168,0.011077052051555474,404.9147772216797,0.05170491311202878,428.83352111816413,-0.006955287717909389,422.21874496459964,0.008602449972722121,426.054098458044,418.52352309519983,0,1,1,56.256718797392985,0,0,7.530575362844161,6.634621301090956,0.8959540617532049,0,439.3082166383245,403.06252005601146,421.185368347168,0.0860564001179571,0.6287185152571129,9.052168626517025,0.02125666392655486,22.93895927287289,27.65617194239388,19.794807925022496,0,50.3962376104535,71.48430683273597,4176970.1428571427,5136192.5,0.8132425221323272,0,808488948.0,419.6714393958665,37955091.10333516,0.25739416806814586,0.17215995768178916,0.26087369165491175,0.6599360655712472,0.19132698295958367,0.8616071784641468,1.1397637593593921,0.8616071784641468,1.4184594193455178,0.02498562142433067,-0.00561161181492408,1.0,0.0,0.0,0.0,0.0,1916.8125,0.004735188044629135,0.03917956415090029,0.43208876810569496,0.3227,0.12856283688983836
2023-05-08,429.773491232976,438.2561793699664,427.7631537297948,436.4419555664063,4090222.0,0,1,0.024870432235096995,0.006217494018311953,0.03307795805920177,0.0312825986596883,0.1413000800591444,0.024566197024745454,0.7888888888888889,0.9888888888888889,422.83287200927737,0.03218549090674848,405.5669152832031,0.07612810394468068,428.6854418945313,0.01809371840946095,422.3408547973633,0.03338796284770657,427.65223032086897,419.8508143893633,0,1,1,62.71575403989782,0,0,7.801415931505687,6.867980227173902,0.9334357043317851,0,440.1564026022446,405.5093414163101,422.83287200927737,0.0819403208205967,0.8927918585676109,9.291679351356041,0.021289610755449648,22.819639004632283,27.581906834817403,17.907090560612257,0,84.62754835932262,73.69253398512215,4293965.142857143,5036997.966666667,0.8524849863496687,0,812579170.0,421.29094720711436,38056816.69241266,0.2826428909847253,0.18246129480415121,0.26426472393806344,0.6904489259297251,0.19330891808663608,0.8830357214094126,1.1681101767005593,0.8830357214094126,1.4537371182125856,0.02404220196143595,0.00921127793844473,0.0,0.0,0.0,0.0,0.0,1884.0721435546875,-0.01708062548909317,0.018591047248871062,0.4344809623815132,0.2554,0.10739731767144109
2023-05-09,435.9516018118895,438.06004093680906,430.7051042516868,431.8328552246094,2941913.0,0,1,-0.010560626179523247,-0.011560032663234132,0.00974544320073556,0.016857122736013697,0.12076862351373574,-0.010616785325941343,0.5888888888888889,0.9555555555555556,423.9508224487305,0.01859185631567463,406.3739965820312,0.062648837909684,428.52167175292976,0.007726991865159908,422.46712814331056,0.0221691262050612,428.29540338298284,420.7383729697519,0,1,1,58.65662067597662,0,0,7.557030413230962,7.005790264385314,0.5512401488456478,0,440.5135405886801,407.3881043087809,423.9508224487305,0.07813509144425622,0.7379450253659533,9.1533405894822,0.021196489518430155,22.708841612694574,25.99885342511374,16.87931967661865,0,69.73054795386837,68.25144464121485,4012302.714285714,4920921.433333334,0.8153559792902161,0,809637257.0,422.4294094270649,38025748.24896698,0.2900539368007086,0.18727653600637156,0.2631741298959219,0.7116069352273882,0.19231087641767547,0.873710311252442,1.1557742017879278,0.873710311252442,1.4383847439438449,0.017031906201988103,-0.001123525702015655,0.0,0.0,0.0,0.0,0.0,1892.65625,0.0045561453019080655,-0.01498746771952264,0.3730063844967359,0.3218,0.16180241855706864
2023-05-10,432.4702838019314,434.2845075312346,425.262439753103,428.00830078125,3075599.0,0,1,-0.00885656197088136,0.005066187215235329,0.0008025701082132741,0.0153542090033294,0.09372255209851987,-0.008896014430695822,0.5,0.8888888888888888,424.8726409912109,0.007380234657434558,406.83294494628905,0.0520492651787494,428.31867553710947,-0.0007246351223659863,422.59444244384764,0.012811002213124768,428.25123375194704,421.27688614097394,0,1,1,55.44958116677125,0,0,6.974347610973098,6.999501733702871,-0.025154122729773576,0,440.0609525966726,409.6843293857492,424.8726409912109,0.07149583258657456,0.6032260817229844,9.143963960100015,0.021363987435312353,21.771022496317176,24.166548539316086,19.94129340359302,0,57.36926595340014,70.57578742219705,3749738.285714286,4791453.966666667,0.7825888157959108,0,806561658.0,423.28619361842345,37998509.0158259,0.2966742379895173,0.18736214674297225,0.2638018023567037,0.7102383117520464,0.1896670985295223,0.8659722417362368,1.145538015945447,0.8659722417362368,1.425645600321136,0.021079188795318886,0.0014761002309341474,0.0,0.0,0.0,0.0,0.0,1888.713623046875,-0.0020831183439280476,-0.017039365394515116,0.2828635423203839,0.2723,0.1805720570582345
2023-05-11,425.6056717083093,425.6056717083093,411.4351483176024,412.71002197265625,11081500.0,0,1,-0.03574294886493923,-0.05437592168001171,-0.05670741855261041,-0.0035516071313311803,0.05462968284643166,-0.036397369361489816,0.1,0.7333333333333333,424.81380157470704,-0.028491964143312426,407.0300573730469,0.013954656411046411,427.97887756347666,-0.035676656936312875,422.6090676879883,-0.02342364722434322,425.8602780935946,420.64230360998744,0,0,1,44.8794336841561,0,0,5.217974483607179,6.643196283683734,-1.4252218000765549,0,440.1892736937934,409.4383294556207,424.81380157470704,0.07238687661319984,0.10639323760908231,9.674620281781985,0.023441689725729433,21.16511123948395,21.209504513689968,27.710066728633027,0,7.923940680762839,45.00791819601046,4593017.285714285,4928849.866666666,0.9318639053659183,1,795480158.0,423.2658244181503,37602423.527979076,0.31844820810781815,0.2193663739238106,0.2741618184992857,0.8001346618015014,0.1926198053017844,0.8350198401814016,1.104593109218665,0.8350198401814016,1.374688822529332,0.03433530235823964,-0.005613510458921407,0.0,0.0,0.0,0.0,0.0,1981.0455322265625,0.04888613501433725,0.03375273571063753,0.3123872910483564,-0.009,-0.006298343300167556
2023-05-12,410.8958285580895,410.8958285580895,395.98981039603416,396.9214477539063,11152831.0,0,1,-0.038255853694282194,-0.08084472278642296,-0.0848970879466987,-0.053880209913221844,-0.0014802385732159973,-0.0390068238712782,0.03333333333333333,0.5,423.9655334472656,-0.06378840627317917,406.7917578125,-0.024263790671843363,427.7356744384766,-0.0720403476399827,422.59771026611327,-0.06075816761060633,421.4081503490272,418.8852031762037,0,0,0,37.0332327433915,0,0,2.5229471728235353,5.819146461511695,-3.2961992886881593,0,443.25347631751816,404.67759057701306,423.9655334472656,0.09098825894370328,-0.2010619503407208,10.177876802841993,0.025642042929240595,21.84532509600011,18.720721315626538,35.29806255383762,0,2.0607639431268248,22.451323525763282,5496746.714285715,5051656.433333334,1.0881077893610211,1,784327327.0,421.52534136768236,37175762.45696602,0.3679418543120913,0.24500995925065772,0.2843742899088116,0.8615756344542379,0.19920083095952953,0.803075443343599,1.0623359568406834,0.803075443343599,1.3220989280594848,0.037554075866661506,-0.004395806542073677,1.0,1.0,1.0,1.0,1.0,1961.1317138671875,-0.01005217600273589,0.06835235138927587,0.31521324482744184,0.0533,0.04117733844115016
2023-05-15,400.5989179300835,404.8647875458916,396.5291919463672,402.7563781738281,5148782.0,0,1,0.01470046643470746,-0.05899867493534394,-0.07811437580461855,-0.04443917339178405,0.02024602442896839,0.014593461980243458,0.05555555555555555,0.5666666666666667,423.082942199707,-0.04804392235762648,406.7172283935547,-0.009738584803429854,427.41941253662117,-0.05770218581422041,422.5640249633789,-0.04687490088932064,418.5386469374581,417.69047539824993,0,0,0,41.129490744769484,0,0,0.848171539208181,4.824951477050992,-3.976779937842811,0,444.54876246294515,401.6171219364689,423.082942199707,0.1014733430359178,0.02653651766828352,10.04628528831931,0.024943826672270283,22.476952248479403,17.611225490339503,33.206099729119245,0,14.967517969706874,8.31740753119886,5789403.142857143,5049923.633333334,1.1464338004326802,0,789476109.0,420.6968811067216,37251451.953936644,0.3868823546873902,0.24768377576284434,0.2851159984017503,0.8687123035931464,0.1999636638560254,0.8148810269430095,1.0779527909166027,0.8148810269430095,1.341534398974786,0.020696371432575585,0.00926498227038923,0.0,0.0,0.0,1.0,1.0,1912.570068359375,-0.024762052015391167,0.0025114335813158917,0.3193815170177669,-0.0117,-0.00904533901568926
2023-05-16,405.6002546543283,409.6209594297872,403.0505372410631,404.4725036621094,4010692.0,0,1,0.004260951734799345,-0.019959579055467302,-0.0502015116364648,-0.029072469424814118,0.024593243496681128,0.004251899584696227,0.2111111111111111,0.6,422.1464141845703,-0.041866778749264824,406.677021484375,-0.005420807436375756,426.8452371215821,-0.052414157436410855,422.53892028808593,-0.04275681069487971,416.37462489509676,416.711366380758,0,0,0,42.318031349389464,0,0,-0.33674148566126405,3.7926128845085407,-4.129354370169805,0,445.1681619660203,399.1246664031203,422.1464141845703,0.1090699672336171,0.11614750777736717,9.819020714579294,0.024276114261606186,22.43923043661334,20.191665392976734,31.54790432879816,0,18.76355459087492,11.930612167902888,5928791.285714285,5010254.5,1.1833313628507864,0,793486801.0,419.9865428934801,37268541.31897179,0.3830621595894794,0.24789058506739048,0.28508270163745214,0.8695392026368547,0.1994265792944496,0.8183531956684174,1.0825458957310905,0.8183531956684174,1.3472506122993906,0.016244422375403095,0.007061034001236263,0.0,0.0,0.0,1.0,1.0,1885.7191162109373,-0.014039199186815066,-0.016221400783364426,0.32341793798075086,-0.0185,-0.014070999727388525
2023-05-17,403.83506708958447,405.4041263205474,397.7059528493509,399.81439208984375,3727878.0,0,1,-0.011516509849472834,0.00728845556799218,-0.08392310365539446,-0.053621150499103765,0.010910029200460691,-0.011583338432514995,0.044444444444444446,0.5444444444444444,420.90343017578124,-0.05010422005145006,406.6760412597656,-0.016872518844892957,426.27400421142585,-0.06207184078825155,422.39966674804685,-0.05346896893191627,413.8268967712117,415.4597386555051,0,0,0,39.95980688836186,0,0,-1.6328418842933843,2.7075219307481557,-4.34036381504154,0,445.94627391617655,395.8605864353859,420.90343017578124,0.11899567428061449,0.07894082827502823,9.667531625766236,0.024180049085361113,22.821586809562753,19.04320453831549,33.70237065620105,0,8.459901254010617,14.063657938197485,5877027.857142857,4947595.733333333,1.1878553087002806,0,789758923.0,418.8879630662161,37225609.17526716,0.3111936590085342,0.2504444652252111,0.28586552932552545,0.8760918667462732,0.1971544578489636,0.8089286230301544,1.070078745260397,0.8089286230301544,1.3317349873531363,0.019254368085545516,-0.0015759701011898955,0.0,0.0,1.0,0.0,1.0,1896.0501708984373,0.005478575572940292,0.006357520535891448,0.3204317634527921,-0.019,-0.01474558211570167
2023-05-18,403.0505353075992,405.4041090903559,397.8040077554802,398.6375732421875,4078918.0,0,1,-0.0029434129209431337,-0.010226541787658472,-0.07687067248543655,-0.06787436805721014,0.00308445708387306,-0.002947753279826034,0.07777777777777778,0.5222222222222223,419.7585113525391,-0.05031687872699955,406.62994995117185,-0.01965515995549289,425.6522668457032,-0.06346657990032127,422.26727783203125,-0.05595911838388561,411.4900777667464,414.2136523285927,0,0,0,39.363002085993486,0,0,-2.723574561846249,1.6213026322292747,-4.344877194075524,0,446.70127965937934,392.8157430456988,419.7585113525391,0.128372707536177,0.10804068331409428,9.519858033559771,0.023880985317397803,23.176632013015784,17.957276848144403,31.780512523220267,0,5.856800564294747,11.026752136393442,6039457.142857143,4944407.966666667,1.2214722538214655,0,785680005.0,417.94156023937734,37213603.23532249,0.31652207719704883,0.2502541130407795,0.28382291168440565,0.8817262551342131,0.19705930082402126,0.8065476120690067,1.066929061655171,0.8065476120690067,1.327815141384089,0.019065190651906677,0.008094113873290107,1.0,0.0,1.0,0.0,1.0,1886.5675048828125,-0.005001273785456561,-0.0032170369644184404,0.3092086677340707,-0.0316,-0.02544965935028928
2023-05-19,400.1085743027812,400.5008316254581,392.6555654626584,398.88275146484375,5523299.0,0,1,0.0006150404254725572,-0.013819857089556908,-0.06804902910350796,-0.06730107311194611,0.0037013945751429578,0.0006148513656257351,0.13333333333333333,0.5333333333333333,418.99359741210935,-0.047997979137340344,406.65152465820313,-0.019104251975666765,424.99914855957036,-0.06145046921444828,422.1226307678223,-0.05505480542634309,409.55048910491524,413.07803004238906,0,0,0,39.56551406658627,0,0,-3.527540937473816,0.5915339182886565,-4.119074855762473,0,447.43031503358577,390.55687979063293,418.99359741210935,0.13573819646464397,0.1463929801082742,9.400244328505481,0.02356643473297438,23.904411512467533,16.88679086995728,33.798071402303016,0,12.828292603830418,9.048331474045275,6389128.571428572,4989366.233333333,1.2805491264088014,0,791203304.0,416.8589430001871,37217000.28748946,0.32475275041519397,0.25025826597177725,0.2651350232640289,0.9438898825620751,0.1972193908651873,0.8070436714554976,1.0675852661592007,0.8070436714554976,1.328631801373595,0.019668100799016774,0.003690071281113364,1.0,1.0,1.0,1.0,1.0,1952.49755859375,0.034947094943752255,0.03377109942373302,0.32287015869388214,-0.0291,-0.022394245611707633
2023-05-22,398.14726104557394,401.08923588088606,394.9111006976569,399.81439208984375,4237198.0,0,1,0.0023356252472153116,0.0,-0.031246224216156526,-0.08618175005395268,-0.009114161636144313,0.002332901914200178,0.35555555555555557,0.5,418.00803833007814,-0.043524632475770375,406.75841735839845,-0.01707162033339375,424.22099670410165,-0.05753275958493339,421.9826419067383,-0.052533558529153736,408.05262802567347,412.0955383422005,0,0,0,40.38031943798544,0,0,-4.0429103165270135,-0.33535492867447747,-3.707555387852536,0,447.7054782411967,388.31059841895956,418.00803833007814,0.14209028146807134,0.19368325527913985,9.170093675271461,0.0229358768886209,24.490562105786008,16.532467871168716,32.1715959309802,0,15.698969846627616,11.461354338250942,5411371.142857143,4953039.233333333,1.0925354894100763,0,795440502.0,416.06382267537714,37226896.79411571,0.271673838595582,0.24627806537618288,0.2646617710446547,0.9305388700607989,0.19587460401778517,0.8089286230301544,1.070078745260397,0.8089286230301544,1.3317349873531363,0.0154525082274699,-0.0018438762181839602,0.0,1.0,0.0,1.0,1.0,2321.87548828125,0.18918227480578143,0.17204549340752284,0.6254246202269471,-0.007,-0.002725401208504999
2023-05-23,401.28537455591305,405.7963786392098,399.0298425869495,402.3640747070313,3690618.0,0,1,0.006377165673952634,0.00934809389525304,0.013712100930608928,-0.07234910445472964,-0.017363188859083056,0.006356917590930305,0.7,0.5,417.0518966674805,-0.03521821163700384,406.9074768066406,-0.011165688414637527,423.538458557129,-0.049994005083346116,421.8914407348633,-0.04628528607695532,407.1774659766516,411.37468918403977,0,0,0,42.658865036828296,0,0,-4.197223207388163,-1.1077285844172147,-3.089494622970948,0,447.49961589212774,386.60417744283325,417.0518966674805,0.14601405469172823,0.2588025912207,8.998410987913523,0.022363852922171124,24.32717692565181,19.38096076008998,30.44359033391165,0,21.29030381939008,16.60585542328272,4345340.714285715,4910538.433333334,0.8849010700718707,0,799131120.0,415.37681241700756,37250432.47654098,0.12858108506768093,0.24301737916472296,0.2569970718182096,0.9456036889658598,0.1959192028317794,0.81408729487762,1.076902814703098,0.81408729487762,1.3402276820012864,0.016816948822250533,0.0036791633697337033,1.0,1.0,0.0,1.0,1.0,2628.916748046875,0.1322384689942655,0.34051003788158174,0.7192398992780651,0.0406,0.013630710580850353
2023-05-24,400.9911320742178,402.5601911799923,395.7936555841104,399.0298156738281,7866105.0,0,1,-0.008286671804959012,0.0003686903192587909,-0.00925264676601012,-0.08664425784396113,-0.02573934756606011,-0.00832119713544636,0.5,0.4888888888888889,416.17420654296876,-0.0411952269016233,406.92218627929685,-0.019395282124164363,423.0030187988282,-0.05667383460542449,421.7342900085449,-0.05383596940684327,405.9239813146787,410.4602541092093,0,0,0,40.480113541844894,0,0,-4.536272794530589,-1.7934374264398896,-2.7428353680906996,0,447.67264910400144,384.6757639819361,416.17420654296876,0.15137143083748777,0.22785335598861817,8.83899131705412,0.02215120517279646,24.467774205032022,18.321192446833056,31.394095224312988,0,13.978430694215268,16.989234786744333,4733529.714285715,5016022.233333333,0.9436819643321454,0,791265015.0,414.0427466147187,37185248.64602263,0.10531362865025809,0.24402980712861036,0.24781531094081605,0.9847244958439644,0.19610439312424627,0.8073412206443823,1.0679788745118168,0.8073412206443823,1.3291216550566207,0.01695746866548166,-0.003412189902424062,1.0,0.0,1.0,1.0,1.0,2471.10400390625,-0.060029570832880186,0.2920331886329226,0.7492368676712453,0.0648,0.02098105276973337
2023-05-25,396.6762558672262,397.90207866038816,390.1058337249521,396.43109130859375,8018242.0,0,1,-0.006512606986137093,-0.00846217857132503,-0.01988123365793315,-0.06908467731157197,-0.042175103336520414,-0.006533906538454482,0.4444444444444444,0.4888888888888889,414.87238159179685,-0.04445051322155241,407.30072021484375,-0.026686986707306747,422.4004040527345,-0.06148032173969841,421.56855865478514,-0.059628420645041515,404.463536698358,409.4210568647193,0,0,0,38.81610364277441,0,0,-4.957520166361292,-2.4262539744241702,-2.5312661919371213,0,447.4106518640783,382.3341113195154,414.87238159179685,0.1568591775014644,0.2166215332148007,8.84506207646997,0.022311726477539852,25.0750390888803,17.00085938364319,33.72486984455943,1,13.136473890082224,16.13506946789587,5306036.857142857,5071026.533333333,1.0463437377550153,0,783246773.0,412.3881739695256,37133028.9871569,0.1011116949368979,0.24212863030272846,0.24792129887307324,0.9766350507331344,0.19671911335585132,0.8020833245706173,1.0610235478326242,0.8020833245706173,1.3204656080804729,0.019666078434214487,-0.0058982053825415515,1.0,1.0,1.0,1.0,1.0,2532.841552734375,0.024983792155462536,0.3431701099916358,0.7503513745362344,0.0606,0.019432643608127333
2023-05-26,397.26466421588174,407.26736043858506,395.3033477101774,405.55120849609375,6401768.0,0,1,0.023005554779760296,0.007921019766446769,0.014348699095756645,-0.07077859192117109,-0.02013981020691047,0.022744916846986422,0.7222222222222222,0.5222222222222223,413.76668853759764,-0.01985534425340135,407.6312017822266,-0.005102635119781756,421.918900756836,-0.038793455878326354,421.50089309692385,-0.037840215434994294,404.63087082108655,409.1344014300063,0,0,0,47.04343312253155,0,0,-4.503530608919732,-2.8417093013232826,-1.6618213075964494,0,445.9758427211511,381.5575343540442,413.76668853759764,0.1556875170274936,0.372466690763043,9.067844265894093,0.022359307717317367,24.3249043802989,22.77581582991751,30.546568583745312,0,32.208591631815544,19.774498738704363,5688021.142857143,5072148.366666666,1.12142246867972,0,789648541.0,411.1616664102639,37280305.211568214,0.16588544282446444,0.2520706836723364,0.25052018582334157,1.0061891134396979,0.20111444667745676,0.8205356964319588,1.0854329831849032,0.8205356964319588,1.3508436519619578,0.029500621568294298,0.0021026930671265366,0.0,1.0,1.0,1.0,1.0,2539.72900390625,0.0027192585988806695,0.33948407214499365,0.7500395390598676,0.0492,0.016453297496089654
2023-05-29,408.9345087967157,416.7797751525279,407.4635213550008,411.7784118652344,8350721.0,0,1,0.015354912619377936,0.031948981481191074,0.03296437542545272,-0.046440290767000736,-0.020527171438659453,0.015238218979579268,0.8555555555555555,0.5222222222222223,412.9723556518555,-0.0028910985693861436,408.3009912109375,0.008516806789970138,421.42023620605477,-0.02287935773474815,421.50775772094727,-0.023082246239828536,405.7304925201862,409.330254054838,0,0,1,51.80850516260497,0,0,-3.5997615346518046,-2.993319747988987,-0.6064417866628178,0,444.515007199615,381.42970410409595,412.9723556518555,0.15275914291149628,0.4810741372707154,9.222181579504099,0.02239598122138153,22.62216301860396,28.162685823727642,27.889975436087582,0,49.05665171234786,31.46723907808189,6298278.714285715,5119827.733333333,1.2301739516116756,0,797999262.0,410.5488799888549,37408529.802832015,0.17835948441500765,0.251850851569145,0.25219533404694294,0.9986340648247924,0.2025854656195338,0.8331349503517519,1.1020997117958982,0.8331349503517519,1.371585738200275,0.02262443471800097,0.008342473724016882,0.0,0.0,1.0,0.0,1.0,2529.44775390625,-0.004048168125097895,0.34076715906509336,0.7511047252881952,0.0432,0.014408229530324945
2023-05-30,413.34747867260137,413.34747867260137,403.63896736539857,405.1099548339844,5596603.0,0,1,-0.016194285176446832,0.021892489554091954,0.015611613553787596,-0.053499770694794724,-0.0427527838795666,-0.01632684570957953,0.7444444444444445,0.4888888888888889,411.35181884765626,-0.015174027991799288,408.7824945068359,-0.00898409232832285,420.78820220947273,-0.03725923705361768,421.43518936157227,-0.03873723632883818,405.63502518384746,409.01763929773773,0,0,0,46.937825112874286,0,0,-3.38261411389027,-3.0711786211692433,-0.31143549272102655,0,440.84805735274836,381.85558034256417,411.35181884765626,0.14341124630357352,0.3941922033110371,9.256919417196864,0.02285038742380543,21.358041360364915,26.052930010355652,28.75176519609501,0,42.265322777153,41.176855373772156,6308750.714285715,5144178.9,1.2263863362694702,0,792402659.0,409.18429349972394,37317896.81783066,0.21877716764699956,0.25482410700102,0.25446443903223764,1.0014134311660607,0.20573536480722576,0.8196429253752907,1.0842519947701954,0.8196429253752907,1.3493738876119121,0.023965126483207217,0.0038104639829455497,1.0,1.0,1.0,1.0,1.0,2491.916015625,-0.014837917969758196,0.2762710020594117,0.7511169378208387,0.0696,0.023502917467613745
2023-05-31,402.56022846005175,402.75637208918033,396.5291859557967,398.0491943359375,22945527.0,0,1,-0.017429244613207273,-0.01849831538654756,-0.004415043052050982,-0.03552331384307916,-0.06269485157792765,-0.017582922170866228,0.5333333333333333,0.4444444444444444,409.56702117919923,-0.028121958672600977,409.04040771484375,-0.026870727614198467,419.95415222167975,-0.05216035552895154,421.32265884399413,-0.05523905258718651,404.467974284169,408.20516189316,0,0,0,42.39322378757745,0,0,-3.7371876089910074,-3.2043804187335967,-0.5328071902574107,0,437.6436906304136,381.4903517279849,409.56702117919923,0.13710415145427376,0.2948861622765664,9.208622950124777,0.023134384094125486,20.84507048994002,24.318886260358177,32.352938725724364,0,29.77947834425947,40.36715094458679,8981369.142857144,5709614.666666667,1.5730254434316426,1,769457132.0,406.5335094178225,36917973.61496871,0.2488813067559985,0.2585651107190352,0.25479514274315984,1.0147960747418,0.2060940862091983,0.80535716833344,1.0653543015309876,0.80535716833344,1.3258553200500498,0.015644262623800507,-0.006293911920721662,1.0,1.0,1.0,1.0,1.0,2488.82177734375,-0.001241710499811477,0.07190148218760894,0.7514683091210587,0.0794,0.027189568833942357
2023-06-01,401.1382377853505,406.3847653114467,398.04917034034696,398.490478515625,4269628.0,0,1,0.0011086171909573395,-0.032269621152354655,-0.009627092563437079,0.003953000702273668,-0.05467023917514735,0.0011080031287173636,0.5,0.4888888888888889,407.64738311767576,-0.022462807272351434,409.1884875488281,-0.026144452639143525,419.1764901733399,-0.04934916948505565,421.19321197509765,-0.053900995585880705,403.5483595505468,407.4855557170463,0,0,0,42.76619644746693,0,0,-3.9371961664994615,-3.3509435682867696,-0.5862525982126918,0,432.9756938446247,382.31907239072683,407.64738311767576,0.12426578349768232,0.319235781241661,9.146263808765845,0.02295227690969087,19.954711732853013,25.569411998517918,30.246840705959478,0,31.43384270164422,34.49288127435225,9064084.857142856,5724265.0,1.5834495532863793,0,773726760.0,405.6536232031919,36922706.9979685,0.24464712885667594,0.2582387746504754,0.2547422241107717,1.0137258381562346,0.20694301223545727,0.806250001135115,1.0665353716241253,0.806250001135115,1.3273251860505793,0.020917927580477672,0.007760456479673136,1.0,1.0,1.0,1.0,1.0,2487.623779296875,-0.0004813514803593266,-0.053745699195294816,0.750575863758924,0.0739,0.025285756628332542
2023-06-02,404.08020014854606,413.73968942335904,404.08020014854606,412.6119384765625,11695310.0,0,1,0.035437383632200836,0.018518388780775608,0.03403786451345425,0.02447027741043195,-0.0037884202370135345,0.034823930331462416,0.8777777777777778,0.6,406.9854370117188,0.013824822593545815,409.8229736328125,0.006805291609271375,418.512094116211,-0.01409793342318605,421.09857833862304,-0.02015357044315661,404.94275630839536,407.8652877733067,0,0,1,53.20692757879298,0,0,-2.9225314649113443,-3.265261147611685,0.34272968270034054,1,430.96680063129776,383.0040733921398,406.9854370117188,0.1178487554525862,0.6173098734938098,9.582188601549287,0.023223246125471917,18.703137310530984,28.14546421677639,26.80861296609969,0,84.37487505443546,48.52939870011306,9611114.142857144,5942790.9,1.6172728108029415,0,785422070.0,405.53490293401006,37337158.18513602,0.31893130656660135,0.2746713561910658,0.2640400904760762,1.0402638315106656,0.20532831379543715,0.8348213917288025,1.1043305947456812,0.8348213917288025,1.374362117873336,0.02341059085802887,0.014027240133171411,1.0,0.0,1.0,1.0,0.0,2440.609375,-0.018899322593774026,-0.012340487837842917,0.7495739146881816,0.0002,6.216435856076563e-05
2023-06-05,416.6326902343361,417.7604413087438,410.3074321450024,411.5823059082031,8039709.0,0,1,-0.002495401786387852,0.033998590538143914,0.03821903713353092,0.01757796186816485,-0.018933929942895333,-0.002498520490786299,0.9333333333333333,0.5777777777777777,405.7424545288086,0.014393000570217356,410.4064654541016,0.0028650631826682284,417.8908474731446,-0.015096146764369864,421.04709381103515,-0.022479166919698063,405.96422547759653,408.1406224499657,0,0,1,52.45555192290751,0,0,-2.1763969723691616,-3.04748831256318,0.8710913401940186,0,425.5004491225557,385.98445993506147,405.7424545288086,0.09739180296866996,0.6477845170896718,9.430104355991581,0.02291183129260862,17.927584584931108,29.60209698223687,25.29518600797861,0,77.65965262091926,64.489456792333,9614180.857142856,6133832.866666666,1.5674018295134164,0,777382361.0,405.14507736180497,37317095.88093538,0.3137957303826374,0.271971448885529,0.26345388153258875,1.032330392338086,0.2030877072557985,0.8327381769365677,1.10157484620679,0.8327381769365677,1.3709325321892512,0.01810818652005821,0.009744632626527843,0.0,0.0,1.0,1.0,0.0,2429.529541015625,-0.004539781784774544,-0.04078897537321968,0.75020219294968,0.0083,0.0029869536879406837
2023-06-06,411.5822985927924,413.83780070151874,405.7963907074822,407.5125427246094,4383684.0,0,1,-0.009888090729783361,0.02264060170920912,0.004836218429206118,0.019254310967964816,-0.033154921233602974,-0.00993730257511766,0.5888888888888889,0.5333333333333333,404.5264389038086,0.00738172720896211,410.85070373535154,-0.008124997670424917,417.1813412475587,-0.023176488416368976,420.93211181640623,-0.031880601919128324,406.20242813098315,408.09409802586526,0,0,0,49.48114598922277,0,0,-1.8916698948821136,-2.816324629026967,0.9246547341448532,0,420.06686149502553,388.98601631259163,404.5264389038086,0.07683266702334021,0.59607537386044,9.330911901566223,0.022897238546770098,16.723519965180508,27.7798696446935,27.191304329527423,0,62.943250765414255,74.99259281358968,9325883.142857144,6158350.366666666,1.5143476073292936,0,772998677.0,404.6816918738366,37273749.61581268,0.2986440034832902,0.2727894395511967,0.26435303756667683,1.0319133915092313,0.20413212157283617,0.8245039862888646,1.0906823741818503,0.8245039862888646,1.3573766269265521,0.019732914084734814,-1.7773870726527435e-08,0.0,1.0,1.0,1.0,0.0,2429.22998046875,-0.00012329981661785006,-0.04350819448356347,0.7499001120029307,0.0094,0.0034296475204868317
2023-06-07,409.9151440915666,415.5049080273774,405.84541838329744,414.4261779785156,6911473.0,0,1,0.01696545389175519,0.004396963182043745,0.006430075101041988,0.039606413936139395,-0.005178888682793148,0.01682314784813354,0.5888888888888889,0.6222222222222222,403.8473327636719,0.02619515930054289,411.3125933837891,0.007569874214430657,416.39338226318364,-0.0047243889275469615,420.85169799804686,-0.01526789614987143,407.4676204152189,408.56314098532084,0,0,1,54.2292360433092,0,0,-1.0955205701019395,-2.4721638172419613,1.3766432471400218,0,415.8519878389616,391.8426776883822,403.8473327636719,0.05945145158264405,0.9406142928928949,9.354381740317203,0.022571889126179058,15.77781886176036,27.003849582787822,25.18571921695268,0,87.9431905872265,76.18203132452003,9120276.285714285,6215900.366666666,1.4672494325395884,0,779910150.0,404.50975463240593,37391005.89231829,0.3020192695568812,0.2756901466139013,0.2659672028235158,1.036556927648095,0.20722599191931945,0.8384920706518165,1.1091862957115826,0.8384920706518165,1.370865214729335,0.023308106865248993,0.005895772804668941,0.0,1.0,1.0,0.0,0.0,2435.119384765625,0.0024243914097168417,-0.03729208045311583,0.7498398549874445,-0.0004,-0.00015600862018909478
2023-06-08,415.7501037097216,417.466255757234,409.6209892543201,410.1603393554688,5571023.0,0,1,-0.010293361881372198,-0.003454877754272223,0.01246670061108257,0.028272939477101078,-0.02913182279116333,-0.01034670489916799,0.6444444444444445,0.5444444444444444,403.7198486328125,0.01595287114187443,411.6891662597656,-0.003713546601642063,415.6024816894532,-0.013094585749011211,420.83355575561524,-0.025362084972008595,407.8818848675651,408.68145197570215,0,0,0,51.04157478539907,0,0,-0.7995671081370688,-2.137644475420983,1.3380773672839141,0,415.3773515671537,392.0623456984713,403.7198486328125,0.05775045727287901,0.7762380056402822,9.246587794788399,0.02254383690368163,15.106332821051929,26.882433183071115,23.65937486076047,0,72.51777328516717,74.46807154593598,9116622.0,6292559.233333333,1.4487939901633133,0,774339127.0,403.8760068289877,37333661.33652984,0.28955418163287144,0.2738257918403082,0.24195642976694826,1.1317152931379275,0.206307907099851,0.8298611683339363,1.0977690397759645,0.8298611683339363,1.356754402983541,0.019127316198445946,0.003194599669508833,1.0,1.0,1.0,1.0,1.0,2424.738037109375,-0.004263178109950916,-0.026958363802953467,0.7507316729690847,0.0102,0.0037008590098085155
2023-06-09,413.6906801978623,413.6906801978623,406.4828362238701,407.0221862792969,3518826.0,0,1,-0.007651039788740377,-0.0012032916632062074,0.02254241955778591,0.01802785075288993,-0.0482688083949675,-0.0076804591488627725,0.7444444444444445,0.5111111111111111,404.22488555908205,0.006920159594691663,411.87941284179686,-0.011792836473634705,414.8679681396485,-0.01891151513946398,420.8342910766602,-0.03282076838849441,407.74962354629304,408.558543405598,0,0,0,48.77040588153997,0,0,-0.8089198593049787,-1.8718995521977821,1.0629796928928035,0,415.51156576781995,392.93820535034416,404.22488555908205,0.055843569319723216,0.6239204384496166,9.100963236160101,0.022359870156844618,14.109606622734125,25.361680622546377,24.783920038863563,0,61.17010520973514,73.8770230273763,6341379.0,6246068.433333334,1.0152592895329202,0,770820301.0,404.22929128505973,37306738.65879419,0.2669717020797264,0.2715477265924414,0.2351129269372836,1.1549672326816671,0.2071238257816541,0.8235118675158828,1.0893699651737914,0.8235118675158828,1.3463738210627652,0.017708725020326617,0.008607221380646252,1.0,1.0,1.0,0.0,1.0,2446.6982421875,0.009056733033439235,-0.01692509103693529,0.7457720140316318,-0.0065,-0.0023523885329557385
2023-06-12,409.8661232025224,412.8571188623093,405.9925111852638,408.73834228515625,2813911.0,0,1,0.004216369681336651,-0.013724605238750742,0.025716709236578206,0.015842039532893537,-0.044255957853901684,0.004207505701833181,0.7555555555555555,0.5222222222222223,404.52398376464845,0.010418068370847721,412.15890014648437,-0.008299124100225493,414.10893829345713,-0.012969041504955446,420.77300003051755,-0.028601306986162277,407.9017341215028,408.57186184112084,0,0,0,50.07862129806633,0,0,-0.6701277196180513,-1.631545185681836,0.9614174660637846,0,415.9628284439271,393.0851390853698,404.52398376464845,0.05655459324228227,0.6842125948323291,8.9412235533662,0.021875176924626163,13.12485177641694,23.970867557444095,23.81649584444345,0,67.37578359681596,67.02122069723944,6133419.428571428,6176080.466666667,0.9930925384917688,0,773634212.0,404.44674823290126,37318603.14782057,0.26660660826929655,0.2720431235516506,0.2274339548907869,1.1961411992430282,0.2077337902713939,0.8269840979862977,1.0939631516667088,0.8269840979862977,1.3285626379393878,0.016794626211642173,0.00698717912461411,1.0,1.0,1.0,0.0,1.0,2480.287109375,0.013728242661207535,-0.002949268286842277,0.7453816556632697,-0.0048,-0.001754693118418856
2023-06-13,410.895815782165,415.7991071399474,408.8364274264333,413.2493896484375,4247391.0,0,1,0.011036516266277108,0.007531323720433081,0.0015449169363073167,0.035635367123123984,-0.055474636453437975,0.010976058343802463,0.5111111111111111,0.4777777777777778,404.9628280639648,0.02046252399038412,412.5286083984375,0.0017472273081818729,413.48867218017585,-0.0005786918671234788,420.7261735534668,-0.0177711404115417,408.7244503564158,408.9183453824035,0,0,1,53.44403881503883,0,0,-0.1938950259877288,-1.3440151537430147,1.150120127755286,0,417.0485083016781,392.87714782625153,404.9628280639648,0.05968784984781037,0.8428256176518105,8.806905074896555,0.021311356521031596,12.56856635506788,24.984245838567006,22.452609249674744,0,83.68788402931375,70.7445909452883,5069431.0,6145041.933333334,0.8249628000911173,0,777881603.0,404.6716746147436,37365479.54768131,0.170468263795973,0.2649406945760495,0.2279804700017517,1.1621201350010983,0.20454887586444526,0.8361111214356759,1.106036693784786,0.8361111214356759,1.3073014250719515,0.016848614633012363,0.005278373163982754,1.0,1.0,0.0,0.0,1.0,2458.07763671875,-0.008954395873083665,0.007157336154520744,0.7465002183694264,-0.0021,-0.000726952229069734
2023-06-14,418.7410613756224,421.6830360457087,415.9461794535775,416.8287658691406,7213168.0,0,1,0.008661540247520305,0.024093476769628808,0.01274704934013271,0.05145326642573722,-0.03900074023984168,0.00862424431321616,0.6222222222222222,0.5444444444444444,405.8135467529297,0.027143547090401295,412.9551940917969,0.00938012605910621,412.8605603027344,0.009611491016474105,420.6879275512695,-0.009173454785337477,409.9712681276042,409.5043024554952,0,0,1,55.97985899866275,0,0,0.4669656721090405,-0.9818189885726037,1.4487846606816444,0,418.73942498717315,392.88766851868627,405.8135467529297,0.06370353250978616,0.9260917098471971,8.780243740780461,0.021064390127856325,12.71296031553808,28.056765453719585,20.912159277976393,0,81.59845516434788,77.55404093015922,4951353.714285715,6224590.033333333,0.795450573896545,0,785094771.0,405.4917932840573,37427956.69262543,0.1759907870100955,0.2658425479460196,0.22764735486390408,1.167782283721021,0.20234914186179606,0.8433531315653904,1.1156166751232373,0.8433531315653904,1.3186246689808527,0.013763101450470104,0.013289001423224868,1.0,0.0,0.0,0.0,1.0,2452.687255859375,-0.002192925389683964,0.009531769197615558,0.7314124849980367,-0.0243,-0.008815507538756095
2023-06-15,416.6816859125797,417.4171796026798,412.61196014615547,414.8674621582031,4863359.0,0,1,-0.004705298365979882,0.01499521634985479,0.018048326523691927,0.02297183060224839,-0.05039281800026407,-0.004716403130182036,0.7,0.4888888888888889,406.62504119873046,0.02027032308481055,413.30430786132814,0.003782090501218423,412.2128353881837,0.006439942044792354,420.70018585205077,-0.01386432402456522,410.72452874769635,409.9015735445846,0,0,1,54.23661601290001,0,0,0.8229552031117464,-0.6208641502357337,1.4438193533474801,0,419.69111121738246,393.55897118007846,406.62504119873046,0.06426593886167575,0.8154131635490433,8.496313434762168,0.020479584951210838,12.386275427619855,26.923341811634415,22.870440679251107,0,72.90445055868805,79.39692991744992,5019878.714285715,6283362.433333334,0.7989159892568318,0,780231412.0,405.9762709892116,37405073.13746956,0.16371442434254077,0.26476019277546897,0.22609029533598407,1.1710374051306318,0.20200483805294167,0.8393849034534916,1.11036736580472,0.8393849034534916,1.3069961684419753,0.011582541160318717,-0.0003528546218594608,1.0,0.0,0.0,0.0,0.0,2481.1357421875,0.011598904939944088,0.021367166606734322,0.7263779777203252,-0.0362,-0.013147466583745918
2023-06-16,419.42757136958994,423.1050400339458,417.5642966377964,418.6920776367188,7931068.0,0,1,0.009218885131698329,0.013170468304651406,0.010293509157677683,0.016789772295656702,-0.016810540077270786,0.00917665058203283,0.5666666666666667,0.6333333333333333,407.61550750732425,0.027174064591238653,413.7299139404297,0.011993727137176695,411.7024032592774,0.01697749229080778,420.7048440551758,-0.004784272030376243,411.9503054998537,410.5527219958538,0,0,1,57.04567364977034,0,0,1.397583503999897,-0.21717461938860755,1.6147581233885044,0,421.20327468481946,394.02774032982904,407.61550750732425,0.06666953011963636,0.907593461997942,8.477832323403632,0.020248370523885298,12.697905029822714,29.846957399751325,21.28313266936378,0,83.39484261070142,79.29924944457913,5165535.142857143,6446565.533333333,0.8012848261834381,0,788162480.0,407.11075662477424,37478188.74233325,0.14050978396891986,0.25658598285272727,0.21932793446271479,1.1698737029611987,0.1986799758869743,0.8471230964597111,1.1206037150040602,0.8471230964597111,1.3190452159864117,0.013233456499639891,0.01099172537577288,0.0,0.0,0.0,0.0,0.0,2505.042236328125,0.00963530279062752,0.028714342302864182,0.726223990322534,-0.0431,-0.015210274275130558
2023-06-19,416.0442565580569,423.6443578858705,414.8674547041148,417.9075012207031,3950931.0,0,1,-0.0018738745200151952,0.0025879580295116167,0.01888813013322621,0.03159030340778268,-0.042467169137415994,-0.001875632419271931,0.7111111111111111,0.5111111111111111,408.5201629638672,0.0229788860082928,414.0182263183594,0.009393970253263885,411.2493386840821,0.01619008691400176,420.68032760620116,-0.006591290829491029,412.86679714921513,411.09752045695376,0,0,1,56.28245719806754,0,0,1.7692766922613714,0.18011564294138824,1.5891610493199833,0,422.32847421447553,394.7118517132589,408.5201629638672,0.06760161432633928,0.839916231842701,8.499194527571637,0.02033750172644804,12.606407829239336,27.645371838422243,21.979704547488883,0,78.84263216194275,78.38064177711077,4934093.428571428,6441922.5,0.7659349252604992,0,784211549.0,407.7055667505858,37470785.19340201,0.11799535634144266,0.24527644689199607,0.21938208737227613,1.1180331531615844,0.19754065919519073,0.8455356940739388,1.1185038442554796,0.8455356940739388,1.316573490765427,0.021002023548556712,-0.006324029567522258,0.0,0.0,0.0,0.0,0.0,2397.038818359375,-0.04311440996981386,-0.011423592291652795,0.7384435500561085,-0.009,-0.0029895700540379625
2023-06-20,417.9075202061524,424.8701999824415,414.8674735514554,420.65338134765625,5090801.0,0,1,0.006570545201826761,0.013946427997399313,0.033490054173621164,0.056787420583601866,-0.025888428223318827,0.006549053260847825,0.8444444444444444,0.5555555555555556,409.4346282958985,0.027400596521235006,414.24181701660154,0.015477829778826386,410.86246948242194,0.023830144129660388,420.64257247924803,2.5696087641609992e-05,414.06473317974456,411.8053620044132,0,1,1,58.38113721554812,0,0,2.259371175331353,0.5959667494193812,1.6634044259119716,0,423.9316157283056,394.9376408634914,409.4346282958985,0.0708146621244264,0.8869339441751514,8.60658966352981,0.02046005106616924,12.659813070395684,26.367738835738752,20.155048090571015,0,84.27793902376102,82.17180459880176,5158661.285714285,6513552.1,0.7919889495801048,0,789302350.0,408.298674650377,37504234.53148601,0.09400378490057841,0.24474467795875482,0.21927494796495067,1.116154308689542,0.19968315793906732,0.8510913245716096,1.1258530243225773,0.8510913245716096,1.325224096398028,0.02377902300212139,4.542978824716038e-08,0.0,0.0,0.0,0.0,0.0,2410.414306640625,0.005580004870511246,-0.014829755023012092,0.7383956600819354,-0.0124,-0.0040906789341655135
2023-06-21,420.6533404312573,421.3888340700154,410.0131931384289,412.8080749511719,5689533.0,0,1,-0.01865028725396234,-0.014053293577367953,0.009956816488667863,0.03592958227980714,-0.03551385756382042,-0.018826396963152803,0.5333333333333333,0.5222222222222223,410.1235412597656,0.006545670807289583,414.30653991699216,-0.0036168025880559665,410.402540588379,0.00586140222071762,420.53935806274416,-0.018384208192039852,413.8714011445796,411.8796370375064,0,0,0,50.867595355233966,0,0,1.991764107073152,0.8751262209501354,1.1166378861230166,0,423.82640732280754,396.42067519672366,410.1235412597656,0.06682311393757699,0.5979551897776605,8.804379039819572,0.021328020390252733,12.018732575426947,23.93429124743697,22.233165371812234,0,41.98112011716394,68.36723043428925,5569464.428571428,6600683.233333333,0.8437708994192801,0,783612817.0,409.0896973399829,37398123.106695116,0.17000371089492242,0.24922422239163883,0.22115693059092134,1.126911201587592,0.202007776800071,0.8352182268889938,1.104855542013219,0.8352182268889938,1.295945742412065,0.027556730650029115,-9.726867960001411e-08,0.0,0.0,0.0,1.0,1.0,2401.580322265625,-0.0036649236401653518,-0.03173293398650456,0.7386172866997868,-0.0057,-0.0019074349074924182
2023-06-22,413.7396997787234,417.1720035715052,408.14996584401,411.9254760742188,3566261.0,0,1,-0.002138036851768166,-0.01431423252516617,-0.003203667343211314,-0.0016636998068408904,-0.001900961587236183,-0.002140325715589992,0.4111111111111111,0.6666666666666666,410.89826049804685,0.0024999268065210934,414.2673132324219,-0.005652961465702715,409.9578118896485,0.0047996748141000455,420.51802871704103,-0.020433256260230404,413.57202805683175,411.8830325217073,0,0,0,50.08662938424547,0,0,1.688995535124434,1.037900083784995,0.6510954513394389,0,423.0001137060204,398.7964072900733,410.89826049804685,0.05890437790271959,0.5424404245580815,8.819926088939258,0.021411460570479806,11.171197267683006,22.185523121736175,22.117633731942092,0,32.13351501203836,52.79752471765446,5472160.142857143,6350175.266666667,0.8617337180568228,0,780046556.0,410.03922870946786,37390498.309254095,0.15671931230817884,0.22587258270829785,0.22123722269769586,1.0209519896972123,0.1969302727738815,0.8334324995406367,1.1024933201485145,0.8334324995406367,1.293174962656896,0.021902111550560207,0.0022567989438232222,0.0,1.0,1.0,1.0,1.0,2392.896240234375,-0.003615986503027968,-0.02651722448090965,0.7296041607359525,0.0704,0.021783365854039526
2023-06-23,407.9538445723685,408.8854819095056,399.56922824739627,400.5989074707031,5403772.0,0,1,-0.02749664505206495,-0.04767458141594916,-0.038936512370004506,-0.026685788674184807,0.009264955919129125,-0.02788175367755823,0.2,0.7111111111111111,410.65064544677733,-0.024477589619123028,414.0015551757813,-0.0323734235717726,409.45620544433604,-0.021631856730614442,420.49841567993167,-0.047323622318651816,411.57616335127346,411.0471714068181,0,0,0,41.319363152651555,0,0,0.5289919444553561,0.9361184559190672,-0.40712651146371104,0,423.3985656979425,397.90272519561216,410.65064544677733,0.06208644935792447,0.10574988790208853,9.072520498788064,0.02264739201629391,11.396102372732576,20.027280374967486,26.721668488834982,0,4.069722041073287,26.061452390091883,5213675.0,6158539.966666667,0.8465764658862678,0,774642784.0,410.1073489620863,37241912.708627805,0.21139001601021587,0.2110178093760448,0.22671847206344506,0.9307481982191262,0.1904054885581123,0.8105159019259125,1.072178452652118,0.8105159019259125,1.207872279791075,0.02325581395348823,-0.00964162629537077,1.0,1.0,1.0,1.0,1.0,2229.49365234375,-0.06828653292322462,-0.09099961806480794,0.7604780380737196,0.1497,0.041655764496621284
2023-06-26,402.0698798798136,407.9538293414694,400.30470701224266,406.6789855957031,4460980.0,0,1,0.015177470561236195,-0.014847309748467818,-0.019737572380109758,-0.0020454760075190315,0.009739404847319388,0.015063445053230479,0.3,0.7111111111111111,410.39567413330076,-0.009056354079381487,413.72697082519534,-0.017035353570096525,409.1360205078126,-0.006005423108578497,420.51091903686523,-0.03289316118792505,410.82275138887803,410.72360208747625,0,0,0,46.711617954224224,0,0,0.09914930140178058,0.7687246250156099,-0.6695753236138293,0,423.2521449876128,397.53920327898874,410.39567413330076,0.06265402714813269,0.3554545574864712,8.970849200962254,0.022058797033295833,11.604942827421464,18.807527101431116,25.09419626078599,0,28.100728393996416,21.434655149036036,5156192.285714285,6135613.233333333,0.8403711397097057,0,779103764.0,409.8050610448525,37309619.10125207,0.2456842721165382,0.21129850806675815,0.22826854177388797,0.9256575891918584,0.18981172118453524,0.8228174831668069,1.0884514095536375,0.8228174831668069,1.225127922236529,0.018808747440004266,0.003671933152284084,1.0,1.0,1.0,1.0,1.0,2291.4306640625,0.027780752662667885,-0.07645896792319229,0.7576616661882727,0.1913,0.05349520519219076
2023-06-27,407.9538309769599,411.1899912229186,405.9925144818784,409.66998291015625,3047635.0,0,1,0.007354688637456697,-0.0054754883955178135,-0.021548281442264727,-0.011476579716945268,0.012850018730540924,0.007327774796364735,0.26666666666666666,0.7444444444444445,410.62367553710936,-0.0023225466132844193,413.45630920410156,-0.009157742207958904,409.0203027343751,0.0015883812403392366,420.4927767944336,-0.025738358615297455,410.64540239215165,410.6455562224896,0,0,0,49.18536856276008,0,0,-0.00015383033792204515,0.6149489339449035,-0.6151027642828255,0,423.2450451339007,398.002305940318,410.62367553710936,0.06147414456939031,0.46221913083047794,8.701322596682108,0.021239834402488732,11.313413068556342,20.661633605431152,24.02353389101947,0,39.92239811393922,24.030949516336324,4458559.0,6103511.333333333,0.7304908202021853,0,782151399.0,409.89302938143356,37332033.507757686,0.24210813653753774,0.211982436743347,0.22869418139089667,0.9269253614328514,0.1890146660011283,0.8288690495609545,1.0964566307679053,0.8288690495609545,1.234138356645633,0.01268698454331236,0.003134770731734277,1.0,1.0,1.0,1.0,1.0,2280.30126953125,-0.004856963252607649,-0.08971544013816668,0.7559042493634905,0.191,0.05370671805972816
2023-06-28,411.63129314275415,413.3964659905466,410.2583776025473,412.0726013183594,4613401.0,0,1,0.005864765563578178,0.028641350821695166,-0.013962180351632991,0.004662230302167947,0.030659749801505543,0.005847634772105048,0.3333333333333333,0.7777777777777778,411.3248458862305,0.0018179194366870492,413.20427978515625,-0.0027387868958793984,408.8604553222657,0.007856338157139344,420.53617080688474,-0.020125663560131523,410.86497145772205,410.7512632666281,0,0,0,51.1472200252665,0,0,0.1137081910939628,0.5147007853747154,-0.4009925942807526,0,422.47755734451266,400.1721344279483,411.3248458862305,0.05422824110832794,0.5335234814836705,8.345976916946979,0.02025365649219429,10.721469104201107,21.891073251694742,23.257353854587056,0,49.41854882847947,39.147225112138386,4553197.571428572,6133028.766666667,0.7424060353630558,0,786764800.0,412.2856715174606,37359090.023073465,0.24812455003425296,0.20940589946656477,0.22893255781742625,0.9147056297408165,0.18651787405702344,0.8337301722195353,1.1028870918579898,0.8337301722195353,1.2413762887803792,0.0076153774309660124,0.004787537077199103,1.0,1.0,1.0,1.0,1.0,2397.637451171875,0.05145643832612756,0.00024973847228304535,0.7665731819412639,0.2008,0.05498055165202317
2023-06-29,411.63129314275415,413.3964659905466,410.2583776025473,412.0726013183594,4613401.0,0,1,0.0,0.01326258772568667,-0.020398695005865553,0.01240820576693813,0.03370236269226323,0.0,0.28888888888888886,0.7777777777777778,412.0039520263672,0.000166622896830354,413.0150128173828,-0.0022817850920109645,408.6216650390626,0.0084453091320229,420.57588745117187,-0.02021819696879248,411.0507606670509,410.8491401593489,0,0,0,51.1472200252665,0,0,0.20162050770198903,0.4520847298401701,-0.2504642221381811,0,421.37842543509254,402.62947861764184,412.0039520263672,0.045506715955605244,0.5036615012384744,7.973984879165002,0.019350922273535128,10.171806851585533,21.275713931776085,22.60358830885447,0,49.41854882847947,46.25316525696608,4484997.571428572,6150844.866666666,0.7291677271417075,0,786764800.0,412.7182463416339,37359090.023073465,0.24166519537266304,0.2090962393170301,0.22877341836997858,0.9139883505996925,0.18406452364999346,0.8337301722195353,1.1028870918579898,0.8337301722195353,1.2327155788780382,0.0076153774309660124,-0.0010709476296005497,1.0,1.0,1.0,1.0,1.0,2397.637451171875,0.0,-0.005300688530411657,0.7659215027837818,0.1987,0.05437967320550606
2023-06-30,411.7293449621976,414.4751759093024,406.6299104292169,412.8080749511719,4115005.0,0,1,0.00178481566223887,0.007660048751250148,0.0,0.009956816488667863,0.03491081886892644,0.0017832247714480354,0.45555555555555555,0.7888888888888889,412.01375885009764,0.0019278873193242679,412.9875537109375,-0.0004345863650197366,408.50202453613286,0.010541074845170396,420.69650833129884,-0.01875088864278099,411.3211167107618,410.9942464402247,0,0,0,51.80777053924001,0,0,0.32687027053714246,0.42704183797956463,-0.10017156744242217,0,421.39132012223763,402.63619757795766,412.01375885009764,0.0455206219244334,0.5423519547365733,7.964790636373606,0.019294173538915643,10.17313453931904,19.778825656387838,24.26729957005291,0,52.325447585232645,50.387515080730545,4260065.0,6103901.733333333,0.6979248988783415,0,790879805.0,412.96102869814774,37366434.54844765,0.21493712047378372,0.20909986487427712,0.22878250628537153,0.913967891467439,0.18384884874662388,0.8352182268889938,1.104855542013219,0.8352182268889938,1.2327655931095305,0.019004631828031512,-0.0008329997070020353,1.0,1.0,1.0,1.0,1.0,2383.712890625,-0.005807617219221073,-0.007439864273941499,0.7630603913734626,0.1999,0.054901586334849185
2023-07-03,415.7990951769177,420.4572218327912,413.9358505000312,417.4171752929688,3693861.0,0,1,0.011165237846527454,0.012969981400147379,0.013331778532096772,0.010085400605375217,0.04402738758631153,0.011103366689928068,0.6,0.8111111111111111,412.3055023193359,0.012397780153013422,412.9453857421875,0.010829009610421339,408.48192077636725,0.021874296173546855,420.95270523071287,-0.008398876866241613,412.2589718772552,411.47001894783534,0,0,1,55.83774022467852,0,0,0.7889529294198496,0.49942405626762165,0.289528873152228,1,421.9847485469224,402.62625609174944,412.3055023193359,0.04695181690827776,0.7640532564955469,7.942244653891159,0.01902711513563573,9.631265802710532,23.798141436686038,22.5978890145743,0,70.542535806444,57.42884407338539,4278293.571428572,6085790.5,0.7029971819484374,0,794573666.0,413.1058707580232,37407677.38508467,0.22389986880081425,0.2110690227363132,0.22782501927981566,0.9264523422560422,0.18387669204826768,0.8445436370459642,1.1171915169258504,0.8445436370459642,1.2465297141656138,0.015623150456573575,0.007245546798229731,1.0,1.0,0.0,1.0,1.0,2381.16748046875,-0.001067834203632878,-0.004901491158879612,0.5350618665990721,0.2646,0.10461214806267083
2023-07-04,419.6727091945429,420.65336744252426,414.9655316478437,417.5642700195313,2721964.0,0,1,0.00035239260689090557,0.013326944532594975,0.042349997048029664,0.0017645234940948384,0.037777217868090185,0.0003523305311991249,0.9333333333333333,0.7777777777777778,412.808088684082,0.011521531350344148,412.86693298339844,0.011377363166843266,408.39366180419927,0.02245531474415684,421.2086569213867,-0.008652212726329548,413.0751715914515,411.92144495314614,0,0,1,55.96429988205961,0,0,1.1537266383053861,0.6302845726751746,0.5234420656302116,0,422.4833136998801,403.1328636682839,412.808088684082,0.04687517168881088,0.7457917685471506,7.78121544966183,0.018634773155514164,9.15647630029544,22.735643456904487,21.418004652100713,0,71.12391555779462,64.66396631649043,3895178.1428571427,6053502.033333333,0.6434586329381772,0,797295630.0,413.4287723472095,37408636.58507449,0.09064121417463981,0.2105694412720942,0.2259079821767785,0.9321027050178267,0.1830723425751787,0.8448412479798559,1.1175852069568963,0.8448412479798559,1.213171958911231,0.013621461899540655,0.005403548380564421,0.0,0.0,1.0,1.0,1.0,2383.363525390625,0.0009222555489640794,0.06901561387498001,0.3639781435170437,0.3151,0.18270452012322624
2023-07-05,416.7797464210085,419.1333201800408,411.2390334246391,413.3474426269531,4783528.0,0,1,-0.010098630786539609,0.0013065821831248492,0.01639734844297913,-0.00366386778886596,0.03588109557414221,-0.010149967873717053,0.6555555555555556,0.7666666666666667,412.75415191650393,0.001437394894017233,412.8022094726563,0.0013208096802421988,408.27156951904306,0.012432590184738091,421.506531829834,-0.019356969789912443,413.11705944306715,412.02707441046516,0,0,1,51.41535912861202,0,0,1.0899850326019873,0.7222246646605371,0.3677603679414502,0,422.4033886680822,403.10491516492567,412.75415191650393,0.046755370996390135,0.5307428828685417,7.7892919715003925,0.018844417959857186,8.855763015623305,21.08977876329628,23.28476107886375,0,54.45725375232208,65.37456837218691,3941256.4285714286,5950749.466666667,0.6623126129991719,0,792512102.0,413.60138209570357,37360329.50194542,0.10838771170145038,0.21135595099120302,0.22692609758734808,0.9313867080001593,0.18368520586236392,0.836309508143268,1.10629912657934,0.836309508143268,1.1747491852741374,0.019098428927565223,-0.0018788092153720778,1.0,1.0,1.0,1.0,1.0,2394.79248046875,0.004795305020140361,0.04510798342158817,0.3217672814963659,0.2744,0.18064849812893202
2023-07-06,410.84679330395886,419.7217386574484,409.0815904653654,418.1526794433594,5021705.0,0,1,0.011625176113023494,0.001762036144953516,0.020706170544751545,-0.0012882932880030618,0.05479284700668674,0.011558122922949875,0.6888888888888889,0.8555555555555555,413.1537689208984,0.01209939470119669,412.7159112548828,0.013173148987510054,408.1901748657227,0.024406527131413423,421.7771936035156,-0.008593433251309018,413.89177021234286,412.4808229314203,0,0,1,55.822103824691645,0,0,1.410947280922585,0.8599691879129467,0.5509780930096382,0,423.0104713461035,403.29706649569334,413.1537689208984,0.04771445000223254,0.7535792553541026,7.992924558684862,0.019114847163779897,8.88758435665907,19.084448301227155,22.998713334529956,0,73.4495551814026,66.34357483050645,4223266.428571428,5850864.9,0.7218191670382661,0,797533807.0,413.7863873779601,37418707.70695807,0.11903956760795743,0.2121247882078384,0.2271463095777628,0.9338685211401956,0.18588032361557807,0.8460317534604297,1.119160048759509,0.8460317534604297,1.1884058514415803,0.02544560567266248,-0.00604975152888778,0.0,1.0,1.0,1.0,1.0,2398.535888671875,0.00156314512996647,0.0518504377997957,0.3124565073992915,0.313,0.21292730269825821
2023-07-07,415.70103343874166,416.77976351801607,410.4054847818582,414.5242614746094,6769909.0,0,1,-0.008677256292080049,-0.007280336856359204,0.005949583030772532,-0.008095666472153207,0.022125573270488808,-0.008715122891720729,0.4444444444444444,0.6777777777777778,413.52887268066405,0.002407059965348501,412.4530950927734,0.00502158040872522,408.12349029541025,0.0156834177189019,421.93483459472657,-0.017563311944213223,413.98907656038386,412.6321887494343,0,0,1,51.98762726996161,0,0,1.3568878109495586,0.9593529125202691,0.39753489842928946,0,422.96510916682007,404.09263619450803,413.52887268066405,0.04563761860199245,0.552742891480394,7.975372423171741,0.019239820595302482,8.917132744763709,17.760274258651197,21.402948095234468,0,59.108532999538504,62.33844731108775,4531339.0,5863136.266666667,0.7728524110486306,0,790763898.0,413.9703344477943,37359963.47149101,0.13503091461899894,0.2045654686452227,0.2278753460771705,0.8977077694747467,0.18049301234017395,0.8386905191044157,1.109448810184566,0.8386905191044157,1.1780937492896142,0.015377335728148454,-0.005863040284427499,1.0,1.0,1.0,1.0,1.0,2376.42919921875,-0.009216743246383552,-0.008845479095581865,0.3129292736792556,0.3209,0.21012081632545843
2023-07-10,414.8184474102998,427.7631485202708,414.8184474102998,419.57464599609375,6502214.0,0,1,0.012183567985908361,0.01506530034289022,0.018205638166024052,-0.0025644281001772073,0.018933081254902895,0.012109945706286119,0.6555555555555556,0.6555555555555556,414.07068786621096,0.013292315276519057,412.2912866210938,0.017665567067134184,408.06072814941416,0.028216187082976758,422.1647988891602,-0.006135407072976918,414.8483949351085,413.14644484177944,0,0,1,56.469741796676594,0,0,1.70195009332906,1.1078723486820274,0.5940777446470327,0,423.5927738270114,404.5486019054105,414.07068786621096,0.045992562332145034,0.7890101051671309,8.351337753349577,0.019904295536073285,9.278032118567276,25.143285057207766,18.97945943949428,0,70.95649542552177,67.83819453548763,4801169.428571428,5801519.366666666,0.8275710421923488,0,797266112.0,414.5533890626444,37439183.63781893,0.1505016559739382,0.20283104813410288,0.226957073870812,0.8936978463581969,0.18409282038275715,0.8489087620630612,1.122965855190335,0.8489087620630612,1.1924471345778578,0.030851962180030078,0.0007096953375996058,1.0,1.0,1.0,1.0,1.0,2407.0380859375,0.01288020140840418,0.003920790760517434,0.3158099489578735,0.3479,0.22379554803446156
2023-07-11,420.94755741153153,423.4972748687941,415.7991015550131,416.4365234375,3055356.0,0,1,-0.007479295015893284,-0.004104137292971322,0.00878967420091592,0.00878967420091592,0.027959245307011216,-0.007507405193444695,0.45555555555555555,0.7,414.23004455566405,0.005326699284217283,411.8696032714844,0.01108826708681711,407.9935528564454,0.02069388234677651,422.31483947753907,-0.01391927417779433,415.0927223970149,413.39015436738833,0,0,1,53.14957634262711,0,0,1.7025680296265477,1.2268114848709315,0.47575654475561624,0,423.80080959203275,404.65927951929535,414.23004455566405,0.046209902744428204,0.6152718133530275,8.304683150523248,0.019942254540912377,9.61315296567059,23.478498346419432,17.72279183297727,0,59.82600158776715,63.29701000427582,4649791.0,5716811.133333334,0.8133539645709478,0,794210756.0,414.76420693154614,37416331.728916354,0.16241278636735834,0.197978455067219,0.22703415847046063,0.8720205646630833,0.18220394125614126,0.8425595229900148,1.1145668622665916,0.8425595229900148,1.1835284706674936,0.0184858264837962,0.0032721505661487604,1.0,1.0,1.0,1.0,1.0,2419.6708984375,0.005248281102739449,0.015084873666589838,0.3137742300829923,0.3186,0.20139396454757683
2023-07-12,417.2700817836603,419.8197991971785,414.0829424985912,416.6326599121094,2854995.0,0,1,0.00047098768616726794,0.005086308892993774,-0.0018794516069177147,0.011427270492593733,0.04668635394972864,0.00047087680628101527,0.35555555555555557,0.8222222222222222,414.2202392578125,0.005824004782140428,411.527353515625,0.012405752261351264,407.945990600586,0.02129367492675851,422.465860748291,-0.013807508199241434,415.32963586087556,413.6303399632936,0,0,1,53.33425439303813,0,0,1.699295897581976,1.3213083674131405,0.3779875301688356,0,423.7801898882745,404.66028862735055,414.2202392578125,0.04615878088232098,0.6261732799440344,8.121266975384966,0.019492631655660855,9.621923136843881,22.293841700746565,18.337956127710218,0,60.521670982839105,63.76805599870935,4529953.0,5047126.733333333,0.8975310586283277,0,797065751.0,414.56474048885934,37417676.39640542,0.14713103161058785,0.19007391534858895,0.22690638806760116,0.837675470344013,0.18175870810654093,0.8429563581502061,1.1150918095341293,0.8429563581502061,1.1840858980034064,0.013769579897546966,0.0020016456272366786,1.0,1.0,1.0,1.0,1.0,2384.717529296875,-0.014445505445883633,0.0014908858185087581,0.31626367041544307,0.33,0.19881667250125645
2023-07-13,421.87920975413857,430.9993199110222,421.87920975413857,426.7825012207031,11590791.0,0,1,0.02436160744271687,0.01717895800757341,0.022076197277943965,0.06536112121552629,0.07099798923795064,0.024069596549069712,0.7,0.8888888888888888,414.8159912109375,0.02884775481975221,411.32533874511716,0.03757892115944791,407.93373260498055,0.046205466989352004,422.5764302062988,0.009953397098723483,417.0916151470029,414.6045741305091,0,1,1,61.739302640407985,0,0,2.4870410164938335,1.5544548972292793,0.9325861192645541,0,425.9080294804503,403.7239529414247,414.8159912109375,0.05347931856307047,1.039418893038639,8.567366477065528,0.020074315260257273,10.962963067609053,28.94419360572954,16.141455342124992,0,86.26202355369416,68.86989870810017,5796928.285714285,5291165.5,1.095586272195471,1,808656542.0,415.9420629001735,37700046.696697995,0.20769013768174877,0.20097777307558934,0.2318214066290352,0.8669508825696912,0.18199111809660592,0.8652088068334939,1.1422572384605885,0.8634921300388037,1.2129321338290222,0.02136945664547604,0.012592747393197597,1.0,1.0,0.0,1.0,1.0,2358.90234375,-0.010825259272735144,-0.010263302840726296,0.3174698875727161,0.2821,0.17919129279851023
2023-07-14,432.470277880311,439.82521457895575,431.0973623486935,438.3052062988281,10801568.0,0,1,0.026999010140217106,0.05251384456101915,0.06037962522100182,0.07776703941758623,0.06226981196213033,0.026640967109751338,0.9888888888888889,0.8555555555555555,415.796647644043,0.05413357414573087,411.57442565917967,0.06494762301335003,408.24460144042973,0.07363380863417193,422.7522132873535,0.03678985590763283,420.355244554976,416.3601765133476,0,1,1,68.64397247031175,0,0,3.9950680416284285,2.0425775261091093,1.9524905155193193,0,431.02745904232626,400.5658362457597,415.796647644043,0.0732608667461991,1.238915283834523,8.887034111436035,0.020275903602607507,12.97278207482064,33.00370836682329,14.449356392347466,0,95.50728060200275,80.76365837951204,6656648.285714285,5261374.1,1.265191974414875,1,819458110.0,417.8041706533566,37991678.34066024,0.22551173606402333,0.1905970379125975,0.23501492088004233,0.8109997322675658,0.18068514368296645,0.8911374619510573,1.1730970532245224,0.8868055628137189,1.2456801008096672,0.01991272771766208,0.013327108406130637,0.0,0.0,1.0,1.0,1.0,2372.93359375,0.005948211479452015,-0.009127674692911758,0.3138334319578111,0.4127,0.2508835773674269
2023-07-17,439.13877439599577,445.3659605811686,434.8238838651248,438.4523315429688,8441112.0,0,1,0.0003356684840296609,0.05237148627633359,0.04854602899264471,0.07025740189298846,0.06528469579243423,0.0003356121599678646,0.9444444444444444,0.8666666666666667,416.8238891601562,0.05188868235549303,411.61463317871096,0.06520103077240626,408.5907742309571,0.07308426718203966,422.9463836669922,0.03666173414591783,423.139411783898,417.9966324414677,0,1,1,68.72158863082252,0,0,5.1427793424303445,2.6626178893733563,2.480161453056988,0,435.11748011577896,398.5302982045335,416.8238891601562,0.08777611567552832,1.091148081185363,9.005251440336592,0.02053872403562317,15.238321830005509,34.638841378378544,13.241123106035047,0,82.15195144812287,87.97375186793995,7145135.0,5274754.2,1.3545910821778198,0,827899222.0,419.4850091876908,37994511.7559288,0.22888669638275833,0.19019057971147962,0.23370902030336582,0.8137922082108893,0.18276743356209496,0.8935745295996524,1.1734908249339981,0.8871032354926178,1.2460982363606918,0.02404383773931577,0.001901798302161466,0.0,0.0,1.0,1.0,1.0,2405.34033203125,0.013656824770235998,0.0028369153830518634,0.3163428496447726,0.4039,0.24307243295970776
2023-07-18,438.3542334918096,440.3155499727573,433.6470859084609,435.902587890625,3963196.0,0,1,-0.005815326932738452,0.02136940161285006,0.051573160856653644,0.0578295826901023,0.06966667817437266,-0.005832301787952197,0.9444444444444444,0.8777777777777778,417.5863494873047,0.043862157912508956,411.69602783203123,0.05879716689535283,409.03501220703134,0.06568527114249757,423.18394821166993,0.030054636364877926,425.10297733877906,419.32299951177566,0,1,1,65.68696843788544,0,0,5.779977827003393,3.286089876899364,2.4938879501040288,0,437.7296168884394,397.44308208616997,417.5863494873047,0.09647474073741058,0.9546491400468752,8.838338056333724,0.020275947658634698,17.129518731716587,32.77207260442779,13.478577590250751,0,75.5695982078162,84.40961008598062,6744176.0,5260737.933333334,1.2819828863299265,0,823936026.0,420.0964064417223,37971464.47549028,0.22121928575154767,0.18829408739767425,0.23394523836974696,0.8048639446983668,0.1815019063828144,0.8927495764840011,1.166666592134438,0.8819444401551382,1.2388517677259456,0.015298060276645205,-0.0002237370954647782,0.0,1.0,1.0,1.0,1.0,2413.678955078125,0.0034667123549345646,0.015674675210867184,0.3165154329075152,0.4035,0.24028097685093364
2023-07-19,435.41225619811854,435.8045135065279,430.0186359073761,430.7051086425781,5062700.0,0,1,-0.011923487936141841,-0.017339738490508405,0.026527967675596953,0.04521656442240296,0.03928065245170487,-0.011995142872516247,0.7,0.7111111111111111,418.481201171875,0.02921017105779771,411.7499639892578,0.04603557088304888,409.2914544677735,0.05231884013471544,423.3751766967773,0.01731308860143808,425.9648436932097,420.1661187066499,0,1,1,59.8821399439168,0,0,5.798724986559762,3.7886168988314437,2.010108087728318,0,439.3091835945857,397.6532187491643,418.481201171875,0.09954082699240015,0.7934491498651893,8.627310479684809,0.02003066670575344,18.238647639659582,31.175570244276884,15.826087010916421,0,62.15191822325794,73.29115595973235,6538531.142857143,5199112.166666667,1.257624558434796,0,818873326.0,420.9685713744267,37911099.433115974,0.2447071065592091,0.18742842440689167,0.23401173825669683,0.8009359949341257,0.1783475623961433,0.8858411020579283,1.1527558570976233,0.871428586262601,1.2240803336187973,0.013433501212434426,-0.001124865293595116,0.0,1.0,1.0,1.0,1.0,2420.52001953125,0.0028342893070896213,0.0056010470596683515,0.316545157650671,0.3943,0.23364240516552598
2023-07-20,433.4509517434519,434.3335381936656,429.7734832614656,433.0096435546875,5156038.0,0,1,0.005350609653487437,-0.012413408703125794,0.03979747016516155,0.04893695116284991,0.05570822433764411,0.005336345998533522,0.8888888888888888,0.8111111111111111,419.53540954589846,0.032117036374530186,412.15595642089846,0.05059659288896218,409.5930068969727,0.057170499162367036,423.5713084411621,0.022282753636596864,427.04865905651394,421.11749091761567,0,1,1,61.50646585139511,0,0,5.931168138898272,4.21712714684481,1.7140409920534623,0,441.08800883547497,397.98281025632195,419.53540954589846,0.10274507848052614,0.8125895356692682,8.336792226293037,0.01925313292760449,19.224690612807123,29.957541697721506,15.417805947485862,0,65.94589629902522,67.8891375766998,6838628.571428572,5185279.333333333,1.3188544207188142,0,824029364.0,421.80569890920225,37938687.37981252,0.23170091303820686,0.1844595085499729,0.2325484464699367,0.7932089478560305,0.17622409221563123,0.8905808920100555,1.158923803714724,0.8760912604685827,1.2306299096685023,0.0105310701506907,0.006375227611132063,1.0,1.0,1.0,1.0,1.0,2416.525146484375,-0.0016504193374317078,-0.0013000743014913718,0.31633027128684854,0.3924,0.2289643924082552
2023-07-21,432.9115950880257,432.9115950880257,425.26244280540885,426.0960083007813,4309067.0,0,1,-0.015966469469710587,-0.022497181393895116,0.022713889954446342,0.020791748690554446,0.04686187304884659,-0.016095306768284506,0.6666666666666666,0.7666666666666667,420.81026458740234,0.012560871628360941,412.73944763183596,0.032360756272706494,409.76560272216807,0.03985304151965553,423.7544464111328,0.00552575178733747,426.90209740178585,421.48626998303536,0,1,1,54.39147851273326,0,0,5.415827418750496,4.456867201225947,0.9589602175245489,0,440.59004844175206,401.0304807330526,420.81026458740234,0.09400808639372651,0.6336147996434397,8.294678549363438,0.019466689168109317,19.347824165180732,27.958953186976473,18.27384711587133,0,46.8918649575936,58.32989315995894,7046353.142857143,5211620.7,1.3520464263366563,0,819720297.0,423.0237950272558,37869886.79311409,0.2658344921819368,0.18975670413651252,0.23364277901802064,0.8121659266939159,0.17630022223474923,0.8781326187346198,1.140419882184992,0.8621031761056307,1.2109810947872675,0.017951710726229836,-0.00022643483377619245,1.0,1.0,1.0,1.0,1.0,2413.080078125,-0.0014256290129597282,0.011893462634330332,0.3152027931407153,0.3988,0.24018021432128736
2023-07-24,425.60569852228525,429.08702348627617,423.1540527934703,424.5760192871094,3399581.0,0,1,-0.0035672453720780872,-0.01423036140617262,-0.005170038432416257,0.016792024057159072,0.038747715502804425,-0.0035736231637998233,0.25555555555555554,0.6777777777777778,421.70511627197266,0.006807844876335745,413.17584045410155,0.02759159107773205,409.9465344238282,0.035686324032090225,423.9733786010742,0.0014214116179265969,426.54423923029714,421.7151403018557,0,1,1,52.9414782181345,0,0,4.829098928441454,4.531313546669049,0.297785381772405,0,440.3816535147687,403.0285790291766,421.70511627197266,0.08857628955467008,0.5768585465767776,8.125985131037895,0.019139058170741602,19.111619610532625,26.500847341655025,19.174140611358403,0,42.7027636756344,51.84684164408443,5876180.285714285,5231143.033333333,1.1233071335023177,0,816320716.0,423.8779533037912,37857759.65352483,0.22301856168472686,0.1901411258269851,0.23375353548403258,0.8134256683359273,0.1755488092625096,0.8957277305458136,1.1363517246380417,0.8590278425404141,1.2066612280812135,0.013973871399443803,-0.0011507025856715965,1.0,1.0,1.0,1.0,1.0,2414.977294921875,0.000786222062862052,0.02377162891903839,0.31242880290882785,0.3949,0.24041693468960867
2023-07-25,427.7141138427747,441.78656650836,426.58636277721774,440.805908203125,8482756.0,0,1,0.038226108349846744,0.018004829140607415,0.005705389460037402,0.06642950395837621,0.06668253903080301,0.03751359180221648,0.34444444444444444,0.8555555555555555,423.2619125366211,0.041449502416511415,413.9025085449219,0.06499936362498084,410.28976501464854,0.0743770520022281,424.2482080078125,0.03902833266654037,428.7383421491937,423.12927125750525,0,1,1,63.982525414953905,0,0,5.609070891688475,4.746865015672935,0.8622058760155404,0,442.8813737730158,403.64245130022636,423.2619125366211,0.09270600852703575,0.9471069683085702,8.774882423195947,0.019906453747331465,20.141845533713898,33.12576490571328,16.487922669676912,0,87.43246096462468,59.009029865950914,5544921.428571428,5372321.866666666,1.0321275541913602,0,824803472.0,425.2572265197631,38182022.40348614,0.28107024384703405,0.2157476212690246,0.24173132161666006,0.8925099975714332,0.18348649399027497,0.9352892705427543,1.1797900287875906,0.891865133924899,1.2527871909274049,0.03448275862068971,0.007391125294674835,1.0,1.0,1.0,1.0,1.0,2463.362548828125,0.020035490191975258,0.03810850641429786,0.3170362760193851,0.445,0.30425673203531595
2023-07-26,440.8058808800373,442.9142901201407,437.7658343367809,440.3155517578125,4218466.0,0,1,-0.001112408967727685,0.03337168896215892,0.004249538845618073,0.05300186607426771,0.056346365250725894,-0.0011130281538181245,0.32222222222222224,0.8,424.67406005859374,0.036831756799698696,414.71253173828126,0.06173678888413461,410.6942864990235,0.07212485352863415,424.53603118896484,0.03716886061391583,430.5194513197505,424.4023290723428,0,1,1,63.49778239096888,0,0,6.1171222474076785,5.020916462019883,1.0962057853877951,0,444.95694469669286,404.3911754204946,424.67406005859374,0.09552212647648232,0.8855835098977484,8.515851948921938,0.019340338797767302,21.191233974586858,32.64117137460133,15.775911525775252,0,85.55394711345508,71.8963905845714,4941686.285714285,5272498.466666667,0.9372570361008518,0,820585006.0,426.3997528587748,38177329.74407768,0.2813078201675783,0.21505385707978422,0.24105266777656548,0.8921446879779823,0.18306553610304896,0.9342488463707831,1.1784776197795315,0.8908730151519172,1.251393579221563,0.011692650334075884,-6.198439536393512e-08,1.0,1.0,1.0,1.0,1.0,2467.45751953125,0.0016623499878543058,0.025824697932680385,0.3169732067734192,0.4481,0.3054470726905321
2023-07-27,442.2768406125826,450.7105069733626,439.4329378668334,442.6690979003906,5615100.0,0,1,0.005345135172224458,0.042614461937018344,0.015522986551902429,0.06789671689097299,0.06701329527642197,0.005330900638361969,0.5333333333333333,0.8555555555555555,426.2038848876953,0.03863224526222674,415.5931622314453,0.06515009901406082,411.11155609130867,0.07676150509880818,424.81159591674805,0.04203628656865144,432.388627716772,425.7554230596056,0,1,1,64.8733515093324,0,0,6.633204657166402,5.3433741010491875,1.2898305561172148,0,447.0912799196166,405.316489855774,426.2038848876953,0.09801597673106677,0.8941423281249823,8.7131174601796,0.019683139169882208,22.756731430466445,36.01464509976934,14.31740507383641,0,78.04547152319996,83.67729320042659,5177672.571428572,5297556.5,0.977369957532038,0,826200106.0,427.9120592888046,38207343.21258324,0.2785376950364682,0.2143677071928647,0.24085177257619578,0.8900399814373274,0.18722242240655185,0.9583863286215925,1.1847767419546946,0.8956348518391914,1.258082447056156,0.025476296312571783,0.00445428022458053,1.0,1.0,1.0,1.0,0.0,2425.163818359375,-0.017140599518775,0.004758239805292774,0.3190836970422543,0.4496,0.3034449673029579
2023-07-28,441.7865536373979,443.89496294676366,434.8238738876162,442.7672119140625,3886408.0,0,1,0.0002216418858629332,0.004449358945601389,0.02800547991989144,0.055276376061542676,0.05750081160654941,0.00022161732692894072,0.7,0.7888888888888889,427.7018417358398,0.03522400118054076,416.47085144042967,0.06314093863395902,411.56118804931646,0.07582353431491867,425.0947610473633,0.041572967926391736,433.9853329778936,427.0155555673432,0,1,1,64.93267937980639,0,0,6.969777410550421,5.668654762949434,1.3011226476009865,0,448.8398052001686,406.56387827151104,427.7018417358398,0.09884438831752403,0.8563581279636078,8.738686860105878,0.019736526610290163,23.44582505255506,33.344318650731545,17.023205046993713,0,78.31334085898246,80.63758649854586,5009630.857142857,5162734.5,0.9703444670925567,0,830086514.0,428.9747269171386,38208204.60338159,0.26151195912538644,0.21339035472473009,0.23477647693452616,0.9089085819455406,0.18925464096736133,0.9627892252045644,1.185039338106108,0.8958333620367976,1.2583612908222925,0.020487264673311235,-0.0019936884394657108,1.0,1.0,1.0,1.0,0.0,2459.91748046875,0.014330438977473214,0.016276444986862648,0.32067378715519124,0.4367,0.29200299688848214
2023-07-31,444.28722231389,454.2899487527672,444.23820137075774,453.6525268554688,4974267.0,0,1,0.024584735835224913,0.030289584468258912,0.04767303363342812,0.08936776993229878,0.08553334297746473,0.024287394730190558,0.9111111111111111,0.8888888888888888,429.5136093139648,0.056200588335395395,417.5476141357422,0.08646897143564831,412.1530157470704,0.1006895728596725,425.423526763916,0.06635505165001877,437.0110551129052,428.9886645516488,0,1,1,70.82095080881959,1,0,8.022390561256373,6.139401922610822,1.8829886386455508,0,453.01894031706786,406.0082783108618,429.5136093139648,0.10945092538812276,1.0134775072581899,8.937547572862938,0.019701306713343605,24.827998909535978,38.5812999397414,15.455549759737636,0,98.41464969247197,84.92448735821814,4983663.571428572,5196845.7,0.9589785533614307,0,835060781.0,430.33155363228843,38330495.64355046,0.28901772018677646,0.22267702909431752,0.23465583136805715,0.9489516105186796,0.18975300296034522,0.9985968831160619,1.2141732171877964,0.9178571885948538,1.2892977707424313,0.022157371086818388,0.0034329786825374694,0.0,1.0,1.0,0.0,0.0,2488.878662109375,0.011773232992801974,0.02994113913122809,0.2956310922773298,0.4622,0.3499105340910425
2023-08-01,456.0060910875719,462.429390722288,453.1621881178651,455.1235046386719,6249656.0,0,1,0.0032425208637087977,0.02813480045784389,0.06812430948050574,0.09238556750371507,0.08194424392972421,0.0032372752292603706,1.0,0.8777777777777778,431.3915710449219,0.05501251110740579,418.602802734375,0.0872442842373206,412.75513977050787,0.10264769783780488,425.74567306518554,0.06900324168177352,439.797585809177,430.924578632169,0,1,1,71.51697001237645,1,0,8.873007177007992,6.6861229734902565,2.186884203517735,0,456.80156909851047,405.9815729913333,431.3915710449219,0.1178047961949752,0.9669802324207261,8.961094360831506,0.019689368423074147,26.58036608785551,42.219276151851375,14.31387071587093,1,81.98309869602153,86.23702974915868,5260890.571428572,5235474.2,1.0048546455311673,0,841310437.0,432.07191325997206,38350760.283521466,0.24503929375590047,0.22239088850254116,0.2335310252330398,0.9522969733063007,0.18848905032517105,0.9842010775478506,1.2181101991766843,0.9208333596787777,1.293478345663597,0.0203619512285577,0.005188032894729016,0.0,0.0,1.0,0.0,0.0,2477.793701171875,-0.004453797248639368,0.026817851439542073,0.2958355661382757,0.4599,0.347537123810745
2023-08-02,451.1027877690113,452.2795896210735,440.9529690587457,445.7091674804688,5986653.0,0,1,-0.020685236122175765,0.00664447476516683,0.04977470990670496,0.04434733431110871,0.07970069997586293,-0.02090217241904024,0.9222222222222223,0.8666666666666667,433.00965728759763,0.029328468728438487,419.5363897705078,0.06238500008134662,413.2292880249024,0.07860013894661082,426.02074768066404,0.04621469707048816,440.7070599124527,432.0197333616727,0,1,1,61.41925822417934,0,0,8.687326550779972,7.0863636889482,1.6009628618317713,0,457.69275161165245,408.3265629635428,433.00965728759763,0.11400713082785001,0.7572511781980048,9.333197305052554,0.02094010620829678,26.539051234527026,37.64061435756493,22.105464057132814,1,57.42818744902255,79.27531194583871,5630472.285714285,5245378.2,1.0734158855722329,0,835323784.0,433.5242505739004,38226924.95263493,0.29960026739506845,0.22420478146932224,0.2369479648763064,0.9462194857270183,0.1876377546105811,0.9638426458670735,1.192913302083884,0.9017857042046458,1.2667224406646242,0.025412581541357167,-0.00883434238988093,1.0,1.0,1.0,0.0,0.0,2470.253662109375,-0.0030430455364116593,0.022888980076016807,0.2957541999412394,0.4558,0.347247481339026
2023-08-03,441.2962188497519,449.6318140946916,436.392927529199,444.5323791503906,4026983.0,0,1,-0.002640260546424078,-0.02010381771329539,0.008453768150377128,0.014207389650117364,0.07915728686393964,-0.002643752181539006,0.35555555555555557,0.8555555555555555,434.3286422729492,0.02349312452442176,420.49841552734375,0.05715589580261811,413.89956787109384,0.07401025189965206,426.2212924194336,0.04296145466364345,441.29557056444315,432.9465960126889,0,1,1,60.273653825340226,0,0,8.348974551754281,7.338885861509417,1.0100886902448645,0,458.4825820903169,410.1747024555815,434.3286422729492,0.1112242549372943,0.7112230334801222,9.612175109369698,0.02162311579584124,25.968039347949823,33.93757391989643,23.31934437012907,1,54.4319348586286,64.61440700122425,4993933.285714285,5260735.6,0.9492842190575564,0,831296801.0,434.6512691461001,38216292.66829891,0.21137851216002423,0.2243011439106396,0.22414283920560443,1.0007062670643248,0.19095984993303225,0.9612978501562297,1.1897637001570875,0.899404754988505,1.2633779633812674,0.029781602390348497,-0.009900959981735855,1.0,1.0,1.0,0.0,1.0,2529.22509765625,0.023872623468360166,0.026736847509294615,0.3025887611845708,0.4272,0.31818934710888375
2023-08-04,455.0254354998633,456.9867520321902,445.1207810261489,448.1608276367188,7576934.0,0,1,0.008162394139349383,-0.015298434229365498,0.017817394474455073,0.02214264903002028,0.1187270341457285,0.008129261970085767,0.5555555555555556,0.9333333333333333,436.0104705810547,0.027867122180510503,421.35060791015627,0.06362924183149446,414.4909048461915,0.08123199422921354,426.4765086364746,0.05084528352938607,442.35176396017783,434.0735761329874,0,1,1,62.5906110303175,0,0,8.278187827190436,7.526746254645621,0.7514415725448149,0,459.0150731654028,413.00586799670657,436.0104705810547,0.10552316577943985,0.764085350118828,9.815189235971834,0.021901042283704614,25.980164777495748,36.2140935491532,21.20579942636631,1,63.67042567162772,58.51018265975964,5473714.428571428,5333174.333333333,1.026352053477737,0,838873735.0,436.8676129695727,38278138.589974746,0.21437874301938134,0.20534147837516553,0.20824719028622685,0.9860468133708429,0.19223226610101174,0.969144342094514,1.1994750204104605,0.9067460510895262,1.2736901522653539,0.026477037425635803,0.023604706522227833,1.0,1.0,0.0,0.0,1.0,2538.412841796875,0.0036326320457356065,0.028756451409588824,0.21707897177965746,0.2239,0.2133685490356139
2023-08-07,450.3182653295168,458.3106238145952,450.2692144622663,455.8589782714844,3770469.0,0,1,0.01717720550312296,0.022772272889047818,0.02979625285264831,0.04578176623687935,0.12093074493077727,0.01703134525371339,0.7,0.9555555555555556,437.8246871948242,0.04119066741578058,422.23221923828123,0.07964043836793593,415.26660522460946,0.09775015023160676,426.76678344726565,0.06816883589023175,444.4297969311481,435.6873096247279,0,1,1,66.98948765172591,0,0,8.742487306420173,7.769894465000532,0.9725928414196412,0,461.0931662332548,414.5562081563936,437.8246871948242,0.10629130663011946,0.8875262118953808,9.83908973182216,0.02158362607912165,26.085063457699153,34.50677467790983,19.64326709118187,1,83.27089517928069,67.12441856984569,5210195.714285715,5310157.3,0.9811754002627596,0,842644204.0,438.38994134647015,38342904.7108309,0.23161700342777558,0.20636117093798834,0.20893450179461864,0.9876835523356507,0.19187792261058784,0.9857915336208604,1.2200786493319133,0.9223214143482362,1.2955685897581197,0.017640124985187623,0.004813980963429555,1.0,0.0,0.0,0.0,0.0,2547.10107421875,0.003422702674213074,0.05028000786432063,0.20547380950906563,0.179,0.18117456148888603
2023-08-08,455.858968962926,458.21254265079006,443.2575051431934,445.9543151855469,6448476.0,0,1,-0.021727471779745988,0.003198723201837117,0.00719814653326889,0.03540521400135832,0.0885696628726349,-0.02196698905353124,0.35555555555555557,0.8666666666666667,439.3005767822266,0.015146209121912288,423.0491064453125,0.05414314412030404,415.9158004760743,0.07222258609816998,426.96463104248045,0.044476012209023155,444.6643382010556,436.44782855515894,0,1,1,57.60409382061821,0,0,8.216509645896679,7.859217501179762,0.35729214471691684,0,460.5104421903325,418.09071137412064,439.3005767822266,0.09656197386975095,0.6568548002378501,10.204514572948911,0.022882421417321972,25.345605705794775,30.8945771697436,22.49498204870325,1,58.052364650304376,68.33122850040428,5576205.428571428,5423518.666666667,1.0281527125264978,0,836195728.0,439.501650352928,38202795.630518526,0.2806691246836805,0.2190897204464468,0.21459461506891964,1.0209469626070697,0.19915506123246218,0.9643727758934006,1.1935694249094837,0.9022817018461295,1.267419159785425,0.033534909290819113,-2.041982023732761e-08,1.0,0.0,0.0,0.0,0.0,2471.25244140625,-0.029778414991153968,0.004607862266721163,0.22606308394702065,0.3036,0.29602191026359265
2023-08-09,445.9543789861512,460.7132749948649,442.1788384012448,459.8306884765625,6171305.0,0,1,0.03111613189625073,0.02603944860906804,0.013618708715055883,0.06194098750710064,0.11589726423307178,0.030641838745967664,0.4666666666666667,0.8888888888888888,441.4604782104492,0.04161235529074024,424.284736328125,0.08377853150236275,416.66257202148444,0.10360449762896433,427.1980279541016,0.07638766657875817,446.99762285882593,438.1798922530407,0,1,1,65.0020169166381,0,0,8.817730605785243,8.050920122100859,0.7668104836843845,0,461.7280302026881,421.1929262182103,441.4604782104492,0.09182045955460201,0.9531926271398697,10.799509002996853,0.02348583788258252,24.864241718344616,28.761276829473317,19.7373711085034,0,93.38337393701008,78.23554458886507,5747210.857142857,5475448.8,1.0496328368814,0,842367033.0,440.7972707538863,38394822.770870514,0.3043778018256002,0.23337749023693571,0.22084885360847306,1.056729461909156,0.21117520417904573,0.9943803263852531,1.2307086885622993,0.9303572182883472,1.3068563415291434,0.04030708923544326,1.4306533685330527e-07,0.0,0.0,0.0,0.0,0.0,2503.759033203125,0.013153893650127202,0.005978745095246429,0.17614261107834112,0.4035,0.5384454538015517
2023-08-10,458.94810195826005,461.890076970813,454.0448102706719,459.8306884765625,4285159.0,0,1,0.0,0.008712585238834114,0.010342651587787577,0.0791715470659089,0.11589726423307178,0.0,0.4222222222222222,0.8833333333333333,443.1128875732422,0.037728085488276476,425.51154052734375,0.08065385936815353,417.350014038086,0.10178668505950947,427.485115814209,0.07566479268113592,448.97194064617,439.78365493626455,0,1,1,65.0020169166381,0,0,9.188285709905472,8.278393239661781,0.9098924702436904,0,463.727585372913,422.49818977357137,443.1128875732422,0.09304490290304816,0.905482560689958,10.588491695650015,0.023026935698289543,24.516035663893103,28.032994970855153,18.69280752032639,0,93.38337393701008,81.60637084144153,5466568.428571428,5464507.4,1.00037716639773,0,842367033.0,442.93625556007675,38394822.770870514,0.30441466552789265,0.23337749023693571,0.2206304344005478,1.0577756005014523,0.21285717218874123,0.9943803263852531,1.2307086885622993,0.9303572182883472,1.3068563415291434,0.017061207302480817,-0.001919372804861047,0.0,0.0,0.0,0.0,0.0,2548.998291015625,0.018068535035747457,0.028737093733862462,0.18247245182886382,0.3757,0.48397309582332837
2023-08-11,457.9673845000932,460.909359132856,451.1027770236464,453.5054016113281,4422888.0,0,1,-0.013755686655430255,0.016932421480526427,0.017491751796200106,0.06813710857432098,0.09858655663402427,-0.01385117277574103,0.5666666666666667,0.8555555555555555,443.8728973388672,0.02170104174012494,426.32940979003905,0.06374411710107648,418.07619171142585,0.08474342859580256,427.64153091430666,0.06048025934647639,449.6693961792713,440.8000806158989,0,1,1,59.512111431066614,0,0,8.869315563372425,8.39657770440391,0.4727378589685145,0,464.8587353577458,422.88705931998857,443.8728973388672,0.0945578707089085,0.7295001101170147,10.532641010904273,0.023224951617954837,23.81781171516059,26.168668996933135,19.44482873559977,0,75.10258027129856,87.28977604843959,5243173.428571428,5474770.166666667,0.9576974501130068,0,837944145.0,444.106989527245,38333982.90943045,0.2849692027507061,0.23880320562753746,0.22310276481134006,1.0703731342346832,0.21354877741475733,0.9807019421991731,1.2137794454783208,0.917559515915955,1.2888796351914065,0.021623958776160815,-0.004052152288144355,0.0,0.0,0.0,0.0,1.0,2536.11572265625,-0.005053972929201955,0.026662063721275775,0.18220128297775304,0.3897,0.5142540920304087
2023-08-14,452.6664445540317,452.6664445540317,441.8087672234073,444.9673461914063,4566085.0,0,1,-0.018826799834325336,-0.032323510930510224,0.000978482246550838,0.009440522258979511,0.06600152683966853,-0.019006280295650643,0.2777777777777778,0.7222222222222222,444.1986480712891,0.001730527824555319,426.99711059570313,0.04208514565972805,418.70178802490244,0.06273094340103871,427.72117767333987,0.04032105357017819,448.94600387344593,441.1087669548254,0,1,1,53.00459888629659,0,0,7.837236918620533,8.284709547247235,-0.4474726286267021,0,465.03191423957765,423.3653819030005,444.1986480712891,0.09380157395231445,0.5184488143603546,10.615783394976884,0.023857443666013233,22.12524391731359,24.109165827472697,24.167997607634582,0,36.74436658635633,68.410106931555,5320188.0,5503844.3,0.9666312689841172,0,833378060.0,444.5878931298771,38248018.14110894,0.312864732739732,0.24591088157618252,0.22727078942030465,1.0820171048088616,0.21598283189972245,0.9622384630362552,1.190927862815282,0.9002848065737248,1.2646141562891196,0.024401065434482262,-0.0018499384005472477,0.0,0.0,1.0,0.0,1.0,2452.72705078125,-0.03288046800469391,-0.030245645967173163,0.20848851000828247,0.46,0.545972158790451
2023-08-15,452.6664445540317,452.6664445540317,441.8087672234073,444.9673461914063,4566085.0,0,1,0.0,-0.032323510930510224,-0.007125748723181946,0.010564683475346337,0.06562600811269892,0.0,0.2,0.7111111111111111,444.6518859863281,0.0007094543282514749,427.74620666503904,0.040260180588469495,419.2984552001954,0.06121866339563595,427.800824432373,0.040127369510824726,448.3339026915937,441.3945876390166,0,1,1,53.00459888629659,0,0,6.939315052577115,8.015630648313211,-1.0763155957360961,0,465.1163683965416,424.18740357611466,444.6518859863281,0.0920472084125724,0.5077075050996829,10.633061533237424,0.023896273792332452,20.553573819312803,22.35070478024775,22.405245520458525,0,36.74436658635633,49.53043781467043,4890066.714285715,5565315.0,0.8786684517023231,0,833378060.0,444.97766590151036,38248018.14110894,0.30790854352761343,0.24593513895790892,0.2270977229391815,1.082948502410886,0.21879875182817682,0.9622384630362552,1.190927862815282,0.9002848065737248,1.2646141562891196,0.024401065434482262,0.017302614289619336,0.0,0.0,1.0,1.0,1.0,2452.72705078125,0.0,-0.0337556561347091,0.20851137293275912,0.4603,0.5462753827231899
2023-08-16,441.21648745701526,442.2035489502077,433.31999551147584,439.4397888183594,5066857.0,0,1,-0.012422388789556704,-0.031015314796676963,-0.036018133316980894,-0.007295085871925733,0.06312448923254776,-0.012500191664349054,0.1,0.6777777777777778,445.0886199951172,-0.012691475187165634,428.2464788818359,0.026137541085567175,419.77953613281255,0.04683470963512282,427.9528605651856,0.026841573714458482,446.9655774803269,441.24978772637536,1,1,1,48.98300051555695,0,0,5.715789753951526,7.5556624694408745,-1.8398727154893484,0,464.6529003804669,425.5243396097675,445.0886199951172,0.08791184274971733,0.35563406714954293,10.705510758001212,0.02436172379107503,19.95494815811032,20.613772262808556,26.327894284100598,0,21.023429935811397,31.504054369508037,5075265.0,5574759.3,0.9104007414275268,0,828311203.0,445.27891593257465,38185075.67351385,0.2853430363291953,0.24704576375364726,0.22804310886187376,1.0833292222098385,0.21914665898642005,0.9502851627401532,1.1761336938830746,0.8891011186851351,1.248904627570919,0.020215632868883927,-0.008429514584599614,1.0,1.0,1.0,1.0,1.0,2441.841796875,-0.004438020897100103,-0.04132512777335906,0.20878364782267458,0.4787,0.5699532504473843
2023-08-17,437.2682572806343,443.437391835948,434.8006034585088,441.8087463378906,3558210.0,0,1,0.005390858042011448,-0.00709849808205254,-0.009295949621950461,-0.0021647166962261988,0.05657279758680955,0.0053763793784344345,0.18888888888888888,0.6333333333333333,445.52857513427733,-0.008349248519616485,428.8794470214844,0.0301466983465835,420.28430664062506,0.051213998136910195,428.1265480041504,0.0319583039115986,446.172218843029,441.29119206796906,1,1,1,50.709079903074134,0,0,4.881026775059922,7.020735330564684,-2.139708555504762,0,464.3300294850966,426.7271207834581,445.52857513427733,0.08440066653481298,0.401076035742293,10.557744873675354,0.023896640709781022,19.250561656816554,20.24402000460181,24.78949451843029,0,29.161549956427084,28.97644882619829,4662369.857142857,5525976.133333334,0.8437187828262409,0,831869413.0,445.7496650176061,38204257.47850752,0.26442021733999255,0.24562181519086296,0.22753263852540115,1.0795014587036593,0.21725519085790668,0.9554080151519151,1.182474063665225,0.8938941366009602,1.255637295126165,0.01954870393361082,-0.00494159061828298,1.0,1.0,0.0,1.0,1.0,2476.3955078125,0.014150675519487343,0.0020811578453407975,0.21237515495415799,0.4796,0.5581807571874652
2023-08-18,441.7100297496045,441.7100297496045,432.4809985224696,433.81353759765625,3990678.0,0,1,-0.01809653793978927,-0.0250665777819844,-0.05657984891156809,-0.04373168467798072,0.04653352750555073,-0.018262282934494792,0.07777777777777778,0.5444444444444444,445.9144515991211,-0.027137299448513084,429.41527404785154,0.01024244784854717,420.6473434448243,0.03129983906473655,428.1879359436035,0.013138160097050646,444.2708832668178,440.7372917368348,1,1,1,45.1561751973878,0,0,3.5335915299830276,6.323306570448353,-2.7897150404653255,0,463.3001032447316,428.5287999535106,445.9144515991211,0.0779775205009066,0.15198560720845727,10.469887940942904,0.02413453484859498,18.828776286782105,18.955760116282114,24.794477108695432,0,4.449451130116934,18.211477007451823,4350851.714285715,5433335.1,0.8007699937899495,0,827878735.0,446.11697496769284,38132040.02267504,0.1570358570878057,0.2506912884355923,0.22693389098368175,1.1046886269341714,0.21870285958763977,0.9381184377577397,1.1610753769092903,0.8777177474438057,1.2329146071762997,0.02127418908649742,-0.0002234373789663603,1.0,1.0,1.0,1.0,1.0,2573.965087890625,0.0393998372918678,0.028040260167402575,0.23705717086529685,0.2959,0.3147414781700956
2023-08-21,437.2682613991543,445.0167004981543,434.2083646063528,443.58544921875,3775298.0,0,1,0.022525603223928936,0.009433966850243891,-0.03532874091469107,-0.02535148218521932,0.057226535139303314,0.022275648449131866,0.12222222222222222,0.6333333333333333,446.86492309570315,-0.007338848290517528,430.1122161865234,0.031324925275741856,421.135558166504,0.053307992205611915,428.17216888427737,0.035997856597350206,444.1654318748074,440.94826636512477,1,1,1,52.065242616765104,0,0,3.2171655096826157,5.702078358295206,-2.4849128486125904,0,461.1386887417676,432.5911574496387,446.86492309570315,0.06388402807354618,0.3851223300749177,10.522264723768272,0.02372094202436139,18.011195329735408,19.758836867446053,22.908839005834444,0,37.75858096262759,23.789860683057224,4278014.428571428,5342437.9,0.8007607217243327,0,831654033.0,446.61061734084694,38217080.88747513,0.241024016610991,0.2560973145233455,0.229250006282626,1.1171093020936338,0.21633702807592564,0.9592501214637226,1.1872293001626226,0.8974888691653254,1.2606867524265393,0.024365848588670625,0.007963614553454006,1.0,0.0,1.0,1.0,1.0,2636.232177734375,0.02419111670810503,0.034222810986661134,0.24342887393843038,0.3287,0.34788197385754016
2023-08-22,443.9309199035391,448.52074996026425,442.54903979608906,444.5231628417969,3254685.0,0,1,0.002113941349289883,0.0061438722669158174,-0.01980624428643385,-0.0026609383993070335,0.06744518749809458,0.0021117101191821773,0.17777777777777778,0.7555555555555555,447.05078582763673,-0.005653995174531236,430.7376916503906,0.03200432991732535,421.63315002441414,0.05428893059299849,428.1544711303711,0.0382308087737838,444.22046740819036,441.2130735115449,1,1,1,52.681270191162334,0,0,3.0073938966454534,5.163141465965255,-2.155747569319802,0,461.08719047060197,433.0143811846715,447.05078582763673,0.06279557082974041,0.40996187947934914,10.197225112368766,0.022939693507035307,16.81759911435378,21.386807058890472,21.950560473943476,0,40.94709849708197,27.718376863275513,4111128.285714286,5349082.2,0.768567042345,0,834908718.0,447.46192622956,38223961.100675546,0.23576024524643766,0.25455436189491637,0.22631069976294602,1.124800383550379,0.2152357526319913,0.9612779199597962,1.189739033271325,0.8993861079963815,1.2633517702809958,0.013433968493336956,0.0007788142857200769,0.0,1.0,1.0,1.0,1.0,2694.45458984375,0.022085464475064764,0.06243361285645932,0.24950540161000168,0.325,0.3335093676275541
2023-08-23,448.8168939763332,459.2797221949066,447.0401651319268,455.2821350097656,9182054.0,0,1,0.024203400558899135,0.049488076215870924,0.02318100172214055,0.02418216616733382,0.09276631146921988,0.023915140250622448,0.7666666666666667,0.8333333333333334,447.7991149902344,0.016710662815165298,431.50675903320314,0.05509850188634714,422.2309765625001,0.07827743647883022,428.23714920043943,0.0631542262501556,445.9222624238173,442.2552262151168,1,1,1,59.16554773177505,0,0,3.6670362087004946,4.863920414512303,-1.1968842058118083,0,461.9192008208291,433.6790291596397,447.7991149902344,0.0630643757788696,0.7649778517393078,10.522891843850262,0.023112903043350362,16.66476718277956,26.547674751701557,19.751852353492787,0,77.5309451717294,52.07887487714634,4770552.428571428,5559984.166666667,0.8580154701108581,0,844090772.0,448.33880244771603,38446198.03159099,0.2523535779814879,0.26214549718386493,0.22730544392106214,1.153274170041004,0.2190052112320334,0.9845441145050084,1.2185347636541481,0.9211543102253272,1.2939291792239012,0.02688345560213391,0.009659184252822422,0.0,0.0,1.0,1.0,1.0,2526.927978515625,-0.06217459071664655,0.0302524195306364,0.31056345749946507,0.1009,0.08566540376722723
2023-08-24,457.9965590344332,459.8719699542096,447.9778903301005,450.5935974121094,5950400.0,0,1,-0.010298092626796485,0.01579886852849266,0.012644188992427585,0.0054283409556772355,0.05579210985291261,-0.01035148485774205,0.5333333333333333,0.5888888888888889,448.1953399658203,0.005350920084247069,432.2212817382813,0.04250673543870731,422.76279479980474,0.06583077544816508,428.3304623413086,0.05197653921018754,446.640929345093,442.87288334081995,1,1,1,55.590511176030624,0,0,3.76804600427306,4.644745532464455,-0.876699528191395,0,462.1531115070725,434.23756842456817,448.1953399658203,0.06228432246670207,0.5859111871548051,10.620833828154465,0.023570760634756053,16.579311641630696,24.822390643987678,18.171870778617883,0,61.588461268700655,60.02216831250402,4968311.714285715,5371971.133333334,0.9248582300558368,0,838140372.0,448.8252275688967,38384920.2612245,0.26530448653113625,0.25698804563466127,0.2287575697302035,1.1234078327451755,0.2205851246498239,0.9744051880186685,1.205986179789066,0.9116681778150539,1.2806041766837386,0.026396468330709275,0.005962070144942822,0.0,1.0,1.0,1.0,1.0,2536.165771484375,0.0036557405067700888,0.034018755032912296,0.3081446835798973,0.1333,0.1118607785051271
2023-08-25,447.13885782877605,448.4220257248895,443.0918996693566,444.17767333984375,3304204.0,0,1,-0.014238826537070537,-0.0007772137221027098,0.010781646637470832,-0.025624821465474956,0.013398122944065394,-0.014341171302154065,0.5111111111111111,0.35555555555555557,448.2658630371094,-0.009120011212915424,432.7309936523437,0.026452183586129472,423.23045379638677,0.04949364904051669,428.4007670593262,0.036827446385810786,446.26196688274695,442.96953445185875,1,1,1,51.04510982957366,0,0,3.292432430888198,4.374282912149204,-1.0818504812610064,0,462.1220392111521,434.40968686306667,448.2658630371094,0.06182124188607088,0.3524777093652937,10.398038393482915,0.023409637668859812,15.872733391671304,23.543234045837952,20.591827111738972,0,39.77232689531291,59.63057777858101,4716504.142857143,5122059.0,0.920821908310143,0,834836168.0,449.0278997519276,38337872.2736254,0.2696648315302788,0.2499302069122196,0.22071895924833773,1.132345892547524,0.21880095326478527,0.9605308015696491,1.1888143517689453,0.8986870927717783,1.2623698759492907,0.011999986436632038,-0.00766708538065099,1.0,1.0,1.0,1.0,1.0,2492.424072265625,-0.017247176706887246,0.020714804478880966,0.3132475333456818,0.1576,0.1264362457532422
2023-08-28,444.7205546622821,446.9908142261773,439.7359060479783,440.5255432128906,4259997.0,0,1,-0.008222228054580394,-0.032411971966698094,-0.0029044312400701155,-0.01217338141553248,0.004728476782472457,-0.008256217009851918,0.3,0.3111111111111111,447.6095138549805,-0.015826228940220826,433.1833544921875,0.016949378697411463,423.6007904052734,0.03995448826104578,428.49228286743164,0.028082793615169667,445.37944016430754,442.788498063787,1,1,1,48.60866290854892,0,0,2.5909421005205218,4.017614749823468,-1.4266726493029465,0,461.63393019671935,433.58509751324164,447.6095138549805,0.06266362044432586,0.2474415166566732,10.173529092391208,0.02309407308868511,14.810780969763869,22.344015398045226,21.89919439465644,0,27.35395025910504,42.90491280770622,4816759.428571428,4982688.5,0.9666988872716864,0,830576171.0,448.6632872620535,38302845.606779575,0.2738745748554297,0.2511997669198313,0.2214484376201886,1.1343487884555317,0.21667148174645484,0.9526330982656944,1.1790396490541428,0.8912978825453008,1.2519903829400032,0.016468757124244573,0.0012222165926448645,1.0,1.0,1.0,1.0,1.0,2469.155029296875,-0.009335908454614739,-0.0029237973065218137,0.31279184462060333,0.1674,0.1351754149071146
2023-08-29,442.2035505451541,452.5676962610562,441.56196659681024,450.1493835449219,6062408.0,0,1,0.021846270846956006,-0.0009858414982786279,0.03765637660301979,-0.021054064407304285,0.032683439029895345,0.021611060552386843,0.8888888888888888,0.4444444444444444,447.36080780029295,0.006233393037580935,433.7732745361328,0.037752692408957865,424.0075457763672,0.061654180518623584,428.6314274597168,0.050201536113978366,446.11327760747895,443.3337488401674,1,1,1,54.73936612994195,0,0,2.7795287673115467,3.769997553321084,-0.9904687860095374,0,460.9951606343142,433.7264549662717,447.36080780029295,0.06095461469261188,0.6022628568651499,10.307002232089376,0.022896848488210372,14.43996826873074,24.34416846912574,20.071633420685423,0,60.077996165321935,42.40142443991331,5112720.857142857,5052662.233333333,1.0118865305132225,0,836638579.0,448.11487309822616,38435286.61393233,0.2691985301757633,0.2580135439901085,0.22413463943371253,1.1511542555046053,0.2192651991574199,0.9734445789481817,1.2047972685666797,0.9107694174927039,1.279341703943495,0.024449060837484552,0.003809103372361179,1.0,1.0,1.0,1.0,1.0,2503.10986328125,0.013751600681810583,-0.027527655655749883,0.314891841412051,0.1916,0.15781280237805692
2023-08-30,454.2457061942053,459.13164245785424,449.85327054897033,450.84033203125,5510658.0,0,1,0.0015349315395856156,0.014999985571783947,0.01635509646512845,-0.019551449415213917,0.046749441751760434,0.0015337547362244994,0.6333333333333333,0.5555555555555556,447.617366027832,0.0072002702487141265,434.5339196777344,0.037526212834222514,424.4202297973633,0.062249865531859384,428.7607878112793,0.05149618353087159,446.84051674959755,443.8897920395068,1,1,1,55.153018519196685,0,0,2.9507247100907534,3.606142984675018,-0.6554182745842647,0,461.31382521188976,433.9209068437743,447.617366027832,0.06119717519273425,0.6176569053397908,10.2335286375747,0.022698786932987536,14.736941790029638,27.349139300496503,18.771760045825467,0,64.58104904604575,50.670998490157594,5360629.428571428,5067594.166666667,1.0578253214971853,0,842149237.0,448.5080355960171,38443745.09670039,0.24154774724240557,0.25502168489739996,0.22189530707632238,1.1492883209543658,0.2209044633764117,0.9749387497344479,1.2066465498930092,0.9121673861969034,1.2813054058747848,0.020580172734503226,0.009099918380482769,1.0,1.0,1.0,1.0,1.0,2509.7509765625,0.0026531449452820155,-0.04797802038839205,0.3148851400658155,0.1959,0.15950579311589724
2023-08-31,456.2692102958748,458.98362961077726,450.8403716660699,453.9002685546875,9294166.0,0,1,0.006787184521959366,0.03036083956505853,0.021094751627662278,0.0008706995373293225,0.048245172621338206,0.006764255276635062,0.7111111111111111,0.5777777777777777,448.08576049804685,0.012976328571963161,435.37341552734375,0.04255393730208169,424.8203643798828,0.0684522367877847,428.8809312438965,0.05833632481217258,447.92663241191906,444.631308818409,1,1,1,57.02615965844387,0,0,3.295323593510034,3.543979106442021,-0.2486555129319874,0,461.9773450379654,434.1941759581283,448.08576049804685,0.062004132978821104,0.7092816712136837,10.084226419142741,0.02221683289867399,15.012702916950042,25.771624855014764,17.68899388217991,0,78.19828546642117,67.61911022592965,6223412.428571428,5205531.766666667,1.1955382672761126,0,851443403.0,449.2362576928752,38506826.316320114,0.24298998888033896,0.2552407086805072,0.22079333633884318,1.1560163586132823,0.22233342469683823,0.981555838926504,1.2148362826799186,0.9183584345619351,1.290001862093441,0.017940632576925214,0.012041687220318413,1.0,1.0,1.0,1.0,1.0,2416.02587890625,-0.03734438138744001,-0.10333397786215648,0.33428596790866416,0.1655,0.12706024389770348
2023-09-01,456.96014002559446,472.30893452156175,456.1211317140202,467.1268615722656,11151562.0,0,1,0.029139866032012574,0.037715208879430806,0.026016234004538674,0.049800318091941964,0.09629485484999112,0.028723371844412593,0.7777777777777778,0.8666666666666667,449.03406219482423,0.04029271028795895,436.703974609375,0.06966478148064358,425.35276489257814,0.0982104740526077,429.05593032836913,0.08873186116961417,450.8805138212031,446.29764605943546,1,1,1,64.02138868594795,0,0,4.582867761767659,3.751756837507149,0.8311109242605101,1,465.328775239711,432.7393491499375,449.03406219482423,0.07257673489285049,1.055173918301031,10.678829243980708,0.022860661893939635,16.370892572543838,31.511347534971698,15.510914162635215,0,86.98884885871503,76.58939445706066,6504770.714285715,5433614.933333334,1.1971350186008238,1,862594965.0,450.8146106817159,38831781.3390478,0.2614021064255713,0.26126756705565324,0.22672028478285086,1.1523784354183007,0.22837285370422675,0.9890282131661442,1.2502364492080398,0.9451192763144387,1.3275923435358907,0.03465397548121364,0.00674128587905493,1.0,1.0,1.0,1.0,1.0,2446.78515625,0.01273135259531033,-0.03171551502338532,0.3361965646242699,0.1895,0.14817896961232788
2023-09-04,471.4205604053775,485.9303458271322,468.8541945789267,480.35345458984375,10359653.0,0,1,0.028314777217177678,0.06546247188139342,0.0660458944571205,0.07952518022123778,0.13137208125034538,0.02792132368089902,0.9888888888888889,0.9777777777777777,450.2587860107422,0.06683860374105739,438.17746398925783,0.0962532171705204,425.95221740722656,0.12771676014215355,429.34364364624025,0.11880881829389159,455.414812400994,448.82029854316943,1,1,1,69.38772683639135,0,0,6.594513857824552,4.32030824157063,2.274205616253922,0,471.61064943148847,428.90692258999593,450.2587860107422,0.0948426286577198,1.2047316664141932,11.25916174475827,0.023439327097943028,18.44561287349442,36.393834861296824,13.660616366763204,0,89.56602555780513,84.91771996098045,7134664.0,5665617.333333333,1.2592915441047554,0,872954618.0,453.1629648021038,39125112.605790064,0.2756613924977925,0.270110162753533,0.2327042024462221,1.1607446703329536,0.2354654980755004,0.9885232702892928,1.2856366157361607,0.9718801180669423,1.3651828249783402,0.03554913800461,0.009191718966149906,0.0,0.0,0.0,0.0,0.0,2467.3076171875,0.008387520614582034,-0.0271504942898797,0.33693800433309523,0.2005,0.16177487196801768
2023-09-05,479.7118957342252,483.4133764111869,472.0128279752358,479.81060791015625,4941534.0,0,1,-0.0011300984191964236,0.05708377181175206,0.08022225498725022,0.09186882963045484,0.08848497486348972,-0.0011307374619144372,1.0,0.8333333333333334,451.9516006469727,0.06164157229071245,439.5802764892578,0.0915198737809647,426.5182928466797,0.12494731400098126,429.60510681152346,0.11686430236188737,459.16801171009587,451.11587701479806,1,1,1,68.93328688509283,0,0,8.05213469529781,5.0666735323160665,2.9854611629817427,0,476.92739575235424,426.9758055415911,451.9516006469727,0.11052420245720336,1.057720127540219,11.269260794129188,0.023486893804230646,20.372138867234245,33.76399018479182,12.673490405269263,0,88.55039729092798,88.36842390248273,7368568.285714285,5547576.6,1.3282499399313001,0,868013084.0,454.4887127199702,39119528.18602826,0.23710547364846046,0.25114262202657955,0.23218524775414126,1.081647626004698,0.23120501900056598,0.9874061417042,1.2841837198290562,0.9707817978818665,1.3636400340259183,0.02376051768760781,-0.0013355974636767103,0.0,0.0,1.0,0.0,0.0,2490.72607421875,0.009491502749034986,-0.0006812637005754185,0.33310822908395143,0.1452,0.11001902976860103
2023-09-06,478.6261049215802,478.6261049215802,468.1139061996287,471.9634399414063,5138246.0,0,1,-0.016354719631832992,0.010353886207403296,0.07136452633195622,0.06825282173217473,0.07187547216365675,-0.01648993435182155,0.9888888888888889,0.7888888888888889,452.55823822021483,0.042878905038844756,440.77809326171877,0.07075067285880463,426.9911865234375,0.10532361050384423,429.7550106811523,0.09821509513840115,461.1365391302975,452.6601409352876,1,1,1,62.555369564341454,0,0,8.476398195009892,5.748618464854832,2.72777973015506,0,478.8922771270945,426.2241993133352,452.55823822021483,0.11637856383056493,0.8684433251923608,11.299792288157645,0.023942092399276735,21.598038918375806,31.267564260203425,14.201041497085727,0,73.86889346634266,83.9951054383586,7494032.428571428,5578235.933333334,1.3434412811028755,0,862874838.0,455.34219324652673,39035493.61329887,0.26831752805739273,0.25712159922734323,0.23503786842541924,1.0939581819298683,0.23352903559533628,0.9712573910938779,1.2631812551354877,0.9549049337538218,1.3413380835906812,0.022273332704025938,-0.0024686886222362705,1.0,1.0,1.0,1.0,0.0,2493.173095703125,0.0009824530725011105,0.009727241149815269,0.33309493376961324,0.1415,0.10974166726281182
2023-09-07,469.397101512205,473.2960066294637,467.4229784397151,468.9529418945313,4055611.0,0,1,-0.006378667905396984,-0.02373359155925492,0.04177181850507394,0.08100117043711386,0.0593758274946381,-0.006399098533989967,0.8888888888888888,0.6777777777777778,453.0143508911133,0.03518341300240405,441.9157000732422,0.06118189921020688,427.4653564453125,0.09705484859455848,429.82759017944335,0.09102568706386206,462.3390626324873,453.86701508041676,1,1,1,60.25216435365539,0,0,8.472047552070535,6.293304282297973,2.1787432697725624,0,480.18157039870334,425.8471313835232,453.0143508911133,0.11993977433231463,0.7933423311679919,10.912166281128428,0.023269213829950983,22.635792253810187,30.06552922626592,14.10736924254405,0,67.17565040648482,76.53164705458518,7207347.142857143,5526252.966666667,1.3042014519296392,0,858819227.0,455.74332560393276,39009624.21757639,0.2693715780039419,0.25817088344381967,0.23527058288344121,1.0973360131968721,0.2303535452247987,0.9650620627454278,1.255123841404656,0.9488139123001811,1.3327821334065946,0.012523704758140646,-0.005437578871617537,1.0,1.0,1.0,1.0,0.0,2506.15576171875,0.005207286264238942,0.0012168456855135013,0.3290472739702078,0.1446,0.11399187308354841
2023-09-08,466.8800812024599,472.6050257516238,461.6486673945248,469.98931884765625,5637990.0,0,1,0.0022099807049680287,-0.020469095306744456,0.042473987919694256,0.05952375055450809,0.061481758813878296,0.002207542289516416,0.9,0.6888888888888889,453.8385467529297,0.03558704347676105,443.0593249511719,0.060781914249185956,428.0234393310547,0.09804575091071832,429.9166291809082,0.09321037370221265,463.51602512712867,455.06125980391596,1,1,1,60.78741547802399,0,0,8.454765323212712,6.725596490480921,1.7291688327317907,0,482.04864966461594,425.62844384124344,453.8385467529297,0.12431779148563098,0.786258652534656,10.91532285798347,0.02322461898654679,22.77902530301233,27.909917885318514,16.874552044212603,0,65.49145945770374,68.84533444351042,7225537.428571428,5584639.033333333,1.2938235372857543,0,864457217.0,456.37772360910526,39022084.0666912,0.2689485415080898,0.25812133560964456,0.23480100664660108,1.0993195442221544,0.2311667753494016,0.967194831283192,1.2578976408765057,0.9509107727389697,1.3357275562053494,0.02331193054336294,-0.004420189121102887,1.0,1.0,1.0,1.0,0.0,2515.942626953125,0.003905130472681817,0.002467037745356393,0.3268414346797213,0.1482,0.11756515583395176
2023-09-11,471.8154048150236,481.4885956261572,470.2854715137728,478.5767822265625,5960678.0,0,1,0.01827161391659171,0.014012403770040427,0.0543654969635734,0.07660707524679666,0.05494129073601406,0.01810669385348111,0.9444444444444444,0.6111111111111112,455.5190185546875,0.050618662959528694,444.28251708984374,0.07719021977581825,428.61395141601565,0.11656837264742365,429.95004928588867,0.11309856347601029,465.83306468088773,456.8031503537416,1,1,1,64.99390321232633,0,0,9.029914327146116,7.186460057813961,1.8434542693321552,0,485.4554404492495,425.58259666012543,455.5190185546875,0.1314387354870366,0.885112218038046,10.957033852306147,0.022895038495868755,23.572206233370174,31.60886678799987,15.609577631525317,0,84.081279834271,72.24946323281988,6749324.857142857,5617519.4,1.2014778012413907,0,870417895.0,457.8280930918438,39130995.27378832,0.2788329180162288,0.2540714198396236,0.23698012389478262,1.0721212212397584,0.23151792733472573,0.9848670418225214,1.2808814609171926,0.968285447247584,1.360133454410086,0.023409251197398725,0.003885377590802814,1.0,0.0,0.0,0.0,1.0,2611.465087890625,0.03796686773147151,0.08089284584685474,0.3427996539409382,0.1794,0.13351963269721553
2023-09-12,483.6601374699519,484.5484867999433,469.24903347181214,471.5686340332031,6817270.0,0,1,-0.01464372793171076,0.00557772839232995,0.0095087070051747,0.03577232175624068,0.03613333353896375,-0.014752005675573356,0.4444444444444444,0.4888888888888889,456.84908294677734,0.032219723396359756,445.3626043701172,0.058842007402371596,429.1147686767578,0.09893359179260693,430.00334548950195,0.09666270967353657,466.71545996585934,457.8968898855536,1,1,1,59.394244203233576,0,0,8.818570080305733,7.512882062312316,1.3056880179934174,0,487.1728460165752,426.5253198769795,456.84908294677734,0.13275177384270048,0.742706537650769,11.267206672007934,0.023893036684061158,24.514234150523563,30.482911045249057,14.09558846051507,0,68.91030205672054,72.82768044956511,6130140.285714285,5636439.866666666,1.0875908251886646,0,863600625.0,459.2752400462899,39031165.026671305,0.2617527615341019,0.2584877724541121,0.23934220659318245,1.0799924348214602,0.2355368796414584,0.9704449168131636,1.2491737292855594,0.9541061385978555,1.3402160301528867,0.032443746729461084,0.010621817505937636,1.0,1.0,1.0,0.0,1.0,2532.32080078125,-0.03030646952791649,0.03495837969784965,0.3548944289797389,0.2199,0.1607910950386404
2023-09-13,472.3089191030308,478.5273943900932,467.71908923660607,476.9481201171875,4162140.0,0,1,0.011407641848388161,0.014806296633704807,-0.007089226568723128,0.05848845357865673,0.07008819857421389,0.011343065348458376,0.25555555555555554,0.8222222222222222,458.72449951171876,0.039726721866537654,446.6346179199219,0.06787091949666248,429.7184136962891,0.10990850034711065,430.1114880371094,0.10889416670506863,468.28971537375594,459.3080921249339,1,1,1,62.09396885517178,0,0,8.981623248822018,7.806630299614256,1.1749929492077618,0,489.1541056256216,428.29489339781594,458.72449951171876,0.1326705076632841,0.7994389828322925,11.234427992113591,0.02355482183125758,25.165326403137378,28.388147362608656,14.099689388495694,1,80.55561285538502,77.84906491545887,5244781.285714285,5575622.766666667,0.9406628649753198,0,867762765.0,460.7285284729621,39078645.22911415,0.2034918061090813,0.2513428614643502,0.23614579712971404,1.064354583140383,0.23475528128953668,0.9815154048577569,1.2599872863324963,0.9649902397123284,1.3555047346243394,0.022661385374223738,0.001569835261298474,1.0,0.0,0.0,0.0,0.0,2515.543212890625,-0.0066253801198682405,0.01954989129329121,0.3553979684643213,0.2101,0.14925041658821023
2023-09-14,479.7118851039429,502.3155872458181,479.7118851039429,490.9150390625,16108768.0,0,1,0.02928393751060554,0.025781143787490413,0.023143363171376663,0.10522223094022354,0.10434034074358745,0.028863354173202488,0.7222222222222222,0.9444444444444444,461.17981414794923,0.0644764233002868,448.08986511230466,0.09557273503488428,430.40288818359375,0.14059420264181416,430.2534259033203,0.14099042449649338,471.7705344027935,461.6493474536425,1,1,1,68.03602976328565,0,0,10.121186949150967,8.2695416295216,1.8516453196293678,0,493.7142692154114,428.6453590804871,461.17981414794923,0.1410922771091837,0.956980528072362,12.243930787579092,0.024941038292412707,27.083670062366746,38.06456768922616,12.013096369520069,1,81.78234857528862,77.08275449579808,6840100.428571428,5978348.933333334,1.1441453994819955,1,883871533.0,465.0803524245442,39550373.38459899,0.27112352081404667,0.2623505562320536,0.24206948901799372,1.0837820053090308,0.24254226913433383,0.9773040127107602,1.2968846752896146,0.9773040127107602,1.3951992505684085,0.0460440205397689,0.0057946868227016805,0.0,0.0,0.0,0.0,0.0,2516.44189453125,0.0003572515216672123,0.010324628058734353,0.3486317883788614,0.2171,0.16420615013423145
2023-09-15,501.2298390782248,501.4272634357551,488.5461223591836,490.1253967285156,8515363.0,0,1,-0.0016085111906376515,0.03935113863829609,0.038481702712744204,0.1125924575312427,0.09363729827322942,-0.0016098062336766437,0.8444444444444444,0.9111111111111111,463.9954071044922,0.056315190245275294,449.6018878173828,0.09013198122422576,431.0274914550781,0.13710936412415986,430.4345645141602,0.13867574106584504,474.5943593759815,463.75868443696646,1,1,1,67.39281372153933,0,0,10.835674939015064,8.782768291420293,2.052906647594771,0,496.3038336599088,431.6869805490756,463.9954071044922,0.13926183777134113,0.9043835062534589,12.289445808221409,0.025074084897968734,28.864989174508302,35.21476426512745,11.113704487615786,1,79.93503862472836,80.75766668513403,7322545.714285715,6009629.9,1.218468663816671,0,875356170.0,467.7549765672344,39536676.32792115,0.23829041815799018,0.2623138527245071,0.2336300703304891,1.12277436013884,0.24244940401669748,0.9757320082696598,1.29429572184232,0.9757320082696598,1.3655527166024395,0.026281317317058916,0.0210113750750496,0.0,0.0,0.0,0.0,0.0,2536.6650390625,0.008036404327554258,0.017444413881383403,0.34925623971835873,0.2115,0.1596539601214111
2023-09-18,487.6083768956802,487.6083768956802,476.8987536862804,478.2312927246094,6238600.0,0,1,-0.024267471311009148,0.0026903819373615967,0.019785249224782087,0.062383533569551286,0.049077270646189275,-0.024566778601584335,0.6444444444444445,0.5777777777777777,465.72769927978516,0.02684743351997345,450.77502075195315,0.060909036012810745,431.53315368652346,0.10821448743659824,430.56064544677736,0.11071761384128802,475.15388758346273,464.8307294953104,1,1,1,58.43187122055619,0,0,10.323158088152354,9.090846250766706,1.232311837385648,0,497.1309872762313,434.32441128333903,465.72769927978516,0.1348568618315341,0.6990809600293962,12.356388467793826,0.02583768284462573,29.042640011690775,32.52226973680361,16.996953047132855,1,54.092201721896416,71.93652964063783,7634401.285714285,6091900.933333334,1.2532050946430828,0,869117570.0,469.103945176132,39385281.28140029,0.29438461523857423,0.270533188019421,0.23920256574079782,1.1309794574384848,0.24357063042975785,0.9520534597517425,1.2523460290179194,0.9520534597517425,1.299916227713738,0.02239423344378882,-0.005135460944558321,0.0,0.0,0.0,1.0,0.0,2499.114990234375,-0.014802919679928528,-0.0028093910170796654,0.35178652289148166,0.2347,0.1813092765813618
2023-09-19,487.6083768956802,487.6083768956802,476.8987536862804,478.2312927246094,6238600.0,0,1,0.0,-0.025836948002474602,0.017536513164088996,0.06075534673206828,0.07237731857271767,0.0,0.5888888888888889,0.8222222222222222,467.4131057739258,0.023144808772041635,452.0109161376953,0.058008281771068156,431.94025970458983,0.10716998932139052,430.70560409545897,0.11034378976554274,475.62733452825455,465.8233638085918,1,1,1,58.43187122055619,0,0,9.803970719662743,9.233471144545915,0.5704995751168287,0,497.6200636449909,437.20614790286066,467.4131057739258,0.1292516512606104,0.6790677994927485,12.238762377908538,0.025591722173137377,29.207601503360216,30.489493849125793,15.93457343470672,1,53.211862738299665,62.41303436164151,7720202.714285715,6084905.066666666,1.2687466163732395,0,869117570.0,470.1945804598086,39385281.28140029,0.2948684279055246,0.2612384945991617,0.23906857247542765,1.0927345735751728,0.23976044176765204,0.9520534597517425,1.2507400001353552,0.9520534597517425,1.2863717546873787,0.02239423344378882,0.01960784313725497,0.0,0.0,0.0,0.0,0.0,2499.114990234375,0.0,-0.006688402405713334,0.34058051204883666,0.1817,0.14011204391713683
2023-09-20,475.7636508901269,480.1067155376076,469.1009856546324,472.1115112304688,5861905.0,0,1,-0.012796698140087326,-0.036753625946106316,-0.013509370358533168,0.040121682971833605,0.026707270875271805,-0.012879281164896518,0.15555555555555556,0.37777777777777777,468.25457458496095,0.00823683708573796,453.1204931640625,0.041911629142604614,432.32392333984376,0.09203189030866697,430.7650471496582,0.09598379523686344,475.08643863628754,466.28915250650863,1,1,1,54.13647137107881,0,0,8.797286129778911,9.146234141592515,-0.34894801181360435,0,497.9723332668979,438.536815903024,468.25457458496095,0.12692992357107202,0.5648927916601627,12.150688628270446,0.02573690397127151,28.464861617082857,28.516888816263794,19.487606580356367,1,34.615365269196985,47.30647657646438,7706092.285714285,6074591.733333333,1.2685778113166615,0,863255665.0,471.45514458345457,39310268.25258943,0.2843373181020545,0.25048191960953464,0.24104735466726943,1.03913988168544,0.23239245653750917,0.9398703190140737,1.2347346579018903,0.9398703190140737,1.2665695035888815,0.023311716874453856,-0.005159933847958147,0.0,0.0,1.0,0.0,1.0,2467.008056640625,-0.012847321439474424,-0.0553164704057687,0.340588634175279,0.1702,0.12567730046392833
2023-09-21,472.8024651305399,480.156085457757,470.2360991700041,473.3453369140625,5146457.0,0,1,0.0026134200379439587,-0.010216721249482252,0.0037676443101477552,0.01331217674116747,0.029390488230079947,0.0026100109940140038,0.3,0.3888888888888889,469.3921615600586,0.00842190321386121,454.0517498779297,0.04249204422473831,432.68854431152346,0.0939631823792111,430.87135665893555,0.09857694088666942,474.8185768328683,466.8118328329941,1,1,1,54.856992737203235,0,0,8.006743999874175,8.918336113248847,-0.911592113374672,0,497.9838912218182,440.80043189829894,469.3921615600586,0.12182448708445823,0.569131448162983,11.991352746804909,0.025333201389458243,27.778947973842296,26.861230539118853,18.336081607438054,1,28.762123028517763,38.86311701200483,7467404.714285715,6103301.666666667,1.2235024781863775,0,868402122.0,472.39749826878557,39323718.106437646,0.27022001555428105,0.2505165911423029,0.24100185796634263,1.039479916280517,0.23331849626833207,0.9423265949388537,1.2379615381983948,0.9423265949388537,1.2698795817090094,0.020957186041855796,0.0014635396164567674,0.0,0.0,1.0,0.0,1.0,2475.94580078125,0.003622908371363698,-0.02226218731157903,0.33637785602830056,0.1749,0.13082998514464647
2023-09-22,472.8024721500416,475.5662323807421,465.3995106863144,472.6544189453125,3684720.0,0,1,-0.0014596488332480062,-0.011661457257478802,-0.009002449094085985,-0.01602785526150774,0.04222445259956542,-0.001460715158372671,0.17777777777777778,0.4888888888888889,470.81599884033204,0.0039047528323350824,454.73873413085937,0.039397754072336325,433.15657989501955,0.09118605345869549,430.9950505065918,0.09665857737752273,474.485629465552,467.24461698946214,1,1,1,54.3421511868032,0,0,7.24101247608985,8.582871385817047,-1.341858909727197,0,496.84185209605226,444.7901455846118,470.81599884033204,0.11055636732746789,0.5353191130165231,11.861021957349397,0.02509449077788428,26.596651682108625,25.21664414125749,20.126104488197452,1,27.06315499436008,30.146881097358293,7399201.857142857,6078696.066666666,1.2172350411986148,0,864717402.0,473.0292395531988,39318339.7091888,0.2594199467113967,0.2466932488874301,0.24112383136605123,1.0230977481148429,0.23334753967148597,0.9409511290240127,1.2223603373436638,0.9409511290240127,1.2680260034592024,0.021509841624064146,-0.00114686830456614,0.0,1.0,1.0,0.0,1.0,2461.615234375,-0.0057879160366629545,-0.02143790583253624,0.33646618586878735,0.1723,0.12686509253207076
2023-09-25,472.6050261763946,472.6050261763946,461.20447809285264,463.2773132324219,5768069.0,0,1,-0.019839242662355372,-0.01871210039980231,-0.05629838898978912,-0.0344579598807665,0.041149012838212595,-0.02003868267065998,0.022222222222222223,0.4777777777777778,471.9535873413086,-0.018383744379957854,455.23523376464846,0.017665766775712893,433.4249334716797,0.06887554788698547,431.0551876831055,0.07475174054280215,472.7612731219935,466.95074263708875,1,1,1,47.787057660257425,0,0,5.810530484904746,8.028403205634586,-2.21787272072984,0,494.10534552575416,449.80182915686305,471.9535873413086,0.09387261281023293,0.30416285613439464,11.831659021285859,0.025539042563368575,25.049090548323306,23.473566018669576,21.267476565953025,1,5.042031660728657,20.289103227868853,5921959.142857143,6118762.2,0.9678361324218716,0,858949333.0,473.67397071798626,39203905.588604584,0.17180980201299645,0.24745154341840356,0.24466392133519818,1.0113936785938547,0.23339182748211162,0.9222833712418881,1.1981096339902644,0.9222833712418881,1.2428693278743985,0.024608474790179045,-0.00010450080849374386,0.0,1.0,1.0,1.0,1.0,2478.79248046875,0.006978038587785784,-0.014961368328956892,0.32297657485799613,0.0905,0.06966155143549632
2023-09-26,462.43829073860434,468.16323511701466,460.1680614457546,465.39947509765625,4666823.0,0,1,0.004580759308992377,-0.01678660630356832,-0.05044815428031224,-0.013907782442989625,0.045918265870819486,0.0045702995612963366,0.03333333333333333,0.5,472.7160919189453,-0.01547782473744013,455.8251715087891,0.021004332773409726,433.76059967041016,0.07294086980534115,431.1411357116699,0.07945968627984727,471.628688810557,466.8358339304641,1,1,1,49.27824002211793,0,0,4.792854880092875,7.3812935405262445,-2.5884386604333693,0,492.6461362854152,452.78604755247545,472.7160919189453,0.08432141281912271,0.3164425355319709,11.557624353426876,0.024833771784984724,23.50086501464538,22.313693222866878,20.85713825992541,0,12.412148880857414,14.839111845315403,5372167.714285715,6122120.133333334,0.8775011919540217,0,863616156.0,474.5066549466567,39225283.181505255,0.18535149888446248,0.24759030141211982,0.24471463834229437,1.011751087263538,0.23148405954254175,0.9265081293802332,1.2035978858493586,0.9265081293802332,1.2485626131179204,0.017179163490853612,-0.0018110588838538878,1.0,1.0,0.0,1.0,1.0,2454.67431640625,-0.0097298036251664,-0.03232225043262005,0.3243499722957353,0.0867,0.06647990956343303
2023-09-27,460.2174235222894,469.5945077549151,460.2174235222894,468.8048706054688,5656858.0,0,1,0.007317145140952386,-0.008144530518583992,-0.019711010681538133,-0.00031574871556261375,0.06682390291983187,0.007290504710111287,0.13333333333333333,0.7444444444444445,473.61431884765625,-0.010154777950736873,456.58716674804685,0.02675875440047991,434.16856536865237,0.07977616990167578,431.24362045288086,0.08709983955969504,471.1942552405434,466.981688498983,1,1,1,51.66384444960305,0,0,4.2125667415604084,6.7475481807330775,-2.534981439172669,0,490.8271917802801,456.4014459150324,473.61431884765625,0.07268729954999763,0.3602950169616364,11.401871487655367,0.02432114553957102,22.21223427983201,21.899537421631447,19.631906178341307,0,20.491853307558124,12.648677949714752,5289061.714285715,6141786.833333333,0.8611600919752503,0,869273014.0,475.02393308867494,39266675.232533015,0.15792170913708006,0.24449305410458377,0.24368276487967092,1.003325180692664,0.23145141180147508,0.9332875238371805,1.2124047862714618,0.9332875238371805,1.2576985269756709,0.020002104970699423,-0.011134631327806083,1.0,0.0,0.0,1.0,1.0,2479.99072265625,0.010313549981271875,-0.007652416016412089,0.3253212953901282,0.0856,0.06462586109594898
2023-09-28,469.84129957488494,473.3947271928541,458.44075067840913,460.8096923828125,5869780.0,0,1,-0.01705438386834679,-0.00532644439761587,-0.03642923540728893,-0.01953156400947753,0.043007174942594206,-0.017201484748275948,0.05555555555555555,0.4666666666666667,473.9597900390625,-0.027745175714518344,457.1431677246094,0.008020517240699288,434.6495620727539,0.0601867172839341,431.31421981811525,0.06838511509575423,469.5966301855079,466.5245036014889,1,1,1,46.17301871806132,0,0,3.0721265840189744,6.012463861390257,-2.940337277371283,0,489.7229843279132,458.1965957502118,473.9597900390625,0.06651701102134222,0.08288601233726205,11.655593275283195,0.02529372421620082,21.40827956004649,22.221496736251535,17.832800210251186,0,5.399317444211431,12.767773210875676,5236373.142857143,6218839.166666667,0.8420177789649879,0,863403234.0,475.9832580856996,39166569.75119027,0.17743169738477543,0.2505898585590722,0.24603074762777014,1.0185306551122615,0.23562504773609222,0.9173708801461224,1.181242761695563,0.9173708801461224,1.2362492535059735,0.03245152339812787,0.0022107896790354836,1.0,1.0,1.0,1.0,1.0,2471.95166015625,-0.0032415695859497884,-0.010869179763344006,0.3229797229490523,0.0865,0.06737717005523072
2023-09-29,471.8154032467631,488.101918212394,468.0645815461934,486.2758483886719,11604605.0,0,1,0.05526393308737876,0.04485689049527841,0.030002100819966016,0.016087420969921995,0.1209328576547839,0.05379090918238644,0.7777777777777778,0.9888888888888889,474.9172393798828,0.023917028203946512,458.34676452636717,0.06093439732505855,435.54310607910156,0.11648156428483669,431.63939025878904,0.12657894381957494,472.1626637552254,467.9875661783173,1,1,1,60.5536437455044,0,0,4.175097576908115,5.644990604493829,-1.469893027585714,0,491.24889475365995,458.58558400610565,474.9172393798828,0.0687768479202903,0.8477482456256997,12.772495600590219,0.02626594687544791,21.90237121110972,27.054677914793228,15.111009654918625,0,63.44205446212228,29.777741737963964,6056758.857142857,6472636.733333333,0.9357483057795052,0,875007839.0,477.31577780661337,39807885.86541573,0.38608312915605697,0.2859701682562908,0.2672501745312493,1.070046703460067,0.24390948993048575,0.9680684030828276,1.2465228826378572,0.9680684030828276,1.3045692495310495,0.04120569987713054,0.023883418786269175,0.0,0.0,0.0,0.0,0.0,2410.68310546875,-0.024785498711421883,-0.02283127978453947,0.30843213049854556,0.0387,0.036218652425359335
2023-10-02,471.8154032467631,488.101918212394,468.0645815461934,486.2758483886719,11604605.0,0,1,0.0,0.03726705689008525,0.02731728923096366,0.031187855370451212,0.09623940380620888,0.0,0.7555555555555555,0.9,475.2133590698242,0.023278994808776474,459.58076110839846,0.05808573713114376,436.37830078125,0.11434470393713453,431.89885665893553,0.12590214327118976,474.33392292960184,469.3422537494547,1,1,1,60.5536437455044,0,0,4.991669180147142,5.514326319624492,-0.5226571394773503,0,492.1631047273929,458.2636134122555,475.2133590698242,0.07133530795828594,0.8263320153098533,13.291412819562392,0.027333072089853815,22.361170601382717,24.1413915206074,13.483834533162176,0,63.44205446212228,44.09447545615202,6979351.428571428,6733613.633333334,1.0364941929577933,0,875007839.0,477.53704568097464,39807885.86541573,0.3868579177573575,0.28070724638725186,0.2665728624738603,1.0530225912053504,0.25096566299041323,0.9680684030828276,1.2465228826378572,0.9680684030828276,1.3045692495310495,0.04120569987713054,-0.029737123876962132,0.0,0.0,0.0,0.0,0.0,2410.68310546875,0.0,-0.026358693026280022,0.29838898227031396,-0.0119,-0.011273100005803803
2023-10-03,476.84944172119015,478.2806628977296,470.43354163419326,473.7402038574219,4657602.0,0,1,-0.025778875452663774,0.028060415586631082,0.002297206729881429,-0.006725922850848942,0.06572670100888112,-0.026116973850397646,0.3111111111111111,0.6888888888888889,474.9098388671875,-0.002462856976295898,460.23944702148435,0.029334201844952452,437.07097778320315,0.08389764577873086,431.9581074523926,0.09672719572611381,474.24258153388183,469.66802783152633,1,1,1,52.5401534602261,0,0,4.574553702355502,5.326371796170694,-0.7518180938151922,0,491.7298702766894,458.0898074576856,474.9098388671875,0.07083463020948595,0.4652308910343393,13.473619529199265,0.028440945943558386,22.787198606636217,22.113856321596604,12.351383277803233,0,34.87067844801376,53.918262457419466,7118334.571428572,6780377.533333333,1.0498433953616584,0,870350237.0,477.38641284036885,39687818.123549655,0.4272516501008426,0.2931838954393735,0.2722130824929243,1.0770382259162519,0.25153248823679325,0.9431126882900962,1.2143889244974404,0.9431126882900962,1.2709389213280136,0.01656418686791047,-0.01938489583374777,0.0,1.0,1.0,1.0,0.0,2384.068603515625,-0.011040232493747859,-0.031502336261362895,0.2896978197640453,0.0122,0.012432928505955704
2023-10-04,467.8671452610307,471.7166790392661,463.9188993094608,467.27490234375,3302259.0,0,1,-0.01364735663350558,-0.0390744185792562,0.008628933464140065,-0.048155250578380215,0.02634139671157354,-0.013741337848068629,0.4,0.26666666666666666,474.6754119873047,-0.015590674083098763,460.7786340332031,0.014098458198213207,437.7455828857422,0.06745772113413967,432.00979354858396,0.08163034570465152,473.1706308892462,469.49075927687625,1,1,1,48.942692503797254,0,0,3.6798716123699364,4.9970717594105425,-1.317200147040606,0,491.7963489315126,457.5544750430968,474.6754119873047,0.07213745018950267,0.2838754482984555,13.212739887682252,0.02827615996795463,22.289983341401538,20.93973563250357,15.217434962011398,0,20.55098471282996,39.62123920765535,6766076.0,6584384.366666666,1.0275943236626865,0,867047978.0,477.3168676435174,39642751.01728045,0.4161708907268113,0.2891463894624506,0.2741386727057142,1.054744982196828,0.24879702353537783,0.9302416930874171,1.1978157257530444,0.9302416930874171,1.253593964609247,0.016687777774268067,-0.012397213807419925,0.0,1.0,1.0,1.0,0.0,2461.6650390625,0.03254790379456729,-0.006909590674170185,0.25173954801561277,0.1106,0.12826163120863124
2023-10-05,467.2749233838941,476.158477174929,462.29027469468207,464.4617919921875,4801287.0,0,1,-0.006020247048263316,-0.04485942797440512,-0.0020147919274554615,-0.05236130367376857,0.03077761126595502,-0.006038441796865683,0.24444444444444444,0.3111111111111111,474.4508544921875,-0.021053945641411997,461.21448791503906,0.007040767717051057,438.40382507324216,0.05943827455107617,432.02804595947265,0.07507324197132649,471.83080952046794,469.1182431817141,1,1,1,47.421233455997914,0,0,2.7125663387538452,4.540170675279203,-1.8276043365253578,0,492.00026525959703,456.90144372477795,474.4508544921875,0.07397778126542932,0.21540176954116422,13.259558644294012,0.028548222637260645,22.229590506099008,21.768158594907714,14.080581407398132,0,20.299407657772193,25.240356939538657,6785285.142857143,6546080.6,1.0365416433853782,0,862246691.0,477.193223424683,39613846.08339084,0.4174576469120895,0.2879600772944016,0.270666682264234,1.06389184987787,0.24993298655554805,0.9246414082804361,1.1906045791657163,0.9246414082804361,1.2460470192440876,0.029858650849971698,4.502733609540211e-08,1.0,1.0,1.0,1.0,0.0,2463.0634765625,0.0005680860221879414,0.003417626566660781,0.2514288248820798,0.1161,0.1342218148143182
2023-10-06,468.8542015297921,470.2854527203944,463.2773102098249,466.4852600097656,3134022.0,0,1,0.0043565865964969586,-0.015314182306215507,-0.004947923413652577,-0.024561405523932822,0.050222215137891935,0.004347124145813352,0.2222222222222222,0.5222222222222223,474.275651550293,-0.016425872833788643,461.6888488769531,0.010388839029748447,439.0798501586914,0.062415548882895515,432.03949935913084,0.07972826721105401,471.0084172880522,468.92320739119936,1,1,1,48.65758774023252,0,0,2.0852098968528594,4.0491785195939345,-1.963968622741075,0,492.0807076658996,456.4705954346864,474.275651550293,0.07508315494335897,0.28123091862375854,12.813028920456546,0.027467167816167034,22.17351144474666,20.917716447460705,13.530478841891682,0,27.121350911555762,22.657247760719326,6424880.0,6540407.866666666,0.9823362901791711,0,865380713.0,477.3352438521742,39627499.721629165,0.41558272808984903,0.28437418679320686,0.26559911329316604,1.0706895187534646,0.2504321333077368,0.9286696886463167,1.1957915511170376,0.9286696886463167,1.2514755309867314,0.015023288217987365,0.009456987880024501,1.0,1.0,1.0,0.0,0.0,2474.797607421875,0.004764039161406997,-0.0020940059117692256,0.24701178461068296,0.0892,0.10369107597841128
2023-10-09,466.3372337450759,467.3736363065908,458.5887946793335,463.7214965820313,2681298.0,0,1,-0.005924653284171244,-0.007604529461983867,0.00631888661925073,-0.03034054099620276,0.0526551836244622,-0.0059422736733748096,0.37777777777777777,0.5222222222222223,473.5328872680664,-0.02071955496615992,461.8902282714844,0.003964726245454517,439.71892120361326,0.05458617817199541,431.96995895385743,0.07350404112607642,469.887352564049,468.53789547940914,1,1,1,47.03089694063716,0,0,1.3494570846398801,3.5092342326031236,-2.1597771479632435,0,491.8154737314068,455.250300804726,473.5328872680664,0.07721781086343284,0.23167388799969407,12.525301256656602,0.027010396000567777,21.46617939945781,19.869787126358638,15.52637289044039,0,17.80356723170675,21.741441933678257,5969382.571428572,6487784.566666666,0.9200956829082193,0,862699415.0,477.06226381159837,39611613.96062762,0.4020872808783277,0.28375331971403117,0.2659814168138644,1.0668163329342804,0.2509897173023158,0.9231676427255681,1.1887069007765279,0.9231676427255681,1.2411221982756102,0.018944219088414208,-0.000317322490932829,1.0,1.0,1.0,0.0,0.0,2439.344970703125,-0.014325469126213908,-0.013190666297683173,0.24904448473165286,0.0909,0.10448566924784318
2023-10-10,466.8801070912084,478.5274211809678,460.9577378680641,474.4311218261719,7863825.0,0,1,0.02309495100632253,0.02146426252033251,-0.0243580399926272,0.00491326845570339,0.05394151179333306,0.02283229889529374,0.08888888888888889,0.5222222222222223,473.67601165771487,0.0015941490594264293,462.27638061523436,0.026293234352057993,440.43959167480466,0.0771763728644645,431.9890251159668,0.09824809021204083,470.586393988991,468.97443076435457,1,1,1,53.515988705418806,0,0,1.6119632246364404,3.1297800310097874,-1.517816806373347,0,491.93865941486155,455.4133639005682,473.67601165771487,0.07711029187749341,0.5206736224259024,12.885614260674252,0.027160136989064238,21.825430916503976,24.117451030744977,14.01420231254678,0,53.91012046117688,32.945012868146485,5434985.428571428,6547831.8,0.830043531138266,0,870563240.0,476.8110729962576,39793228.61372492,0.24214345391262523,0.2845186267486629,0.2693330464357748,1.0563821651811645,0.25573221328865237,0.9444881542049373,1.2161600284108391,0.9444881542049373,1.2697858546376446,0.03703315930302965,0.006811438616623078,0.0,1.0,0.0,0.0,0.0,2494.970703125,0.022803553039831614,0.034964196440850914,0.25479352374408415,0.1134,0.12783923462160401
2023-10-11,479.3663956540163,479.6625321678937,473.8882165586279,477.6390380859375,7006735.0,0,1,0.00676160587319341,0.023910247616266256,-0.0177611335857073,0.009070969622025693,0.05944167846285309,0.0067388487417754704,0.15555555555555556,0.6222222222222222,473.71055755615237,0.008292997627183898,462.91497802734375,0.03180726646897137,441.2256838989258,0.08252773017482164,432.11435134887694,0.10535333204035432,471.671416157752,469.6162535289163,1,1,1,55.28206194114151,0,0,2.055162628835717,2.9148565505749735,-0.8596939217392565,0,492.00185808285335,455.4192570294514,473.71055755615237,0.07722564015066427,0.6073865831478324,12.37766435700222,0.025914264475960215,22.25069409095996,23.968849978609963,13.547218138295795,0,64.72532608681549,45.479671259899725,4778146.857142857,6597701.033333333,0.7242139092090402,0,877569975.0,476.9016299775503,39840605.39425283,0.2495243782575846,0.28488376051983105,0.2680835875800073,1.062667666795566,0.2541271887391462,0.9508744108555711,1.2243832232016851,0.9508744108555711,1.2783716461300605,0.012089287409181285,0.01040250860619692,0.0,1.0,0.0,0.0,0.0,2485.28369140625,-0.003882615417734936,0.030945828494946204,0.2549098080335117,0.1112,0.12547692576799663
2023-10-12,476.8494309376627,487.60839558493046,476.306529022788,478.1325988769531,6895255.0,0,1,0.0010333342789430322,0.03107706328290205,0.009271737935193647,0.011590243763857533,0.053386904571408156,0.001032800756583343,0.4444444444444444,0.5,473.071435546875,0.010698518130200252,463.586982421875,0.031376240072766466,442.0426989746094,0.0816434701581096,432.2215515136719,0.10622109703344809,472.66544426839835,470.24709392506713,1,1,1,55.561807889479645,0,0,2.4183503433312126,2.8155553091262213,-0.39720496579500875,0,489.64412190750227,456.4987491862478,473.071435546875,0.07006420221279716,0.6526959244851885,12.300821657369378,0.02572679981716741,23.245612163439592,27.009840782688684,12.658143663946538,0,66.38932259150505,61.67492304649915,5097811.571428572,6517737.333333333,0.7821443716912452,0,884465230.0,475.24543549810227,39847730.49760638,0.18728332091336164,0.28452176534223356,0.26798095471429667,1.0617238290145343,0.25549153223308185,0.951856981979278,1.2256484203567823,0.951856981979278,1.2796926313732357,0.023637515176100674,-0.0016531461738115505,0.0,0.0,0.0,0.0,0.0,2503.01025390625,0.007132611283490853,0.049890196202923676,0.22996849019757723,0.1465,0.18301382977743672
2023-10-13,472.8024704379222,481.1924933997642,471.3218781505383,474.38177490234375,4652247.0,0,1,-0.007844735923506096,-0.00010401283043615095,0.01520918954334416,0.023969362092097324,0.015530927306683706,-0.007875667738504679,0.5555555555555556,0.16666666666666666,472.2842544555664,0.004441224595122949,464.1114013671875,0.022129112762370395,442.7310046386719,0.07148984356653121,432.32495269775393,0.09728058013341759,472.9294951351592,470.5533665900506,1,1,1,52.85570313212963,0,0,2.3761285451085996,2.727669956322697,-0.35154141121409754,0,486.8161974818644,457.7523114292684,472.2842544555664,0.061538968912058845,0.5721693046477525,12.127235485359131,0.025564294681969274,23.460787800760162,25.439563306067488,14.858158791641513,0,53.74375167690167,61.61946678507408,5290667.0,6301093.5,0.8396426747198721,0,879812983.0,473.9456863393809,39811234.84844046,0.16998078656997018,0.2739290518307497,0.2661792889995252,1.029114822796143,0.25078384324434394,0.944389915318705,1.216033532164021,0.944389915318705,1.269653780616856,0.020807323913862176,-0.01114780387605959,1.0,0.0,0.0,0.0,0.0,2451.279296875,-0.02066749704701276,-0.004218990814223611,0.23581571315449812,0.1298,0.15225280144657025
2023-10-16,473.5427697644408,480.2054351024501,469.1503338999215,477.1455383300781,5043158.0,0,1,0.005826032056782449,-0.0010332064938347596,0.02730848168045652,0.025238668844560275,-0.006678241259875484,0.005809126362317288,0.7666666666666667,0.08888888888888889,472.22996673583987,0.010409275015340088,464.53713256835937,0.027141868491779516,443.3846759033203,0.0761435030608034,432.4024560546875,0.1034755507256689,473.57811716514675,471.04167560783037,1,1,1,54.60993854037265,0,0,2.5364415573163797,2.689424276521434,-0.15298271920505435,0,486.6762255643964,457.7837079072833,472.22996673583987,0.06118315162594341,0.6701330307235474,12.050654465156951,0.025255720733200256,23.362524180188085,23.77257057900457,15.171692301909603,0,63.061535356750866,61.064869875052544,5325220.0,6123877.0,0.86958310887041,0,884856141.0,473.6389513390166,39840616.44861588,0.1605962246656684,0.2619383531180759,0.2660664116231149,0.9844848566947773,0.2462901214301948,0.9498919612394537,1.2231181825045307,0.9498919612394537,1.2770508242437448,0.023169243583874673,-0.0017686285230407311,0.0,0.0,0.0,0.0,0.0,2426.11279296875,-0.010266681539852884,-0.015001920959551995,0.23636230872549832,0.0944,0.10562797236144178
2023-10-17,480.2054281908826,482.1302101988063,474.4804834393421,478.083251953125,4495043.0,0,1,0.001965257028974321,-0.00010320761216453533,0.0248625046440194,0.019791563461516448,-0.003600078715547461,0.0019633284377509443,0.7333333333333333,0.08888888888888889,472.2225646972656,0.012410858129188655,465.1797113037109,0.027738829394022082,444.1144088745117,0.07648669441889576,432.4513055419922,0.10551927078574122,474.2712148248357,471.56327385563,1,1,1,55.2187861628585,0,0,2.7079409692057084,2.6931276150582892,0.014813354147419133,1,486.65602225130874,457.7891071432225,472.2225646972656,0.06112989354202578,0.703024370076097,11.7363024861789,0.024548658498770456,23.44148945816003,23.83722856981475,14.465341212903319,0,66.22295380722983,61.009413613627466,5519651.571428572,6108993.966666667,0.9035287318249446,0,889351184.0,473.4227227284438,39849450.36346717,0.16092219140716418,0.261998709217295,0.25553461729928983,1.0252963453105621,0.2443525353960566,0.9517587430930458,1.225521924109964,0.9517587430930458,1.2795605573524471,0.01600082564744237,0.006412906786289057,0.0,0.0,0.0,0.0,0.0,2425.163818359375,-0.0003911502433544545,-0.02005569623699699,0.23447664711472394,0.0968,0.10914898337037511
2023-10-18,481.48858905478943,488.39801957493535,477.293577667558,478.774169921875,7437952.0,0,1,0.001445183377429382,0.009259198501956556,0.03246058992475653,0.038984591331335805,0.014430630434667302,0.0014441401049579137,0.8111111111111111,0.15555555555555556,472.5556976318359,0.013159236723210207,465.5585809326172,0.028386522191866922,444.9216586303711,0.0760864539517229,432.4379054260254,0.10715125550846531,474.96397714745706,472.09741430498144,1,1,1,55.69040008581077,0,0,2.8665628424756164,2.727814660541755,0.1387481819338614,0,487.2829295344282,457.82846572924365,472.5556976318359,0.062330142145767285,0.7111215580486819,11.691169587693075,0.024418964769132818,24.03741353382309,26.04940989063751,13.48395619672736,0,67.71519659848559,65.66656192082212,6199173.571428572,6185650.833333333,1.002186146366744,0,896789136.0,473.92232193909354,39860199.56805969,0.14831168641850315,0.2573769243889598,0.25548294697604285,1.0074133222406212,0.24457407593301694,0.9531342090078868,1.227293028023363,0.9531342090078868,1.281409757000347,0.023193485791410468,0.007122895620694771,0.0,0.0,0.0,0.0,0.0,2403.143310546875,-0.009080008387803207,-0.014840730028362947,0.2356288221607336,0.1013,0.11168248846358553
2023-10-19,472.2596115296533,476.0104333775757,464.9059909193119,473.7402038574219,6035837.0,0,1,-0.010514280804402087,-0.0071368884315136105,-0.001456308275246676,-0.025778875452663774,0.010208405865949732,-0.01056994638767815,0.3,0.12222222222222222,472.57544097900393,0.0024647130963999786,465.8367712402344,0.01696609865328053,445.67415588378907,0.06297436726609544,432.42532302856443,0.09554223267846951,474.77570433360546,472.21910241997705,1,1,1,51.43972532172546,0,0,2.5566019136284126,2.693572111159087,-0.1369701975306743,0,487.308187794697,457.84269416331085,472.57544097900393,0.06235087792616645,0.5395297256169929,11.846670260183794,0.025006681222582493,22.98179475124188,23.871233773030895,19.82546538711146,0,50.82792065594389,61.58869035388645,5938032.428571428,6251658.366666666,0.9498331611069046,0,890753299.0,473.7709803894264,39796737.08295209,0.1044206816485124,0.2586261272393376,0.25651299927497667,1.008237898158509,0.24704690569946428,0.9431126882900962,1.2143889244974404,0.9431126882900962,1.2679366549897446,0.023439941064418986,-0.013606745730006158,0.0,0.0,0.0,0.0,1.0,2398.99853515625,-0.0017247308441550313,-0.03846625046480223,0.2348667860350628,0.1082,0.1202790424523923
2023-10-20,468.8542206829417,473.6414750660392,463.9189130968055,465.6462707519531,2777724.0,0,1,-0.01708517250502284,-0.02601425829154813,-0.02510843205371882,-0.04242361142359241,-0.009240737866876736,-0.017232808067058198,0.08888888888888889,0.044444444444444446,472.22503356933595,-0.01393141479107307,466.0795886230469,-0.000929707890392586,446.20449920654295,0.04357143771517822,432.3582966613769,0.07699163945186727,473.37117609027433,471.73222600012343,1,1,0,45.43489087228084,0,0,1.6389500901508995,2.4826477069574495,-0.84369761680655,0,487.2797208404959,457.170346298176,472.22503356933595,0.06376064884730209,0.28150450092757245,11.702000295928977,0.02513066469324858,21.888762153144143,22.440182171529774,19.23946131361424,0,23.675476626233635,47.40619796022106,5333888.0,6156316.166666667,0.8664090432652405,0,887975575.0,473.7078854514952,39749279.189240746,0.13267263778337873,0.26349688148614453,0.2592566503153088,1.0163553419581668,0.24631003709861768,0.926999445318984,1.1936408802342124,0.926999445318984,1.2462737385138032,0.020879716170674235,-0.010313634212794616,0.0,0.0,0.0,1.0,1.0,2390.56005859375,-0.0035174996728167818,-0.03811381096654698,0.2344083139851779,0.1098,0.12456293633601656
2023-10-23,464.7085591870333,467.81782712419954,449.1129989643936,450.791015625,2994345.0,0,1,-0.031902446255961614,-0.05844750208943228,-0.05718410189176293,-0.0484425599633691,-0.058059161316372565,-0.03242241812219148,0.011111111111111112,0.011111111111111112,471.60071868896483,-0.044125681406540586,466.19606201171877,-0.03304413666697067,446.5965863037109,0.009391986974205463,432.24371688842774,0.042909354171965335,469.8973052494629,470.18102523159575,1,1,0,36.916969481866346,0,0,-0.2837199821328795,1.9293741691393838,-2.213094151272263,0,489.0611532803334,454.1402840975963,471.60071868896483,0.07404753173365808,-0.0959102264914982,12.202202286205901,0.0270684238666295,21.232780564089797,19.983133016747846,25.79987305145351,0,4.271390556827394,26.25826261300166,4776615.142857143,6057438.4,0.7885536471748755,0,884981230.0,473.64527994119555,39653752.25880644,0.21162199515086255,0.27332227311684726,0.2633672487353712,1.037799021819447,0.2530490387865373,0.897425895335389,1.1555608162036217,0.897425895335389,1.2065145575506504,0.04149334727506175,-0.002013785192364047,0.0,0.0,1.0,1.0,1.0,2305.5732421875,-0.03555100659392918,-0.07887982536652649,0.22315231891893778,0.1432,0.17660919724226684
2023-10-24,464.7085591870333,467.81782712419954,449.1129989643936,450.791015625,2994345.0,0,1,0.0,-0.0484425599633691,-0.049729480611265364,-0.035276636164429886,-0.04406064548970867,0.0,0.05555555555555555,0.022222222222222223,470.870295715332,-0.04264291095242732,466.31253540039063,-0.03328565843091343,447.02937103271483,0.008414759378327018,432.10535614013673,0.04324329522729473,466.95787607646855,468.7447282236998,1,1,0,36.916969481866346,0,0,-1.7868521472312295,1.1861289058652613,-2.9729810530964906,0,490.5093285551203,451.23126287554373,470.870295715332,0.08341589188569755,-0.01120847584845936,12.666675562891617,0.028098775538660376,20.623654802825047,17.87534651305981,23.078546812512794,0,4.271390556827394,10.739419246629494,4539772.0,5930007.566666666,0.7655592255090266,0,884981230.0,473.5484868732132,39653752.25880644,0.21765028606123935,0.27066978424772326,0.26327529967047814,1.0280865109127224,0.25682590898753704,0.897425895335389,1.1555608162036217,0.897425895335389,1.2065145575506504,0.04149334727506175,0.03087360457425554,0.0,1.0,1.0,1.0,1.0,2305.5732421875,0.0,-0.05944082131858763,0.20900213189996472,0.102,0.13303875967330692
2023-10-25,459.9706713642032,466.8801020499316,453.4560592645424,455.2327880859375,7854105.0,0,1,0.009853285240787768,-0.022363504918012755,-0.0459246675989704,-0.01987031886232149,-0.045529757043416996,0.009805058163768005,0.06666666666666667,0.022222222222222223,470.19169158935546,-0.0318144785860708,466.6283953857422,-0.024421161276275114,447.43743713378905,0.017422214381711543,431.9154096984863,0.053985983977114176,465.1540163856176,467.7438437690507,1,1,0,40.76774302024797,0,0,-2.5898273834331462,0.43093764800557977,-3.020765031438726,0,491.03239439834465,449.35098878036627,470.19169158935546,0.08864768638740872,0.14111326665610927,12.911133481608761,0.028361607115108402,20.05803802450778,16.2842612723704,21.024324524675134,0,15.577920098893097,8.040233737515981,4941335.857142857,6053073.066666666,0.8163350752122962,0,892835335.0,472.8759260607342,39731140.99568254,0.22878435012435278,0.27007158139122844,0.26044792117358334,1.036950420545807,0.2587603840870689,0.9062684886645979,1.1669468865387533,0.9062684886645979,1.2184026896333595,0.029488303867196614,0.020363439866866163,0.0,1.0,1.0,1.0,1.0,2253.9921875,-0.022372334022475293,-0.07094501375516515,0.2162094953642288,0.0734,0.09237899080720102
2023-10-26,450.7910093333505,452.5183669975665,442.94385818110686,450.74163818359375,6625855.0,0,1,-0.009865611660414775,-0.00010953510539202238,-0.05719006816873817,-0.03374945186015588,-0.08183371394697003,-0.009914599268567678,0.011111111111111112,0.011111111111111112,469.6882888793945,-0.04033877604443709,466.80705322265624,-0.03441553620099149,447.8432501220703,0.006471880642911193,431.7228659057617,0.044053196575377956,462.9367274314601,466.48442113309096,1,1,0,38.22683085762212,0,0,-3.5476937016308625,-0.36478862192170874,-3.182905079709154,0,491.9229471127277,447.45363064606136,469.6882888793945,0.09467835907248916,0.07393879193076974,12.866690368981752,0.028545599693944757,20.429101603335997,15.173329869603588,25.425798603570307,0,17.155260956031253,12.334857203917267,5245737.571428572,5736975.966666667,0.9143732868862762,0,886209480.0,471.9226027792725,39665772.88333432,0.22082003577423678,0.25509051821759654,0.26123025021823726,0.9764968567173539,0.24883684308209475,0.8973275956953619,1.155434241727832,0.8973275956953619,1.206382401851432,0.021241678170765728,-0.00975715912569224,1.0,1.0,1.0,1.0,1.0,2200.263671875,-0.023837046074499768,-0.09273606375857946,0.2236408211940179,0.0781,0.08972780470843861
2023-10-27,452.0741777531368,458.3913654788536,448.5701213938792,450.24810791015625,6193726.0,0,1,-0.001094929404406364,-0.001204344576590577,-0.059581455733866195,-0.029054915010806814,-0.08136140074465015,-0.001095529277525803,0.011111111111111112,0.022222222222222223,467.88690185546875,-0.03769884105616866,467.13574462890625,-0.036151454717226965,448.2755093383789,0.004400415661093628,431.57173873901365,0.043275236756030594,460.9846321204903,465.2817312647254,1,1,0,37.946938745261846,0,0,-4.297099144235119,-1.151250726384391,-3.145848417850728,0,490.3001438461025,445.473659864835,467.88690185546875,0.09580623822445562,0.10650953680231649,12.649158491552651,0.028093751576801072,20.06151353377317,17.648248159849597,24.015693652953427,0,16.06948518038465,16.26755541176969,5067991.0,5659588.066666666,0.8954699423883866,0,880015754.0,469.86778548934274,39658991.19061408,0.2165429580338747,0.25511652628925546,0.2607225907687836,0.9784979718750195,0.24756614409154148,0.8963450853254498,1.1541691228017064,0.8963450853254498,1.2050614982866865,0.02181296025997762,0.002956326766066966,1.0,1.0,1.0,1.0,1.0,2258.685791015625,0.02655232638133742,-0.06011190381250142,0.23851038576665914,0.0784,0.08440013600611011
2023-10-30,452.8144734051984,455.77565797242585,448.1259311737549,450.74163818359375,7523779.0,0,1,0.001096129588924244,-0.009865611660414775,-0.048546788907850136,-0.04993239809267358,-0.05748192341074099,0.0010955292775257299,0.08888888888888889,0.044444444444444446,466.11019134521484,-0.03297193120207641,467.27886840820315,-0.03539049450479941,448.69554229736326,0.004560098537539033,431.40224029541014,0.04482915497828807,459.4087868994293,464.2046873327898,1,1,0,38.43240521114261,0,0,-4.795900433360487,-1.8801806677796102,-2.915719765580876,0,488.0135745760887,444.206808114341,466.11019134521484,0.09398371302571044,0.14917398833714396,12.292056227775387,0.02727073601921962,19.759161611203275,16.863744537601164,23.206259897339976,0,17.155260956031253,16.7933356974824,5280554.142857143,5702427.366666666,0.926018658952928,0,887539533.0,467.3445617994482,39667238.22739651,0.22367771086358262,0.24682237050173184,0.258331049389804,0.9554498814011848,0.24629807458285966,0.8973275956953619,1.155434241727832,0.8973275956953619,1.206382401851432,0.016971422541520544,0.005699891792891741,1.0,1.0,1.0,1.0,1.0,2296.036376953125,0.016536424006415418,-0.04291880828364858,0.24314296268626656,0.0524,0.05360630944434503
2023-10-31,458.9835866569046,458.9835866569046,447.3856143058968,453.55474853515625,5236060.0,0,1,0.006241070523013592,0.006241070523013592,-0.02596718362475181,-0.05042362041280213,-0.05159960162553223,0.006221675696865345,0.14444444444444443,0.05555555555555555,465.1009185791016,-0.024825085444292926,467.4595001220703,-0.029745361006211335,449.09859588623044,0.009922437277124508,431.29363403320315,0.05161475325703354,458.50816561261803,463.4158029774095,1,1,0,41.25361155465579,0,0,-4.907637364791469,-2.4856720071819822,-2.421965357609487,0,487.38095854148105,442.8208786167221,465.1009185791016,0.09580733588076207,0.24088533809990056,12.242478808006274,0.026992284498278882,19.0836813747671,17.59426667829026,21.635933886917297,0,23.344156021521226,18.856300719312397,5631745.0,5669009.366666666,0.9934266528318373,0,892775593.0,466.34786474693874,39699916.84711924,0.22336200826636085,0.24791090003946925,0.2546133393056802,0.9736760089456106,0.24729131981777852,0.9029278805023429,1.1626453883151602,0.9029278805023429,1.2139115194991095,0.025571273122959724,0.018285305317086744,1.0,1.0,1.0,1.0,1.0,2291.592041015625,-0.001935655716133633,-0.041399511056979255,0.2430203436270386,0.0524,0.053900527674744646
2023-11-01,452.5677084590609,459.9706698842364,450.10005465066905,456.71337890625,4931538.0,0,1,0.006964165585952253,0.014359351838484136,0.013137713654383543,-0.04479765659361645,-0.032615456217296,0.006940027786422897,0.5333333333333333,0.08888888888888889,464.5728424072266,-0.016917612876921617,467.488125,-0.023048170675458387,449.49744201660155,0.016053343612535922,431.17900115966796,0.059219900964348024,458.23204458086906,462.9193271202866,1,1,0,44.337792242538164,0,0,-4.687282539417538,-2.9259941136290935,-1.7612884257884445,0,487.1347954112201,442.010889403233,464.5728424072266,0.09712988338744354,0.32582484105907367,12.073059981260636,0.026434653633693714,18.33382860045986,17.150788660281872,20.372436131536176,0,30.293201552746474,23.59753951009967,5908486.857142857,5637997.133333334,1.0479762081130402,0,897707131.0,465.81337026967543,39734260.89434466,0.10437313986790647,0.24684293565908547,0.24706354275833878,0.9991070835591915,0.24687925006030567,0.9092160197743341,1.1707422433171306,0.9092160197743341,1.222365400327596,0.021612275202460122,-0.0021762313795262718,1.0,1.0,1.0,1.0,1.0,2214.34521484375,-0.03370880365671003,-0.03956847940219588,0.2576187378907688,0.0002,0.00017800896711084487
2023-11-02,457.2562397247729,469.6438494966125,457.2562397247729,468.0645751953125,3933951.0,0,1,0.024854091895110786,0.038432076258867465,0.038318331491952184,-0.01331669984229833,-0.011156255923376213,0.024550253087114626,0.8333333333333334,0.1,464.7529815673828,0.00712549194791895,467.83754455566407,0.00048527665701575705,450.0294131469727,0.0400755184471683,431.1211242675781,0.08569158143316861,459.74474159847574,463.30045660732554,1,1,1,53.7375161493666,0,0,-3.555715008849802,-3.0519382926732352,-0.5037767161765667,0,487.3686680157042,442.1372951190614,464.7529815673828,0.09732347008103034,0.5732145282323612,12.134303596196485,0.02592442205465586,17.505226718029647,21.539469459506847,18.82178391790229,0,55.26604439261834,36.30113398896203,6042716.285714285,5597580.266666667,1.0795229363120318,0,901641082.0,465.70048301234067,39832035.674009524,0.16954728841318328,0.2576657762453462,0.252181627008139,1.0217468231221705,0.24858350747070349,0.9318137582823123,1.1998399786180227,0.9318137582823123,1.252746182316742,0.026465599894353348,0.001188624734013637,1.0,1.0,1.0,1.0,1.0,2212.347900390625,-0.0009019887412929917,-0.04043477782055793,0.2568692505907393,0.0059,0.00598971208097465
2023-11-03,472.7531163584525,475.2207701026291,468.1139152703098,469.0516357421875,3274345.0,0,1,0.0021088127561526004,0.03416762200612267,0.030355563170993083,-0.01696317357638466,-0.007622446884479106,0.0021065923316240945,0.8,0.12222222222222222,464.8813003540039,0.008970753147110747,468.33502380371095,0.001530126729913101,450.53300872802737,0.041103818489222496,431.11770599365235,0.08798972814420589,461.17657146673906,463.7264698765746,1,1,1,54.45772137549049,0,0,-2.549898409835521,-2.9515303161056923,0.4016319062701714,1,487.5673840741795,442.1952166338283,464.8813003540039,0.0975994676615312,0.5919139557012827,11.778724404133635,0.02511178622263193,17.27235194569531,23.98668703286316,18.004982190127546,0,57.437595943911546,47.66561396309214,5388464.857142857,5583901.1,0.9650000529455756,0,904915427.0,465.82828287603354,39838940.65451357,0.1673708320970302,0.2577424535603384,0.2504728106689463,1.029023680741941,0.24711695136288725,0.9337787790221365,1.2023702164702743,0.9337787790221365,1.255387989446233,0.015151540450496492,0.010016868209228511,1.0,1.0,1.0,1.0,1.0,2226.87841796875,0.006567917087343833,-0.012029220722953315,0.2584537312907342,0.0085,0.00850306046517775
2023-11-06,473.789542884114,478.527426263864,472.0621851756823,475.7143249511719,4294682.0,0,1,0.014204596469303166,0.04160365542701183,0.05540354973242212,-0.0049550512223034415,0.02684571716230466,0.014104656481806028,0.9444444444444444,0.25555555555555554,465.48094177246094,0.02198453741144418,469.0387994384766,0.014232352463563967,451.111076965332,0.054539223801260424,431.18020782470705,0.10328423317744172,463.4131489258826,464.6144591413596,1,1,1,59.087629864475986,0,0,-1.2013102154770081,-2.601486295979955,1.400176080502947,0,488.6664420266383,442.29544151828355,465.48094177246094,0.0996195468965561,0.7206849769581134,11.61422912681527,0.024414293448084358,17.35570777922251,24.622439174004263,16.955706231687344,0,72.09563605437984,61.59975879696992,5055440.142857143,5534788.2,0.9133936042678458,0,909210109.0,466.2745762228622,39899944.87928755,0.1419829797190445,0.2539375102911111,0.24860911199401078,1.0214328358858733,0.24458313460902562,0.9470427297697446,1.2194494002019434,0.9470427297697446,1.2732202692487267,0.013590595761112097,0.010101035325097252,1.0,1.0,1.0,1.0,1.0,2243.0068359375,0.007242612725782083,0.019426382668980446,0.258545448472516,0.0546,0.0540231207825296
2023-11-07,475.76364486267374,485.1407291493862,474.0856282570135,478.2806396484375,5425669.0,0,1,0.005394655074826726,0.021826185946377308,0.062260187762687824,-0.0010308205923432734,0.027677651652010082,0.005380156044608439,0.9555555555555556,0.26666666666666666,465.67341766357424,0.027073097812019293,469.6014245605469,0.018482088498800068,451.68734954833985,0.058875437017860556,431.27490951538084,0.10899249897443955,465.70045519089103,465.62676880855054,1,1,1,60.74309027617967,0,0,0.0736863823404974,-2.0664517603158647,2.140138142656362,0,489.23266373328414,442.11417159386434,465.67341766357424,0.10118355558242441,0.7675642070115383,11.574291395783655,0.02419979074271414,17.98834087291579,27.02386196008047,15.798911914974234,0,83.7426582978022,71.0919634320312,4945717.714285715,5560083.066666666,0.8895042852751351,0,914635778.0,466.5623750529911,39929214.49209273,0.12993310043257733,0.25405051748581226,0.24875064492578705,1.0213059651025482,0.2460321006388285,0.9521516986379747,1.2260279090972372,0.9521516986379747,1.2800888534356016,0.023114255472474813,0.00010367548109241948,0.0,1.0,1.0,1.0,1.0,2230.373779296875,-0.005632197119606608,-0.012534727863152462,0.2579178408570615,0.0563,0.055925482039856256
2023-11-08,485.0913847504863,485.0913847504863,471.9634487667303,481.7353515625,8220612.0,0,1,0.007223189959355114,0.027041193023968235,0.06876159367882062,0.016876650197677368,0.02758179739116473,0.0071972276681693936,0.9777777777777777,0.26666666666666666,465.8782333374023,0.03403704464040393,470.21932495117187,0.024490755696873936,452.37662231445313,0.06489886479509371,431.389581451416,0.1167060408406132,468.16736232498477,466.819997160695,1,1,1,62.91834385647056,0,0,1.3473651642897835,-1.3836883753947353,2.7310535396845186,0,489.9413149849951,441.81515168980957,465.8782333374023,0.10330202153988843,0.82949059595374,11.685266009210252,0.02425660888558272,18.288330298198638,24.855273087036846,15.828319184850592,0,91.92978647766063,82.58936027661423,5045265.285714285,5645541.533333333,0.8936725123577963,0,922856390.0,466.8766146220685,39988593.53415088,0.11984153015425722,0.2540303037573237,0.24738765380675243,1.0268511780937952,0.24815249921423568,0.9590292712273594,1.2348837415801175,0.9590292712273594,1.2893351783888198,0.027251344418000003,0.014240060202008381,0.0,1.0,1.0,1.0,1.0,2256.938232421875,0.011910314482523443,-0.017028538800040183,0.25867776316590285,0.0573,0.05671803640118081
2023-11-09,482.4756391384967,482.4756391384967,476.89874780377454,478.1819458007813,3271496.0,0,1,-0.007376261157071573,0.0051871905473157565,0.05429817975704898,0.02692102532805607,0.03769940976748587,-0.007403600294778885,0.9,0.34444444444444444,465.8807006835938,0.026404281394652604,470.70495849609375,0.01588465804264436,453.03918701171875,0.05549797790099819,431.4984994506836,0.10818912791012662,469.7080674751073,467.6616229858866,1,1,1,59.279874620943474,0,0,2.0464444892207325,-0.6976618024716419,2.7441062916923746,0,489.94908248102354,441.812318886164,465.8807006835938,0.10332422769225626,0.7555478224651806,11.248953532461105,0.023524421261081258,18.56689190738985,23.975094977889384,15.267804721689442,0,83.5087692785657,86.39373801800951,4764613.285714285,5558932.066666666,0.8571094642952378,0,919584894.0,466.34446245869304,39964462.12528057,0.15747234705437355,0.24950805876578425,0.24792516068663611,1.006384580228825,0.24262662660670678,0.9519552208655103,1.2257749166036007,0.9519552208655103,1.2798247053940244,0.011662697397290705,0.0015367100911228703,1.0,1.0,1.0,1.0,1.0,2211.69873046875,-0.02004463449785221,-0.034863670809166636,0.2633516880756842,0.0762,0.07282016097208535
2023-11-10,475.81298900383865,481.9327824169542,473.34533522802224,475.07269287109375,3498064.0,0,1,-0.006502238231685387,-0.00670724781940113,0.040198765380622614,0.05386459890383666,-0.023038683814343264,-0.006523469868178567,0.8222222222222222,0.1,465.9152465820313,0.019654746987229518,470.86387512207034,0.00893850212639966,453.78392486572267,0.046913887510824794,431.6200651550293,0.10067332643689107,470.53339445910524,468.2105911255316,1,1,1,56.21649296840267,0,0,2.3228033335736313,-0.09356877526258722,2.4163721088362187,0,490.0369286839251,441.79356448013743,465.9152465820313,0.10354536486561128,0.6898177384640913,11.058845936494736,0.02327821847570482,18.316649071223058,22.64529423250457,16.716094509174845,0,76.14032498793364,83.85962691472001,4559831.285714285,5288714.033333333,0.8621814787063363,0,916086830.0,466.27890090259615,39941716.87980288,0.178933047826886,0.194216855977983,0.24511656152236905,0.7923448940852533,0.23350286550894758,0.9457653812335461,1.2178046360774197,0.9457653812335461,1.271502980264756,0.01807606986845288,-0.004954090838740286,1.0,1.0,1.0,1.0,1.0,2202.161376953125,-0.004312229954395064,-0.005502230550571419,0.25558868715517113,0.3113,0.23584839307103136
2023-11-13,475.7636663661859,485.9797594174743,474.87531699710166,481.1925048828125,4918873.0,0,1,0.012881843354821676,-0.0011268566401174684,0.028047261816432023,0.06744031758410785,-0.010453621175519179,0.012799578142529822,0.7222222222222222,0.12222222222222222,466.11759490966796,0.03234143087017775,470.8806561279297,0.02189907064706705,454.52906005859376,0.05866169441571356,431.8325402832031,0.11430348571517626,472.17325760121406,469.17221436681166,1,1,1,60.538936505101546,0,0,3.0010432344024025,0.5253536266704109,2.475689607731992,0,490.6994458176534,441.53574400168253,466.11759490966796,0.10547488949757114,0.8066268286625937,11.062102828200302,0.022988934191513058,18.489205736225337,23.634736271913297,15.517517763134451,0,88.87613737105531,82.8417438791849,4700534.428571428,5065856.3,0.9278854650044907,0,921005703.0,466.51771224267384,40005081.031271145,0.1353246102158876,0.19816453068442066,0.24244313268433354,0.8173649980939464,0.22543035131236888,0.9579485827250098,1.2334922046361447,0.9579485827250098,1.2878822824817155,0.023076923076923217,0.0014544584554339185,1.0,1.0,1.0,1.0,1.0,2210.69970703125,0.00387724994520533,-0.000744997366410538,0.2562153260964104,0.3195,0.24636909048673095
2023-11-14,475.7636663661859,485.9797594174743,474.87531699710166,481.1925048828125,4918873.0,0,1,0.0,0.006295844308779941,0.025883864835934967,0.05702514730106478,0.015730775992221835,0.0,0.6555555555555556,0.23333333333333334,466.27305755615237,0.031997232275989725,470.9082940673828,0.021839094670857706,455.2442852783203,0.056998452135710725,432.13229400634765,0.1135305358033348,473.5608341060754,470.0626062568858,1,1,1,60.538936505101546,0,0,3.498227849189618,1.1199284711742523,2.378299378015366,0,491.2102954537826,441.33581965852215,466.27305755615237,0.10696409536648842,0.7991399325760519,11.065127084784043,0.0229952191118995,18.649436925156024,21.940542522221868,14.405185418801512,0,88.87613737105531,84.63086657668144,4935467.0,5074565.333333333,0.9725891137079984,0,921005703.0,466.6840025113814,40005081.031271145,0.13710940152915774,0.18249224828008473,0.2424536544564862,0.7526892044138568,0.22717487962268304,0.9579485827250098,1.2334922046361447,0.9579485827250098,1.2878822824817155,0.023076923076923217,-0.011282051282051331,1.0,1.0,1.0,1.0,1.0,2210.69970703125,0.0,-0.007265197240654664,0.25510917004716127,0.3068,0.21913547046793075
2023-11-15,490.569559880845,506.8560744442936,487.8057997615927,498.8608703613281,11674265.0,0,1,0.03671787340664934,0.050072710655017616,0.04865639774991437,0.10675568463487428,0.06759611496177031,0.03605983187222724,0.8666666666666667,0.7444444444444445,467.277392578125,0.06759042548355822,471.44624267578126,0.058150060821250835,456.11216796875,0.09372409989182094,432.48631164550784,0.15347204507648077,477.4531473761143,472.19581100536294,1,1,1,70.34244937396655,1,0,5.257336370751375,1.947410051089677,3.309926319661698,0,495.70783092801156,438.8469542282384,467.277392578125,0.12168548618638012,1.055451825865519,12.10787297597669,0.024271041677826687,20.41390886999503,30.934447718518165,12.224263971038042,0,86.55600769800769,88.1027608133728,5989693.142857143,5353632.2,1.1188092343843012,1,932679968.0,469.0632019766186,40433735.215656824,0.23543937748517943,0.20443376608922717,0.24848995103646235,0.8227043598202868,0.23497461537711065,0.9842258887954904,1.2787834152540636,0.9842258887954904,1.3351705810925458,0.03818755050662252,0.019487117739533717,0.0,0.0,1.0,1.0,1.0,2222.434326171875,0.005308101821021927,-0.009171844434895049,0.2340394010591641,0.4458,0.39061885626696335
2023-11-16,497.4790095578176,500.884383874715,490.7176320740042,497.7751159667969,4171759.0,0,1,-0.0021764673459853112,0.034461490808180395,0.04075949286320446,0.10555737430466738,0.07172457357949846,-0.002178839293308256,0.8111111111111111,0.7777777777777778,468.47913818359376,0.0625342206203475,472.0226861572266,0.05455761039627739,456.96919311523436,0.08929687923464119,432.7954290771484,0.15013949437544877,480.5796040823732,474.0905743358395,1,1,1,69.20464373987338,0,0,6.489029746533674,2.855733990178477,3.6332957563551975,0,499.9311434577847,437.02713290940284,468.47913818359376,0.13427281050822415,0.965725118761235,11.9692214634577,0.024045439555994363,22.052347104488394,29.057593029141852,11.4825934758353,0,84.73030399232837,86.72081635379713,5810563.142857143,5332647.933333334,1.0896206191555335,0,928508209.0,470.01098917891,40424655.51841801,0.2416237412630094,0.20338880016748315,0.24738380132861099,0.8221589250191556,0.2320348909314583,0.9820837532874537,1.2760001849081755,0.9820837532874537,1.3322646259214777,0.02042438738819754,-0.002770032459169658,1.0,0.0,1.0,1.0,1.0,2202.96044921875,-0.008762408285273637,-0.012290912999688763,0.2342628733094957,0.4581,0.3989742296801685
2023-11-17,496.5412586942794,499.8972917786986,490.4214956753615,491.3098449707031,3595049.0,0,1,-0.01298833707976077,0.021025556269532064,0.019875006841720166,0.09000323766535478,0.05321622586835395,-0.013073423083273382,0.5777777777777777,0.5,469.76231689453124,0.045869000771744814,472.4490966796875,0.039921228389611874,457.7542108154297,0.07330491639934544,433.12811767578125,0.13432913939444102,482.2304103728855,475.366075864348,1,1,1,62.700889580493936,0,0,6.8643345085375245,3.657454093850286,3.2068804146872383,0,502.7826331362073,436.74200065285515,469.76231689453124,0.1405830780977251,0.8262768278544832,11.791119652020518,0.023999355544612837,23.525908812961646,27.389607563785326,11.002855473317915,0,73.8589050136622,81.71507223466611,5149768.428571428,5348015.5,0.9629307223532595,0,924913160.0,470.8837126365938,40377961.81018775,0.2657769075195943,0.20808443558913586,0.2470469844992195,0.842286887293673,0.23295241669952038,0.9693281184591996,1.2428679084471461,0.9693281184591996,1.314960723880568,0.019286802819719957,-0.002478744382633564,1.0,1.0,1.0,1.0,1.0,2205.8564453125,0.0013145928674194174,-0.022633223353463294,0.23340349122249063,0.4327,0.386900808512673
2023-11-20,493.67882355419897,499.4037985638682,490.1253959831504,490.8656921386719,4305637.0,0,1,-0.0009040177732602128,-0.01602686981014423,0.026524937734003995,0.08226337332817835,0.05853555583839287,-0.0009044266437634387,0.6666666666666666,0.6111111111111112,471.7660507202148,0.04048540879382665,472.6948748779297,0.03844090178772231,458.4886959838867,0.0706167816968884,433.485308380127,0.13236984656519787,483.55891525992956,476.514195588372,1,1,1,62.2679534243282,0,0,7.044719671557573,4.334907209391744,2.7098124621658286,0,504.8027585091622,438.72934293126747,471.7660507202148,0.14005546918228787,0.7890669606135355,11.611639861213181,0.023655431714165995,24.843194319913,25.826325198957843,10.557003882868996,0,71.82610344459367,76.80510415019477,5297502.857142857,5402160.133333334,0.9806267726969621,0,920607523.0,472.2131876622422,40374069.43781454,0.25803347674226745,0.20698003056866496,0.24624206232183252,0.8405551375627571,0.23289810086928742,0.9684518286119916,1.237905580532454,0.9684518286119916,1.3137719760150408,0.018902120741607263,0.004821760865868886,1.0,1.0,1.0,1.0,1.0,2146.98486328125,-0.026688763974806018,-0.029259802113185907,0.24091367666071445,0.4184,0.3605233092722612
2023-11-21,496.2945274871129,504.33910309130135,495.406178130627,500.2921447753906,7154476.0,0,1,0.019203730852829226,0.005056558128071709,0.05308545888395222,0.09541819417137343,0.05450954155299703,0.019021666398949366,0.9,0.5333333333333333,474.24110717773436,0.054932052922803565,473.26934509277345,0.05709814075813422,459.3159747314453,0.08921128873844077,433.8548182678223,0.15313262342647538,486.1332582623082,478.2755251577808,1,1,1,67.41101297798926,0,0,7.8577331045273695,5.0394723884188695,2.8182607161085,0,508.0689441971868,440.41327015828193,474.24110717773436,0.14266092292490604,0.8850532563266729,11.744623510600059,0.02347553051402173,26.408165473259352,26.71160419984421,9.691934179065367,1,86.76622673034906,77.48374506286832,5819847.428571428,5378515.166666667,1.0820546653172824,0,927761999.0,474.44439437460375,40511462.06931157,0.2608642987367047,0.2039024083586046,0.2454081833646902,0.8308704524966647,0.22576473362627522,0.9870497168725865,1.2616779861222143,0.9870497168725865,1.3390012994444234,0.01785541718766115,0.011059716405902994,1.0,1.0,1.0,1.0,1.0,2193.72265625,0.021769037019348403,-0.0038320173950197045,0.23992512910967706,0.4049,0.3449668905735346
2023-11-22,498.3673569126384,500.2921389314807,492.4943589247253,493.7775268554688,4337970.0,0,1,-0.013021627438996819,0.005022659142750907,0.026153819614711526,0.05493462445737718,0.03378804386300538,-0.013107152087615686,0.6666666666666666,0.3333333333333333,476.16834411621096,0.036981002531659785,473.6059332275391,0.04259151377277719,460.12027557373045,0.07314881144885574,434.1959225463867,0.13722285543277243,487.3092995843329,479.4238215798318,1,1,1,61.2022650258638,0,0,7.885478004501124,5.60867351163532,2.2768044928658036,0,509.8279491503512,442.50873908207075,476.16834411621096,0.14137691196845056,0.7615773821676938,11.462706534890435,0.0232143139601524,27.339533267169287,25.413659870278494,11.035460638587478,1,66.242078738845,74.9448029712626,5736861.285714285,5289556.333333333,1.0845637940486916,0,923424029.0,476.45803299015125,40454974.64013002,0.2836159607878381,0.207775273750687,0.2472929333660361,0.8401989936491384,0.2264353488841086,0.9741967231957044,1.245248885438947,0.9741967231957044,1.3215653233827254,0.015792091747095297,-0.003847327772088789,1.0,1.0,1.0,1.0,1.0,2169.75439453125,-0.010925839531475634,-0.01852142666404266,0.24071918741070936,0.4124,0.35685738006511597
2023-11-23,492.5436923915749,496.49193842276986,485.2887842847088,495.4555358886719,6628259.0,0,1,0.0033983098499625886,0.009350508343743291,0.029641008247484946,0.05629209693449866,0.03623040355835849,0.003392548643597691,0.7333333333333333,0.35555555555555557,478.40403900146487,0.03564246013222894,473.6967431640625,0.04593401377275946,460.89330413818357,0.07498965908197697,434.54173950195315,0.14017939095225843,488.5625667080773,480.6113559730792,1,1,1,62.16879077357746,0,0,7.951210734998142,6.077180956307885,1.8740297786902573,0,510.8713977094381,445.93668029349163,478.40403900146487,0.13573195901832183,0.762594457414541,11.44416707797405,0.02309827269857277,27.03774703786523,23.63662766314679,14.761160835377293,1,67.32679661034359,73.44503402651257,5981059.285714285,5280656.466666667,1.1326355583758958,0,930052288.0,479.15026043588296,40477499.51797783,0.2824912374338355,0.20788042003335186,0.2470837624207319,0.841335820681632,0.22624088730195818,0.9775073455159415,1.2447093796604043,0.9775073455159415,1.3260564118385456,0.02261182553539655,-0.0024987659356458785,1.0,1.0,1.0,1.0,1.0,2172.351318359375,0.0011968745562493943,-0.017346719932112786,0.2388548001748626,0.418,0.36468145795310813
2023-11-24,498.318014470066,506.115794454671,496.0477549000948,501.2298278808594,5973059.0,0,1,0.011654510998308831,0.0018742710939219087,0.004748733886094092,0.05363618792077873,0.05659587783287545,0.011587120283496972,0.36666666666666664,0.5888888888888889,480.953125,0.04215941601556155,473.91883178710935,0.05762800349326166,461.7603598022461,0.08547608568114527,434.9419250488281,0.15240633062584052,490.5113761192746,482.1386501884703,1,1,1,65.36618724089251,0,0,8.372725930804279,6.536289951207164,1.8364359795971152,0,512.0909103242907,449.8153396757093,480.953125,0.1294836594493099,0.825596420388984,11.388173612832984,0.022720462708655707,27.549316237741557,28.09245968192621,13.774185872269827,1,83.87554259909989,72.4814726494295,5166601.285714285,5324683.533333333,0.9703114285329018,0,936025347.0,481.9180986690439,40547112.59978687,0.18924044994085945,0.2081609356311753,0.24143900340251637,0.8621678051086826,0.22606785620135844,0.9888997156251846,1.2544254973771884,0.9888997156251846,1.3415109508746959,0.02008667280864489,0.005777468156168296,1.0,1.0,1.0,1.0,1.0,2222.484130859375,0.02307767260125404,2.2409970415582237e-05,0.24680324561155093,0.423,0.3576280449019683
2023-11-27,498.318014470066,506.115794454671,496.0477549000948,501.2298278808594,5973059.0,0,1,0.0,0.015092426487793409,0.006940306582727818,0.047982682822559575,0.05047577230853273,0.0,0.3888888888888889,0.4777777777777778,483.47753448486327,0.03671792819683103,474.37880249023436,0.05660249836137603,462.57691162109376,0.08355997735448373,435.3188198852539,0.15140858833757526,492.16036869797995,483.55281149901765,1,1,1,65.36618724089253,0,0,8.607557198962297,6.950543400758191,1.6570137982041064,0,512.41076373283,454.5443052368965,483.47753448486327,0.11968799865249,0.8067803673736774,11.293878322957502,0.022532334858654936,28.024344780483858,26.303652461545084,12.897104854012102,1,83.87554259909989,78.35929393618115,5423929.857142857,5355680.233333333,1.0127434090229555,0,936025347.0,485.1644375403638,40547112.59978687,0.18830881200623004,0.20787791267261788,0.2349203860964213,0.8848866466075701,0.22513641465140125,0.9888997156251846,1.2544254973771884,0.9888997156251846,1.3415109508746959,0.02008667280864489,-0.005809337850271608,1.0,1.0,1.0,1.0,1.0,2222.484130859375,0.0,0.00886247487899694,0.24602080687480182,0.4289,0.36332081726181864
2023-11-28,505.1287313008799,511.5446311610767,503.2039492937301,508.9288940429688,7804926.0,0,1,0.015360351148015594,0.027193879527716902,0.035861380048910485,0.05644913206445623,0.06451939482052427,0.01524357524860891,0.7777777777777778,0.6777777777777778,486.2462417602539,0.04664848863530899,474.99275451660156,0.07144559407206943,463.50183532714846,0.09800836858338881,435.74769409179686,0.16794397524856486,494.7401418279782,485.4325213170881,1,1,1,69.36941448280555,0,0,9.307620510890104,7.421958822784574,1.8856616881055297,0,513.682136879513,458.81034664099474,486.2462417602539,0.1128477415884544,0.91337547370183,11.223944391333205,0.022054052192182212,28.870558678784672,28.031887973564913,12.05050217511154,1,93.15239442451484,86.96782654090491,6025340.857142857,5466009.666666667,1.1023289793809103,0,943830273.0,488.3423898214517,40666999.00383115,0.17572674485773035,0.21158682547678354,0.23676220941882065,0.8936680646635499,0.22523362327485558,0.9948865906144477,1.2736939135059262,0.9948865906144477,1.3621170301490395,0.01638869784163292,0.0077786739797681935,1.0,1.0,1.0,1.0,1.0,2420.270263671875,0.08899327111776567,0.09720207260767566,0.36246708260003113,0.4229,0.24747869769867098
2023-11-29,512.2849382176083,516.5786318096895,507.2509484720336,510.7550048828125,6275280.0,0,1,0.003588145340573945,0.01900361166099085,0.040518848765910054,0.06811854644048321,0.06679732736240984,0.0035817233046289455,0.8222222222222222,0.7111111111111111,488.94832305908204,0.04459915454315905,475.76562438964845,0.07354331355497011,464.4430587768555,0.09971501399530631,436.1945246887207,0.17093401217564572,497.20396691333735,487.3082608404751,1,1,1,70.24783462208666,1,0,9.895706072862254,7.91670827280011,1.9789978000621433,0,514.7325460371217,463.16410008104236,488.94832305908204,0.10546809043835913,0.9228687023514957,11.088497173213396,0.02171001178100553,29.996709460126443,29.590307907741924,11.326436077004114,1,86.52976435448038,87.85256712603172,6306718.428571428,5427253.933333334,1.1620459455262564,0,950105553.0,491.1421439468482,40689515.620523944,0.17136756744438317,0.2116213402694542,0.23399291071708822,0.9043921015424154,0.22390529518093966,0.9887265431276638,1.2782641123869898,0.9887265431276638,1.3670045040240852,0.01826253927711584,0.00659432823312282,1.0,1.0,1.0,1.0,1.0,2393.40625,-0.011099592502169076,0.11477555847419563,0.362962266659499,0.4198,0.24531614312689123
2023-11-30,512.581009705299,513.0251994162215,504.73388908656506,508.978271484375,7599701.0,0,1,-0.003478641190887921,0.01545886372380334,0.0173621089191478,0.07136924332226613,0.07438268346242882,-0.0034847057314804832,0.5111111111111111,0.8,490.99400787353517,0.03662827513665303,476.4782830810547,0.0682087506552563,465.2650164794922,0.09395345331494438,436.5993745422363,0.16577874628892028,499.0153983858047,488.9134468140973,1,1,1,68.19855155517222,0,0,10.101951571707389,8.353756932581566,1.7481946391258223,0,516.2892981201687,465.69871762690167,490.99400787353517,0.10303706294170828,0.8554864054828007,10.88869811295933,0.02139324745868567,30.619579351771275,27.980890621068067,12.361552229199145,1,81.77516497316815,87.15244125072114,6370322.0,5479382.733333333,1.1625984732270511,0,942505852.0,493.24191074119136,40663078.987586915,0.149560468473142,0.20889788228764636,0.2336584475980072,0.8940309431783967,0.22192307490370594,0.9852871182482158,1.2738174901928065,0.9852871182482158,1.3622491858482577,0.016290106659122904,0.0035751090151441524,1.0,1.0,1.0,1.0,1.0,2355.40673828125,-0.015876749598506268,0.07370306431882168,0.3658899723406864,0.4299,0.24603961652591208
2023-12-01,513.3213410325529,518.0098833402883,508.6327987248175,510.50823974609375,4933886.0,0,1,0.0030059598757659067,0.003103273800350692,0.03388309913003007,0.060923091207375935,0.09634345169713243,0.0030014510117616273,0.7555555555555555,0.9111111111111111,493.0668380737305,0.03537330099201516,477.2353594970703,0.06972006492580042,465.98704681396487,0.09554169635514138,437.11582412719724,0.16790152991015922,500.78352782584915,490.5130611053563,1,1,1,69.03621186095407,0,0,10.270466720492834,8.73709889016382,1.5333678303290146,0,517.5733384624693,468.5603376849916,493.0668380737305,0.09940437480840798,0.8558525573969322,10.780725720281577,0.021117633136819646,31.549376677924492,29.54511882638756,11.59354587998906,1,82.60874229148364,83.63789053971074,6455452.857142857,5551254.8,1.1628817429066411,0,947439738.0,494.70257377152006,40677910.050934516,0.10318398511949423,0.20044063489841263,0.2336763382030741,0.8577703521022385,0.2212636350694612,0.9855183388667768,1.277646534457375,0.9855183388667768,1.3663440522417125,0.018368135684028456,0.008532917398441956,1.0,1.0,1.0,1.0,1.0,2359.551513671875,0.0017596856301980157,0.0874740107078471,0.3658139918273106,0.4403,0.24197468397154326
2023-12-04,517.269560335725,519.835956349804,509.8665991814724,512.5316772460938,5985489.0,0,1,0.0039635746153801055,0.003478521691018699,0.034465537511440436,0.06512813904055603,0.1369607190052209,0.0039557403478271405,0.7666666666666667,1.0,494.90770568847654,0.03561062265761276,478.22044677734374,0.07174772785222437,466.72784027099607,0.09813821465739565,437.65930725097655,0.17107455217942275,502.5909354289637,492.14406970837393,1,1,1,70.15583663525695,1,0,10.446865720589756,9.079052256249007,1.367813464340749,0,519.457097564437,470.35831381251603,494.90770568847654,0.09920795976215134,0.8589492490621555,10.72277082371372,0.020921186532954814,32.536355498802365,28.799452410696798,10.823620952233307,1,78.85708535000437,81.08033087155206,6363628.571428572,5650959.6,1.1261146817309704,0,953425227.0,496.4059046916859,40701633.98319555,0.10292546009713213,0.16987054457742817,0.23113524763646173,0.734940024572137,0.21224806590278536,0.9859488767283442,1.2827105818287787,0.9859488767283442,1.3717596588430534,0.019451201966478135,0.013244292771834771,0.0,1.0,1.0,1.0,1.0,2527.82666015625,0.07131658093046234,0.16363621242688353,0.40505360622242415,0.3026,0.12803080415565374
2023-12-05,511.6432846600976,521.9580889856882,508.7808425679563,513.91357421875,6399021.0,0,1,0.0026962176856684117,0.009696490028900051,0.025305250470659457,0.030174152257159692,0.14002621260371306,0.0026925894110463922,0.6222222222222222,1.0,496.68935241699216,0.03467805725639425,479.19072875976565,0.07246143002151462,467.50795013427734,0.0992616790177452,438.2714811706543,0.1725918666805568,504.3328798581616,493.7566255980314,1,1,1,70.92896127813745,1,0,10.576254260130213,9.378492657025248,1.197761603104965,0,521.329813191961,472.04889164202336,496.68935241699216,0.09921880006109762,0.8495109519066947,10.89809050900073,0.021206076382722476,33.59722237147215,27.703033485716237,9.888820753572624,1,78.06199263242831,79.84260675797212,6424480.285714285,5764448.8,1.1145003639748323,0,959824248.0,498.20601508210797,40718887.136786714,0.09165796648118543,0.1694599735072673,0.22876420210574644,0.7407626365812877,0.2049041453749052,0.9845878147370588,1.2861690487850996,0.9845878147370588,1.3754582214957125,0.025640977547175835,-0.001733341811709287,0.0,1.0,1.0,1.0,1.0,2955.406494140625,0.16914919077479196,0.32977619642118605,0.6280731057910102,0.1711,0.04657640949801262
2023-12-06,514.2590313358927,520.1320591939054,508.9288752430598,516.233154296875,4831956.0,0,1,0.004513560634492375,0.011214147206769054,0.029933027887522057,0.03708107886073875,0.13399818248465456,0.004503405066739256,0.7333333333333333,0.9777777777777777,498.41424255371095,0.035751208978029594,480.13929443359376,0.07517372621180715,468.3632305908203,0.10220683559140374,438.82734252929686,0.17639240827936878,506.16369131027136,495.4215536497976,1,1,1,72.22941105928008,1,0,10.742137660473759,9.65122165771495,1.0909160027588083,0,523.4733583019706,473.3551268054513,498.41424255371095,0.10055537586512371,0.8555375202016368,10.919882897703937,0.021153005782003957,34.582313038951234,25.672908496253378,9.164151300370047,1,84.38766500892977,80.43558099712084,6261465.571428572,5663710.5,1.1055412474611073,0,964656204.0,500.25939750592704,40740696.463175915,0.0882087590765375,0.16867677640395176,0.22792660148408964,0.7400486617430928,0.202097805418583,0.9890318115388569,1.2919742507729985,0.9890318115388569,1.3816664355786443,0.021701790862511946,0.0006722085861768947,0.0,1.0,1.0,1.0,1.0,2880.106689453125,-0.025478662524694662,0.2958952774791985,0.6294850232063514,0.185,0.05002561572193803
2023-12-07,514.2590438893701,515.6409540939719,508.4353569141307,509.3730773925781,4628885.0,0,1,-0.013288718183241288,-0.006162740750946805,0.0008727807652670894,0.03676545993690006,0.13007770803083196,-0.013377803296920511,0.3111111111111111,0.9555555555555556,499.97379913330076,0.01879954164712414,481.1105621337891,0.058744325074554696,469.1268649291992,0.08578961358235772,439.35993591308596,0.159352584877794,506.6574430152416,496.4549998529665,1,1,1,63.22189866744679,0,0,10.202443162275074,9.761465958626976,0.44097720364809767,0,523.5709108411722,476.3766874254293,499.97379913330076,0.09439339320891142,0.699161625703157,10.696876789492535,0.021000082776751,35.39301848922525,24.33612218390147,9.016522347096606,1,65.67971033065724,76.04312265733846,5807745.428571428,5597144.833333333,1.0376264330313343,0,960027319.0,501.29179365379804,40679184.514908284,0.1036951108811912,0.17146903855061288,0.22249860264791968,0.7706522041486452,0.20014482765570735,0.9758888465210563,1.2748055690544717,0.9758888465210563,1.3633058596929963,0.014146011047002796,-0.0038240674607458963,1.0,1.0,1.0,1.0,1.0,2883.30224609375,0.0011095271756171865,0.1913141641129752,0.6223185568848421,0.1581,0.04394344567438751
2023-12-08,512.778453456923,518.2566327777764,507.349615162384,513.617431640625,3733998.0,0,1,0.0083325060479702,-0.0005762497684074219,0.005604304863286114,0.04635023361038981,0.14074312055324323,0.008297982366064511,0.36666666666666664,1.0,501.90103607177736,0.023344035430865443,481.65739379882814,0.0663542971690485,470.0020791625977,0.0927982117775665,439.8838409423828,0.16762059397380782,507.72821049606983,497.72629109649677,1,1,1,66.04341233877285,0,0,10.001919399573069,9.809556646816196,0.19236275275687298,0,523.1103252735104,480.6917468700443,501.90103607177736,0.08451582155610407,0.776209057677668,10.711886848485385,0.02085576966161154,36.35199210887111,24.310338778016572,8.36075307040172,1,77.25438915987844,75.77392149982184,5444705.142857143,5515153.9,0.9872263297778766,0,963761317.0,502.41164079009496,40710298.07582639,0.11367941838283835,0.1711681327737116,0.22300135827189066,0.7675654269559099,0.20001868777713552,0.9840204462368398,1.2854278941686044,0.9840204462368398,1.3746656140141216,0.02123568427292786,0.0066854260962840644,1.0,1.0,1.0,1.0,1.0,2818.388916015625,-0.022513536402945067,0.1775639492942851,0.6270326049316886,0.1547,0.0425831592743454
2023-12-11,513.5681257548254,517.0228412695548,510.4095166636955,515.6409912109375,2597347.0,0,1,0.003939818716527377,-0.0011470845702346022,0.013090381456032363,0.03067976700381303,0.14398348750045864,0.003932077955569895,0.4777777777777778,1.0,503.6234603881836,0.023862134646171953,482.24469665527346,0.069251761164596,470.91272888183596,0.09498206267498241,440.42963165283203,0.17076816397628466,508.94556137528025,499.0533059197887,1,1,1,67.33026127512099,0,0,9.892255455491522,9.826096408551262,0.06615904694026042,0,523.2907961069785,483.95612466938877,503.6234603881836,0.07810333419986296,0.8055200509764379,10.419132402583518,0.02020617557598573,37.24246761282798,23.20816199533465,7.98169509000589,1,82.77279095891353,75.23563014981642,4730083.142857143,5350939.5,0.8839724580808926,0,966358664.0,503.62647086823665,40720531.15215031,0.11061156456016934,0.17089102018893665,0.21672584611554743,0.7885124144253015,0.1991019258215018,0.9878973084083694,1.2904922470447964,0.9878973084083694,1.380081547329181,0.01282544390105301,-9.599729830458571e-05,1.0,1.0,1.0,1.0,1.0,2851.994140625,0.011923558320291239,0.2108287262123194,0.6266362223634738,0.1572,0.04322975166629463
2023-12-12,518.2072975804297,531.5326280896408,515.394196348889,520.6256103515625,9498031.0,0,1,0.009666840351305384,0.02209094563180458,0.019818231749796578,0.05437283399078674,0.14787820441308286,0.00962041539873745,0.5666666666666667,1.0,505.5951156616211,0.02972832257343412,483.1824047851562,0.07749289956668672,471.7109259033203,0.10369631433609731,441.0003454589844,0.18055601477977465,510.74249198701597,500.6512543962164,1,1,1,70.31459368209929,1,0,10.091237590799551,9.879124645000921,0.21211294579862994,0,523.6330656907759,487.5571656324663,505.5951156616211,0.07135333973925104,0.9166353345487591,10.827653783881253,0.020797389849050395,39.00395236911161,30.309260754019117,7.131939428935056,1,76.41411950077773,78.81376653985659,5382103.857142857,5493005.2,0.9798104427687155,0,975856695.0,506.10132809514306,40812347.10147906,0.12019940956047558,0.17147425572315608,0.21738365336671314,0.7888093380871161,0.2013385016286517,0.9794800598087859,1.3029672295715757,0.9794800598087859,1.3934225753189948,0.030998151877035036,0.004976924668974479,1.0,1.0,1.0,1.0,1.0,2853.841552734375,0.0006477615374658185,0.20948474156993435,0.6263265670996792,0.1551,0.04280825007683039
2023-12-13,522.1061848301929,528.3246601400607,516.5292633386607,525.9556884765625,4000017.0,0,1,0.010237833135793517,0.02402227042124716,0.02619157376300696,0.06155981794246013,0.15160998728816732,0.010185781484763358,0.6666666666666666,1.0,506.9498565673828,0.03749055584682556,484.3560205078125,0.08588655081676436,472.5673272705078,0.1129751426414083,441.6308068847656,0.19093976298125354,513.0829837546385,502.5256569206865,1,1,1,73.1400759805286,1,0,10.557326833951947,10.014765082791127,0.5425617511608198,0,526.8336913299602,487.0660218048055,506.9498565673828,0.07844497638173975,0.9779216920709346,10.89677828513259,0.020718053866277692,40.63961678566069,27.965778068482493,6.5805047799131735,1,84.28361408172864,81.15684151380667,5098465.0,5461954.5,0.9334506539737744,0,979856712.0,507.6085757874975,40853298.6080654,0.12825046684372024,0.17211644798504636,0.21604053483661098,0.7966859002418971,0.20163347634832804,0.9895078132209454,1.3163067906493369,0.9895078132209454,1.4076882031327584,0.022426598019246655,0.0028438372012291155,1.0,1.0,1.0,1.0,1.0,2871.21875,0.006089054681040373,0.135844793179974,0.6137695785825656,0.1643,0.046441324274810215
2023-12-14,533.0131926299287,538.8862204126264,530.2987735933874,536.0730590820312,7190654.0,0,1,0.019236165378824666,0.039624599710567754,0.04311908845172652,0.06951547825572346,0.14529722497871234,0.019053489290620725,0.8888888888888888,0.9777777777777777,508.86475372314453,0.05346863810042895,485.7882458496094,0.10351179482425985,473.5013668823242,0.1321468037393386,442.30646148681643,0.21199463665987991,516.6199184203912,505.01064967337874,1,1,1,77.51492189159937,1,0,11.609268747012436,10.33366581563539,1.2756029313770458,0,532.1191416074009,485.61036583888813,508.86475372314453,0.0913971255195572,1.0850144388730005,11.042046403056254,0.020598025242985717,42.64148123579339,32.45862823846638,6.030079975707258,1,93.43309500716786,84.7102761965581,5211555.428571428,5570511.266666667,0.9355614196055592,0,987047366.0,509.76019357159356,40991619.2175913,0.15719119239916451,0.16727848425346156,0.21891303605786858,0.764132128747428,0.19817434911888634,0.9947796747735709,1.3416274857635373,0.9947796747735709,1.4347667262100408,0.016019172524625744,0.013418438678376702,1.0,1.0,1.0,1.0,1.0,2890.193115234375,0.006608470787666354,-0.022065789946507097,0.6130632188520008,0.1834,0.0504260821774552
2023-12-15,548.8062121467026,551.8167377721574,541.1071442412175,550.0400390625,8191005.0,0,1,0.026054247166208633,0.05649823621061367,0.06548762799179575,0.0973808988742837,0.1726641528329036,0.025720617832562225,0.9555555555555556,1.0,511.8012634277344,0.07471410949372317,487.45934143066404,0.1283813690966827,474.57409515380857,0.1590182537970874,443.0676416015625,0.24143581570132933,521.7614754422541,508.3461599984988,1,1,1,81.8982020501133,1,0,13.415315443755276,10.949995741259368,2.4653197024959077,0,540.023720543925,483.5788063115438,511.8012634277344,0.11028678173701141,1.1774529849994673,11.377877280704102,0.020685543728956167,44.92483043950404,37.36811494895382,5.4340885538633135,1,96.34520305197923,91.35397071362526,5691419.571428572,5734399.933333334,0.992504819614181,0,995238371.0,512.873452048717,41205029.68640095,0.19543046327963393,0.1779741219837767,0.2240652251409783,0.7942960442513924,0.19937136458943602,0.996780273978585,1.3765825798825995,0.996780273978585,1.472148493120569,0.0194705708137057,0.02375264499670162,0.0,1.0,1.0,1.0,1.0,2987.81298828125,0.0337762457921289,0.037396635069993245,0.6169464414552642,0.2096,0.060965464306546154
2023-12-18,549.7932531154976,560.0587167691565,544.364414889043,559.0716552734375,5076184.0,0,1,0.01641992504096823,0.0629634159729231,0.09756812852234087,0.09852606487348536,0.1752256048434564,0.01628657581459027,1.0,1.0,515.2115615844726,0.08513025902229038,489.3663446044922,0.14243993571989794,475.62828643798827,0.17543819662274956,443.8906510925293,0.2594805813040172,527.50150310859,512.1036040929387,1,1,1,84.061866618143,1,0,15.39789901565132,11.839576396137758,3.558322619513561,0,548.7627723607966,481.66035080814873,515.2115615844726,0.13024246068213655,1.153629074392683,11.686193323519058,0.020902854246480147,47.25400028205794,38.82118144019648,4.91281269655398,1,98.21587967452525,95.99805924455747,5755319.428571428,5760450.0,0.9991093453760432,0,1000314555.0,515.3551720957552,41288380.24717511,0.11813980818432519,0.1790203947015709,0.22078264026262412,0.8108445233222303,0.20404866829678103,0.9982375749789002,1.3966152420394577,0.9982375749789002,1.496321061026783,0.028072075792212204,-0.00044866905947983264,0.0,1.0,1.0,1.0,1.0,2976.628173828125,-0.003743478757537333,0.032367722759836015,0.6182744998518703,0.198,0.057801072100574946
2023-12-19,560.6016139343141,560.6016139343141,548.5101100640896,557.5416870117188,4484733.0,0,1,-0.002736622841253644,0.04004795161027164,0.08551940153352766,0.09160298319473337,0.16572079401236572,-0.002740374239211933,0.9888888888888889,0.9777777777777777,518.0740386962891,0.0761814825053737,491.02855590820315,0.13545674748079237,476.65246826171875,0.169702716624947,444.7038040161133,0.25373716612398695,532.1230698629174,515.4693880128483,1,1,1,82.2679569804504,1,0,16.65368185006912,12.802397486924031,3.851284363145089,0,555.7775155793709,480.3705618132073,518.0740386962891,0.14555246573621386,1.0233953414670294,11.715144076855156,0.021012140167752012,49.429807360200925,36.29016721016737,4.550624030179894,1,94.52290758047829,96.36133010232761,5862567.285714285,5729085.466666667,1.0232989749977115,0,995829822.0,517.8524037612873,41276107.224410385,0.15159492383530276,0.18056157920131102,0.2210874438639126,0.8166975747046642,0.20363323919138823,0.994541708681285,1.37328070622988,0.994541708681285,1.4922261946333284,0.021687174523275187,0.0027366056684241464,1.0,1.0,1.0,1.0,1.0,2937.33056640625,-0.01320205451503731,0.04220200048145717,0.6203402945663299,0.2101,0.06167056252507356
2023-12-20,562.1315142251881,563.5134243987249,539.1823347594539,541.1071166992188,6959868.0,0,1,-0.029476845759435655,-0.01624049474381306,0.0493873177702111,0.06312419805494596,0.1232456055885196,-0.029920018604539196,0.8666666666666667,0.8555555555555555,520.4405181884765,0.03970981848737969,492.29791748046875,0.09914565446173441,477.60644775390625,0.1329560546009047,445.4178678894043,0.2148302879344161,533.5052309146561,517.3684790266535,1,1,1,65.97976397689439,0,0,16.13675188800255,13.469268367139735,2.667483520862815,0,557.6612551760505,483.2197812009025,520.4405181884765,0.14303550813887475,0.7776221024000907,12.616283045599145,0.02331568492863136,49.794792956031934,31.291075909870564,9.204790205179341,1,60.105434435155665,84.28140723005309,6485784.571428572,5687060.666666667,1.1404458210624395,0,988869954.0,520.4309119560157,41070952.26886835,0.2939197832878016,0.20695293855317537,0.23094299085109288,0.8961213232343311,0.21233960720534906,0.9602382006721244,1.3307115458576444,0.9602382006721244,1.448240073255932,0.04496538465007058,0.008232258359136583,1.0,1.0,1.0,1.0,1.0,2780.140380859375,-0.05351463922536759,-0.025194217176714995,0.6469147020401931,0.3133,0.10060921577147809
2023-12-21,536.9614747191011,554.3831348996216,534.6419042114194,549.052978515625,4591119.0,0,1,0.014684452617951926,-0.017920201575793437,0.05460232381742869,0.07550267707471647,0.1482093444497583,0.014577680039020262,0.9,0.9555555555555556,523.1203903198242,0.049572887380563,493.71632507324216,0.11208187907129406,478.6516537475586,0.1470825896387608,446.27561080932617,0.23030021183526217,535.8971920840359,519.7154789887995,1,1,1,69.15910095929777,0,0,16.18171309523632,14.011757312759052,2.169955782477267,0,560.4844872062597,485.75629343338875,523.1203903198242,0.14285085260619224,0.8470254918059487,13.12520787721365,0.023905175622028124,49.42738229567042,27.92936399426503,10.686830231158014,1,74.25308916948745,76.2938103950405,5784797.142857143,5731048.1,1.0093785712350143,0,993461073.0,523.0286227854232,41138370.33828723,0.2973413722517223,0.20634899994114048,0.22859938905208452,0.9026664541702932,0.2205939628184151,0.9743387730318416,1.3502523165009526,0.9743387730318416,1.469506685991078,0.035955056179775235,-0.007661407237454632,1.0,1.0,1.0,1.0,1.0,2796.01904296875,0.005711460550228198,-0.020261289457441323,0.6415922365485319,0.2936,0.09478200392811284
2023-12-22,552.1621969389963,564.5991470592546,551.7673482624534,563.0692138671875,7865384.0,0,1,0.025528019881534192,0.009914105051220368,0.07056397754366883,0.09860373292952196,0.18522748690161128,0.025207621298455805,0.9555555555555556,1.0,526.2123596191407,0.07004178745387679,495.49007385253907,0.1363884840097935,479.8007376098633,0.17354803719587375,447.14582122802733,0.25925187519541565,540.0775031275977,522.9268667575691,1,1,1,73.80884409355345,1,0,17.150636370028565,14.639533124212955,2.51110324581561,0,566.098687688651,486.32603154963033,526.2123596191407,0.15159783817460717,0.962023656123672,13.298133639100506,0.02361722735251011,49.61690935877833,31.08451467681175,9.794442576943787,1,97.32760576134815,77.22870978866378,6336992.428571428,5876625.433333334,1.0783386656952485,0,1001326457.0,526.5702493478309,41339158.01741513,0.315919069435226,0.21189528070259248,0.20800969810882397,1.0186798145908356,0.22199900522907284,0.9972902311311735,1.3847215844816767,0.9972902311311735,1.507020281887106,0.022789025719718824,0.005662875068590188,1.0,1.0,1.0,1.0,1.0,2804.607421875,0.0030716453551513645,-0.023199670218439494,0.6406587941990842,0.2691,0.0894025318629817
2023-12-25,552.1621969389963,564.5991470592546,551.7673482624534,563.0692138671875,7865384.0,0,1,0.0,0.04058733749786669,0.05035909626084245,0.09564962303858926,0.1701537495982297,0.0,0.8444444444444444,0.9666666666666667,529.304328918457,0.06379106140643746,497.20854736328124,0.13246084938235328,480.87283996582033,0.17093162073202045,448.06972259521484,0.25665534954224734,543.6146893952268,525.9003739508742,1,1,1,73.80884409355345,1,0,17.71431544435268,15.2544895882409,2.4598258561117774,0,570.599062551529,488.00959528538516,529.304328918457,0.15603399170171395,0.9088279785111509,13.264824007507698,0.02355807009302502,49.79289877452139,28.93667379542012,9.117677814941707,1,97.32760576134815,89.63610023072795,6433382.428571428,5974842.466666667,1.0767451132750248,0,1001326457.0,530.0006527919787,41339158.01741513,0.3130003799791642,0.21139676091948806,0.20800969810882397,1.0162831966079393,0.22195962106625278,0.9972902311311735,1.376422765020171,0.9972902311311735,1.507020281887106,0.022789025719718824,-0.019370650462811216,1.0,1.0,1.0,1.0,1.0,2804.607421875,0.0,-0.0296124480084905,0.6410176996078482,0.275,0.09108929078693775
2023-12-26,567.5110299399657,573.3346567295683,563.1185941503508,572.3475952148438,4649730.0,0,1,0.016478225268136804,0.042426901611928525,0.04055624057907714,0.10869980056666129,0.1894358066824644,0.01634393257609423,0.7666666666666667,1.0,532.4752639770508,0.07488109577144875,499.0938342285156,0.14677352426034598,482.13677276611327,0.18710628921991013,449.02628662109373,0.27464162403884707,548.0351364443986,529.3409088593164,1,1,1,76.5259140838988,1,0,18.694227585082217,15.942437187609166,2.7517903974730515,0,576.8099461756833,488.14058177841815,532.4752639770508,0.1665229737340188,0.9496742647116889,13.050582497141495,0.02280184734984806,50.358428139121614,32.09199653229197,8.605401826672972,1,98.50411321826692,97.71977491365442,5927486.0,5965871.033333333,0.9935658962255699,0,1005976187.0,533.0399099693877,41415777.315791145,0.29394585473710283,0.2131774959046514,0.20119857933332594,1.059537779098728,0.2205146622534344,0.9982783850528851,1.3991037694063653,0.9982783850528851,1.5318533015756928,0.017849402469111004,0.007888579171771128,1.0,1.0,1.0,0.0,0.0,2861.63134765625,0.020332230934170026,-0.04223210793978993,0.6413281643174797,0.2771,0.09252172957627222
2023-12-27,574.4698362754041,599.7879897558278,572.7918195499067,597.7644653320312,12430827.0,0,1,0.044408101527266375,0.0616180934960997,0.06920903553886926,0.17352976013557364,0.1982588750628338,0.0434503149242656,0.9444444444444444,1.0,536.8257369995117,0.11351677859769782,501.47364013671876,0.1920157262285219,483.516110534668,0.23628655241917054,450.0893412780762,0.32810180226578123,555.6858024271113,534.4093204498879,1,1,1,82.02654265217896,1,0,21.276481977223398,17.009246145532014,4.267235831691384,0,588.6326803767171,485.01879362230636,536.8257369995117,0.19301214456210947,1.0881328289224268,14.078426214558817,0.023551795115052357,51.720292926388964,41.045494546493856,7.407339640151129,1,97.81094763652406,97.8808888720464,6978149.285714285,5991089.766666667,1.1647545868098053,1,1018407014.0,539.8770696334997,41967806.74327503,0.3703654022096644,0.22314187140161235,0.21439582584123545,1.040793917167275,0.22495794994478183,0.9966262671838089,1.461235311645344,0.9966262671838089,1.599879998516944,0.04516188527688064,0.0037079583775724533,1.0,0.0,0.0,0.0,0.0,2839.560791015625,-0.0077125785816895,-0.046047868530459724,0.6431539343638303,0.2316,0.0808730261511989
2023-12-28,600.1333922720528,608.5234150258563,597.3696321198905,606.3518676757812,7139743.0,0,1,0.014365862880424185,0.07686915345864209,0.08754534737244968,0.1805515746203139,0.2181241050953353,0.014263651611324419,0.9888888888888889,1.0,541.694416809082,0.11936148658790316,504.1258734130859,0.20277870994915254,484.9813223266602,0.2502581847211256,451.16566818237305,0.34396721744944,563.4805816961375,539.7383980221763,1,1,1,83.43857833004863,1,0,23.74218367396122,18.355833651217857,5.386350022743365,0,600.3335948645646,483.0552387535994,541.694416809082,0.2165027965431283,1.0513161423026969,13.869523121087882,0.02287372045913112,53.18072534668418,43.18651981016898,6.981844228707907,1,97.78670770775072,98.0339228541806,7357436.428571428,6090022.566666666,1.2081131634621303,0,1025546757.0,545.514676791358,42070375.3122145,0.36056974019946125,0.22297493126108636,0.21433060510048582,1.0403317396344203,0.2244301471363116,0.9964314481637774,1.4822272177684748,0.9964314481637774,1.6228636552007716,0.01839490154243196,0.003962977188190177,1.0,0.0,0.0,0.0,0.0,2806.1552734375,-0.011764325554790012,-0.044657994734736195,0.6439304778588855,0.2125,0.0740570413128985
2023-12-29,606.3518426017622,610.0039820514842,600.2320495029647,606.8947143554688,3995822.0,0,1,0.0008952667726880303,0.06036038140014721,0.12157962005297174,0.17697142915312059,0.2352586062908184,0.0008948662604166177,1.0,1.0,546.5137405395508,0.11048390797330418,506.9508422851562,0.19714706779024307,486.51521545410156,0.2474321358870716,452.2957035827637,0.3418095939184964,570.1596790283423,544.7129399727905,1,1,1,83.52668223921677,1,0,25.446739055551802,19.774014732084648,5.672724323467154,0,610.003667217244,483.0238138618576,546.5137405395508,0.23234521648078668,0.9755161722145477,13.576838080190136,0.022370994109923895,54.56885844916951,41.745204543213354,6.622902507182757,1,96.71358763480411,97.43708099302631,6934001.285714285,6103381.666666667,1.1360917052892183,0,1029542579.0,548.822991856301,42073952.63888068,0.23604049224090676,0.21583890229609878,0.21445393965032275,1.006458089079801,0.22371728540882005,0.9949028731164037,1.4787685273700715,0.9949028731164037,1.624316551107876,0.016101528514542048,-4.1352258294527426e-08,0.0,0.0,0.0,0.0,0.0,2845.1533203125,0.013897323232305636,0.023384768589645333,0.6436845642392424,0.2081,0.0702686018269993
2024-01-01,606.5493085349024,612.4716776987907,599.097006052767,602.5023803710938,2961919.0,0,1,-0.007237390408054045,0.007926056689286032,0.09734835060902536,0.15726612058950074,0.2274281743872293,-0.007263707372322278,0.9777777777777777,0.9888888888888889,551.0122756958008,0.09344638394901983,509.9850695800781,0.1814118026380545,488.09056579589844,0.2344069371401006,453.3961769104004,0.32886515381923814,575.1354792349194,548.9936392615537,1,1,1,79.82630139359672,1,0,26.14183997336579,21.047579780340875,5.094260193024915,0,617.0622122171856,484.96233917441594,551.0122756958008,0.23974034494233018,0.8897816363428463,13.562397620606818,0.0225101145861921,55.91279403047315,40.104329279401284,6.156386035606077,1,89.6090822873436,94.70312587663282,6701258.428571428,6058591.066666666,1.1060753820208478,0,1026580660.0,551.9587278861832,42052516.07472064,0.27607229578639725,0.21864227604609554,0.21474265475724846,1.0181595095452989,0.22463484769602535,0.983722843535959,1.4550282528799012,0.983722843535959,1.6125607380812443,0.022198537436127527,-0.0005691363137561847,0.0,0.0,0.0,0.0,0.0,2913.312255859375,0.023956155564716086,0.04195007655101146,0.6357913779813396,0.1776,0.061477062693099306
2024-01-02,602.5023857333624,611.9781523817362,599.5412011250636,609.0169677734375,4975013.0,0,1,0.010812550480433503,0.004395302859166339,0.08160231952778685,0.15792448131412562,0.21732266663283228,0.010754512838311248,0.9444444444444444,0.9666666666666667,555.7674453735351,0.0958125972350054,513.1495886230468,0.18682150639082676,489.73106201171873,0.24357431050363798,454.514758605957,0.339927815856529,580.348015933153,553.4398117439154,1,1,1,81.15948569162867,1,0,26.90820418923761,22.219704662120222,4.688499527117386,0,624.2215328255714,487.3133579214988,555.7674453735351,0.24634076004947672,0.8889433369279277,13.48200859461152,0.022137328363611385,57.16073421311225,37.461783289688675,5.750730747964362,1,95.79580402693101,94.03949131635959,6288348.285714285,5985942.3,1.0505193619581474,0,1031555673.0,556.2955454087122,42106308.65392396,0.2631429147020136,0.21593282161938265,0.2117110983406613,1.0199409634724403,0.22532291464757342,0.994359396440447,1.470760819314622,0.994359396440447,1.629996632464513,0.02042135427218397,8.89999581931686e-09,0.0,0.0,0.0,0.0,0.0,2928.4921875,0.005210540548852727,0.04417187398804567,0.6351542253495853,0.1699,0.05816660154685614
2024-01-03,600.3801784299355,603.4894463621566,584.3404284924321,585.3768310546875,7226455.0,0,1,-0.03881687698321146,-0.03545571050760188,0.03961789534592053,0.09197211301214003,0.18550723598652197,-0.039590333517012424,0.6777777777777778,0.9333333333333333,559.2246292114257,0.04676511097184601,515.7524694824219,0.1349956921042693,491.190432434082,0.1917512891158468,455.48498428344726,0.28517262094947315,581.1216797980045,555.8055168780465,1,1,1,64.50150781656887,0,0,25.316162919957947,22.838996313687765,2.477166606270181,0,626.2407829120691,492.20847551078236,559.2246292114257,0.23967525820579197,0.6951186422909459,14.281617929353938,0.024397306438695917,56.249381428997204,32.83832170102612,12.643552880201707,1,65.18704162938414,83.53064264788627,6197072.714285715,6082225.133333334,1.0188824942245174,0,1024329218.0,560.046542706552,41825800.23916425,0.4036553993524597,0.2481292991691269,0.22981881458144046,1.0796735664181132,0.23059224138835516,0.9557614700717177,1.413670477519559,0.9557614700717177,1.566725253699089,0.03271229207213968,-0.014181524982921266,0.0,0.0,0.0,0.0,0.0,2998.998046875,0.02407582293575783,0.0693111711406802,0.633039764357022,0.0933,0.03661583438531041
2024-01-04,586.3145788129763,588.1406186387056,580.0467618750274,582.85986328125,6592370.0,0,1,-0.004299739313055162,-0.03260155931292008,0.018366929736920223,0.059668063937106774,0.1764120512566394,-0.004309009775393087,0.4,0.9111111111111111,562.8989685058593,0.0354608835549552,518.394833984375,0.12435507661486069,492.60094360351565,0.18322928701164223,456.4426251220703,0.27696194702537014,581.3890926415808,557.809542537543,1,1,1,63.01843337140776,0,0,23.579550104037708,22.987107071757755,0.5924430322799523,0,626.3712413677536,499.4266956439651,562.8989685058593,0.22551923671266608,0.6572410587755575,13.83963498894853,0.02374436097046955,54.904040771963466,31.466543820117238,14.331415085926034,1,61.95310214754059,74.31198260128527,6474592.714285715,6081028.833333333,1.0647199498208346,0,1017736848.0,563.1782939140729,41797454.766709045,0.39945994229780635,0.24974293601102346,0.2303130429629228,1.0843629731001756,0.22842159193183298,0.951651944904947,1.3815799636605162,0.951651944904947,1.5599887435330027,0.013886454143734123,0.0016019557121849225,0.0,0.0,0.0,0.0,0.0,2994.304443359375,-0.0015650572098624416,0.04636274893053138,0.6334833632521116,0.0985,0.038882199528951576
2024-01-05,582.9584875714917,589.8679179502382,574.0255932023454,579.4050903320312,2990123.0,0,1,-0.005927278865574759,-0.0486224177787149,-0.030713393091712504,0.036369998133153114,0.15596690001807678,-0.005944914906637034,0.1111111111111111,0.8555555555555555,566.1883514404296,0.023343360664303918,520.9779736328124,0.11214891925622654,494.0568591308594,0.17274981537816467,457.3521012878418,0.26686876194622206,581.0838615170346,559.4092127445422,1,1,1,60.94699544245854,0,0,21.674648772492446,22.724615411904693,-1.049966639412247,0,625.5956806636941,506.7810222171652,566.1883514404296,0.20985005810213986,0.6112382854473266,13.98268425744455,0.024132829501776892,52.98638788751751,28.92001046544482,16.24742741167315,1,57.51421867863351,61.55145415185277,5125920.714285715,5981597.633333334,0.8569484322584264,0,1014746725.0,565.1627144725038,41779731.473845676,0.27912061245645875,0.2511434720517958,0.2299465498144285,1.0921819538256767,0.2306485604196027,0.9460112384445287,1.3692533168643022,0.9460112384445287,1.5507422552229249,0.02734239828444426,0.00016920755134254936,0.0,0.0,0.0,0.0,0.0,3002.59326171875,0.0027681949234512615,0.057414678783761275,0.632985352265928,0.099,0.03931634217416923
2024-01-08,579.4050871397933,584.8339252646125,568.9916006040031,570.1760864257812,4425767.0,0,1,-0.015928413574967548,-0.02596745177208104,-0.059661366903455026,0.022660905378716345,0.1375541811556158,-0.016056634144124414,0.011111111111111112,0.7666666666666667,568.9151062011719,0.002216464655033272,523.3666625976563,0.08943906284705455,495.3227655029297,0.1511202919309567,458.2291618347168,0.24430336153822454,579.4057422722265,560.2067589431525,1,1,1,55.68154420316114,0,0,19.19898332907394,22.019488995338545,-2.820505666264605,0,623.3519526806333,514.4782597217104,568.9151062011719,0.19137071906194825,0.5115820469604642,14.115515714813467,0.024756414817917582,50.67728364443518,26.601588037659077,17.492269535601505,1,45.656283735847765,55.04120152067397,4738209.857142857,5930021.233333333,0.7990207236542144,0,1010320958.0,566.5762672590494,41709236.02668323,0.25164578886674016,0.25804431069460776,0.23328310898746804,1.1061422827165335,0.23293874068355425,0.9309427801920171,1.3474432837443915,0.9309427801920171,1.5260413912335562,0.02778496860490756,-5.509509681790854e-09,0.0,0.0,0.0,0.0,0.0,2959.550537109375,-0.014335183242480287,0.054663854535735634,0.6364642058381863,0.1203,0.04883847424695369
2024-01-09,574.4204154989352,577.3322587881265,566.1784163500226,568.498046875,5314029.0,0,1,-0.0029430198683011444,-0.02464025627944111,-0.06326742773043692,0.05062016249733947,0.11704808575282377,-0.0029473590669301867,0.011111111111111112,0.7,571.3087280273437,-0.004919723810361919,525.6655285644531,0.08148245601631667,496.56251434326174,0.14486702168180773,459.0978321838379,0.23829390387396698,577.7276352880378,560.8209284195857,1,1,1,54.75526644132735,0,0,16.906706868452147,20.996932569961267,-4.0902257015091195,0,620.7896520063412,521.8278040483463,571.3087280273437,0.1732195625641806,0.47159833602201207,13.903967623619925,0.024457370962045005,48.24353552097046,25.077306163554976,17.935166789551246,1,43.500245659939026,48.890249358140125,4926525.142857143,5846991.333333333,0.8425743877490172,0,1005006929.0,570.2779233646299,41693596.73375551,0.24643859415891195,0.2567206368633171,0.2335903823924383,1.0990205771058645,0.23365518626348342,0.9282029970936605,1.3434777313889228,0.9282029970936605,1.5215502210993062,0.019619843022180797,0.00744389176291143,1.0,1.0,0.0,0.0,0.0,3010.582763671875,0.017243235390852263,0.05814429829785239,0.5917999396074078,0.0755,0.032805453466504764
2024-01-10,568.5473960805548,574.4697647897273,563.266641413056,572.5449829101562,2408792.0,0,1,0.007118645450766348,-0.011839915693429237,-0.049721625070569986,0.04278640734823491,0.12097772402939211,0.007093427501936586,0.1,0.7111111111111111,573.6381927490235,-0.0019057480005441484,527.9821606445313,0.0844021362601061,497.73514282226563,0.1503004985014775,459.9830596923828,0.2447088449149629,576.9303041529791,561.6893769003688,1,1,1,56.62912572263512,0,0,15.24092725261039,19.84573150649109,-4.604804253880701,0,618.2790301809733,528.9973553170736,573.6381927490235,0.15564109222930003,0.48775549584465466,13.711050177409303,0.023947550998907,45.68294866766429,23.61371005848599,18.40531733134269,1,34.22759931726624,41.12804290435103,4847507.0,5718108.4,0.8477466079516786,0,1007415721.0,571.8653122320846,41710744.06996815,0.26580572990995455,0.256909493278236,0.2337282248044587,1.0991804412717854,0.2340169140488644,0.9348105451363089,1.3530414730296805,0.9348105451363089,1.532381597658847,0.019567237005077745,8.680628865140353e-05,0.0,0.0,0.0,0.0,0.0,3094.071044921875,0.02773160142196951,0.06204579982765335,0.5916521262062089,0.0787,0.03421750102491138
2024-01-11,575.4075377064422,579.4051249007035,568.0539171726659,569.4851684570312,3899383.0,0,1,-0.005344234155319039,-0.0012117624453195086,-0.06491083402968933,0.011394610878791678,0.11887913563813846,-0.005358565658081878,0.011111111111111112,0.6888888888888889,575.3087982177734,-0.010122615504548096,530.0105725097657,0.07447888399723998,498.92405853271487,0.14142655323503434,460.84342666625975,0.2357454517181369,575.7848986612948,562.266842941603,1,1,1,54.78173747518935,0,0,13.518055719691802,18.580196349131235,-5.062140629439433,0,616.3892344174229,534.2283620181239,575.3087982177734,0.14281177804654122,0.42911918300429525,13.542490002454182,0.02378023301141685,43.69211144174286,24.803045481151127,17.303375114709496,1,29.187078350250314,35.63830777581855,4693845.571428572,5594764.466666667,0.838971077226624,0,1003516338.0,574.1996785914776,41689904.85415488,0.23575820370417408,0.2574285107886196,0.23267937596321758,1.1063658294722023,0.23483103459673269,0.9298146986922391,1.3458105025759521,0.9298146986922391,1.5241921915856564,0.019932402732792266,0.004999702873538505,1.0,0.0,0.0,0.0,1.0,3076.7939453125,-0.00558393758854725,0.0506409948592359,0.5886020434148108,0.0762,0.03336650012686104
2024-01-12,573.482762457207,577.9245394469788,568.3006893024732,574.5191650390625,2440863.0,0,1,0.008839556955750671,0.01059127326322451,-0.018548164941995515,0.020334891146394085,0.12538666432652534,0.008800716790915557,0.2111111111111111,0.7222222222222222,576.5327545166016,-0.003492584700113691,532.1199230957031,0.07967986181891885,500.227473449707,0.14851581636854014,461.72896362304687,0.24427794291045812,575.5901704117207,563.1744223562297,1,1,1,57.25250292094469,0,0,12.415748055491008,17.34730669040319,-4.931558634912182,0,615.864709070949,537.2007999622542,576.5327545166016,0.1364430875651655,0.474402626307869,13.262587155457854,0.02308467317109623,41.84347687481581,23.517470017523273,16.406517730711062,1,23.10001740321272,28.83823169024311,4010189.5714285714,5511663.7,0.7275824124444623,0,1005957201.0,576.1935337099512,41711481.001664564,0.13388972172028668,0.25783149199296357,0.2290667683891952,1.125573533891637,0.23449712527550493,0.9380338486796234,1.3577068711651197,0.9380338486796234,1.5376653752746883,0.01675113856967894,0.007019663059894634,0.0,0.0,0.0,0.0,0.0,3099.96337890625,0.007530381951332377,0.03366635471352075,0.5881745006138592,0.0751,0.03296214247598033
2024-01-15,578.26994518828,578.4180285087753,564.8459331299431,567.2149047851562,3778987.0,0,1,-0.012713692942531551,-0.009309448661846687,-0.026841715276154643,-0.008967785437730025,0.10669238598652742,-0.012795203540755275,0.16666666666666666,0.6555555555555556,576.9399169921875,-0.016856195802383556,533.9499346923828,0.0622997924176878,501.4943670654297,0.13104940361404308,462.5475787353516,0.2262844534522804,574.3016680076339,563.473717350965,1,1,1,52.748718759281175,0,0,10.827950656668918,16.043435483656335,-5.215484826987417,0,615.6748578195393,538.2049761648357,576.9399169921875,0.13427720872319648,0.37446718648187366,13.284694885698878,0.023420919961069635,39.72472389950929,21.801309595468965,17.066809220998554,1,8.024104177410935,20.103733310291343,3608277.714285714,5438113.633333334,0.6635164245499579,0,1002178214.0,577.0097031214012,41663436.121312745,0.1472551322139915,0.2623523871421762,0.21924046321187052,1.1966421859300806,0.23571358991239164,0.9261079743578096,1.3404454028991613,0.9261079743578096,1.5181159698450835,0.0239276070927171,0.006528555316274681,0.0,0.0,0.0,0.0,1.0,3085.3828125,-0.0047034640813706785,0.030417204016316424,0.5596099768573909,0.0898,0.04216351054959984
2024-01-16,568.4981161626113,577.2829278781907,562.0822160380555,572.051513671875,5187155.0,0,1,0.008526942514937463,0.004506430293517605,-0.012691598301185492,-0.043015189345311566,0.1131278533389708,0.00849079348902915,0.25555555555555554,0.6555555555555556,577.6654083251954,-0.00971824618960052,535.8253521728516,0.06760815133535758,502.71338836669923,0.13792774751922415,463.3604670715332,0.2345712556948933,573.9554904175171,564.1091096710323,1,1,1,55.2585392729373,0,0,9.846380746484783,14.804024536222027,-4.957643789737244,0,615.401214862723,539.9296017876677,577.6654083251954,0.13064935512387257,0.4256158120307111,13.421553239587181,0.023462140941533625,37.44044595462332,20.037646228353502,17.15698432904692,1,19.784489266706736,16.96953694911015,3922139.4285714286,5397718.1,0.7266291710512687,0,1007365369.0,577.5884007108274,41707666.693813816,0.16337256452659177,0.26275842145788136,0.21929764541328736,1.1981816811698458,0.2360875338655516,0.9340048438177838,1.340998127431058,0.9340048438177838,1.531060857450961,0.026572277979941054,0.0022623019364081407,0.0,0.0,0.0,0.0,1.0,3052.4267578125,-0.010681350318664906,0.01659681873302543,0.28060803613086993,0.1881,0.1763181565154146
2024-01-17,563.5627910949619,565.290148767841,550.8790143211204,553.001220703125,6148035.0,0,1,-0.033301708873157754,-0.037453832083172434,-0.030122037966058834,-0.08798628291054111,0.07122376023355037,-0.03386883725200162,0.16666666666666666,0.5555555555555556,578.2601135253906,-0.04368084920862607,537.2506695556641,0.02931695024314715,503.734997253418,0.09780186748653134,464.07761352539063,0.19161365380721856,570.731756615303,563.286303080817,1,1,1,45.09771413029993,0,0,7.445453534485978,13.332310335874817,-5.88685680138884,0,613.8859399952073,542.6342870555739,578.2601135253906,0.12321730528022126,0.1454974477060108,13.975192247527712,0.02527153959942197,35.34590871232955,17.869278144158166,21.026411968685558,1,3.4455505990896746,10.418048014402467,4168177.714285714,5441587.4,0.7659856229242433,0,1001217334.0,578.3000029710112,41502926.62210183,0.24373484024310893,0.2842350488968178,0.23221928519867083,1.2239941598892006,0.2373210564067698,0.9029008864228447,1.2786717164277768,0.9029008864228447,1.4800739145090418,0.02605986010012277,-0.014839087694088674,0.0,1.0,1.0,1.0,1.0,2967.090576171875,-0.02795683186245579,0.0025476973506470824,0.28274148521527015,0.2917,0.29308106417686247
2024-01-18,553.0012139934942,554.0869575622343,540.7122860778812,547.720458984375,3784905.0,0,1,-0.009549276784661775,-0.034368712169446924,-0.03654821332252267,-0.09750332960790031,0.07528348727830814,-0.00959516348507385,0.14444444444444443,0.6,578.1934875488281,-0.052703859902745225,538.6414398193359,0.016855404159182873,504.67319915771486,0.08529729713902934,464.7467817687988,0.17853523783377961,567.1915569797756,562.1332775921917,1,1,1,42.75102426608009,0,0,5.058279387583866,11.677504146216627,-6.619224758632761,0,614.0535156228007,542.3334594748555,578.1934875488281,0.12404161875290648,0.07511147925493922,13.932297907300951,0.025436876930131986,34.226464699139086,16.643986859368926,24.796949200341874,1,9.766210036334403,10.998749967376957,3949731.4285714286,5413454.733333333,0.7296138276082679,0,997432429.0,578.5981112764811,41466783.51665318,0.24536422535449062,0.2826296767719582,0.23214289268979704,1.217481498128933,0.23985435206666245,0.8942788359492765,1.2664613262908895,0.8942788359492765,1.465940279037637,0.02441879112778326,-1.2133121207137827e-08,0.0,1.0,1.0,1.0,1.0,2915.010009765625,-0.017552738977535398,-0.031745599243943046,0.28788959674205816,0.3123,0.3064026027728476
2024-01-19,549.2997549390711,553.7415319331876,547.3256318305749,549.8919677734375,4451789.0,0,1,0.003964629681880272,-0.03873697624921957,-0.039565476622600126,-0.08731984189880282,0.07062559387235434,0.00395679124844989,0.14444444444444443,0.5555555555555556,577.5346252441407,-0.047863203801880826,540.1378253173829,0.018058617632125913,505.50085021972654,0.08781610858698936,465.42680755615237,0.18147893255395406,564.530081717262,561.2265139019136,1,1,1,44.04053344376297,0,0,3.3035678153484014,10.002716880042984,-6.699149064694582,0,615.0124026326927,540.0568478555887,577.5346252441407,0.12978538688553626,0.1312126892676015,13.395412349823218,0.0243600800427445,33.186980972605085,16.074569327188225,23.948605727196146,1,12.880895401477373,8.6975520123005,4241588.142857143,5437381.1,0.7800792449249406,0,1001884218.0,578.8111422275979,41484433.21146005,0.23934786450874726,0.28212466234681827,0.23196999097678317,1.2162118951630034,0.23784639738214414,0.8978243203661582,1.2714823764560557,0.8978243203661582,1.4717521893797734,0.011667564682916253,0.002883397778539415,1.0,1.0,1.0,1.0,1.0,2911.7646484375,-0.0011133276788939384,-0.058921205698745704,0.279569158828491,0.3369,0.33975104638090675
2024-01-22,549.2997549390711,553.7415319331876,547.3256318305749,549.8919677734375,4451789.0,0,1,0.0,-0.005622506448962561,-0.03440511143895064,-0.0970826809902533,0.06642407633664771,0.0,0.17777777777777778,0.5111111111111111,576.8757629394531,-0.046775747742495724,541.5118145751953,0.015475476199565883,506.1962353515625,0.08632172539080128,466.07422637939453,0.1798377525510572,562.2780641874429,560.3869178923968,1,1,1,44.04053344376296,0,0,1.8911462950460418,8.380402763043595,-6.489256467997553,0,615.8574305212933,537.894095357613,576.8757629394531,0.1351475311883801,0.15389121553914503,12.896875760736751,0.02345347180275677,32.22174608368066,15.503374339962054,23.097614122755864,1,14.622645646900377,12.423250361570735,4320503.285714285,5499195.833333333,0.7856609250984641,0,1001884218.0,579.0388265948438,41484433.21146005,0.24187804109849537,0.2821541147495986,0.23202596362510444,1.2160454388004984,0.23765580348568843,0.8978243203661582,1.2714823764560557,0.8978243203661582,1.4717521893797734,0.011667564682916253,-0.0010769621472455544,1.0,1.0,1.0,1.0,1.0,2911.7646484375,0.0,-0.0536367725002912,0.27773888776984695,0.3374,0.34258889764563033
2024-01-23,550.7803390596347,554.5311608607706,530.6442595549713,534.3951416015625,7867972.0,0,1,-0.02818158307462293,-0.02432868293348278,-0.06983931238355101,-0.08709208624002096,0.026448048225483634,-0.02858630583636197,0.011111111111111112,0.23333333333333334,574.978140258789,-0.07058181140410093,542.5758673095703,-0.015077570162810488,506.74208068847656,0.05457028726628658,466.63018676757815,0.14522196967882214,557.9883837896151,558.4616011301129,1,1,0,37.120327051592426,0,0,-0.4732173404977402,6.609678742335328,-7.082896082833068,0,618.3372014376615,531.6190790799166,574.978140258789,0.15081985954929422,0.032012484197866224,13.681877585384074,0.025602548601733152,32.50127298100646,13.570016193890767,28.92600589576014,1,6.333418347035037,11.278986465137613,5095804.571428572,5444860.533333333,0.93589257984335,0,994016246.0,576.4586421987959,41262701.30491324,0.2558890935241909,0.29480211733050726,0.2409566581291565,1.2234653303188192,0.24387266327038956,0.8725222096953426,1.2356499902360403,0.8725222096953426,1.4302758827895092,0.044698949234851,0.0016155378479054358,1.0,1.0,1.0,1.0,1.0,2892.68994140625,-0.006550909614719602,-0.06686318906552102,0.27856475701277705,0.3452,0.3649322458995973
2024-01-24,542.8838237997247,559.4664449139713,539.9226393062717,557.8378295898438,8619429.0,0,1,0.04386770418238539,0.014449859758053574,-0.0165317856004934,-0.042929759394553235,0.06061754214623716,0.04293276129895796,0.3,0.4888888888888889,572.9818084716796,-0.02643012161630329,543.7554064941406,0.025898451633795148,507.60082458496095,0.09896951023662938,467.2960055541992,0.19375689704059126,557.9652216050349,558.4153958308336,1,1,1,49.935998487680784,0,0,-0.4501742257987189,5.197708148708519,-5.647882374507238,0,615.593656866939,530.3699600764203,572.9818084716796,0.14873717722005306,0.3223031920445783,14.495407994457267,0.025984985645586586,32.164832110008355,14.32547915265949,25.35239797550196,1,45.916734581607244,22.290932858514235,5787296.285714285,5598840.933333334,1.0336597082547856,0,1002635675.0,572.6369318063196,41640815.86650631,0.407185289707622,0.3181475540913975,0.254547477207541,1.2498554595062878,0.24851531736724333,0.910797755882819,1.2898551184806821,0.910797755882819,1.4930188021149193,0.03503492336127399,0.015884654513740444,1.0,1.0,1.0,1.0,0.0,2899.58056640625,0.00238208212410429,-0.06022015982619666,0.278136965656595,0.3224,0.36942041486018895
2024-01-25,559.1703729848418,562.6250884401762,551.1751984578219,559.861328125,5366990.0,0,1,0.0036273956835162213,0.018129670800483444,-0.021309594075940574,-0.033730739569152846,0.044375050452458265,0.0036208325503926104,0.26666666666666666,0.35555555555555557,570.6572814941406,-0.018918453718620425,544.9971307373047,0.027273900263632807,508.5099084472656,0.10098410832256127,467.98763244628907,0.19631650349062435,558.2569303004142,558.5225019266978,1,1,1,50.866861486139896,0,0,-0.26557162628364495,4.105052193710086,-4.370623819993731,0,610.5925537342724,530.7220092540089,570.6572814941406,0.1399623680804354,0.3648318546043168,14.27787099359277,0.025502513348099935,31.482440366759477,15.085092165222644,23.900189830971247,1,53.916310771465994,35.38882123336944,5812987.0,5538052.133333334,1.0496446873462681,0,1008002665.0,569.5026937834482,41660284.062865786,0.40274816478415687,0.31406098207258637,0.2506809083798141,1.2528316739491914,0.24951720986120665,0.9141015797310645,1.2945339333698203,0.9141015797310645,1.4984345720731196,0.0204512964321013,0.002388764842244296,1.0,1.0,1.0,1.0,0.0,2889.743896484375,-0.003392445802623989,-0.053296237464747764,0.27773125966898116,0.3155,0.35747757106824535
2024-01-26,559.1703729848418,562.6250884401762,551.1751984578219,559.861328125,5366990.0,0,1,0.0,0.0476542253866985,0.012405230160527525,-0.018090478619404382,0.017855589348076517,0.0,0.45555555555555555,0.2222222222222222,568.3056121826172,-0.014858702565308744,546.3681604003906,0.024696109148676083,509.40862854003905,0.09904170592782846,468.7160339355469,0.1944573848352423,558.5037607349659,558.6216742376832,1,1,1,50.866861486139896,0,0,-0.11791350271732881,3.260459054424603,-3.378372557141932,0,604.6322515305578,531.9789728346766,568.3056121826172,0.12784191663505004,0.38377284261369576,14.075872349932881,0.02514171213981432,30.848790890885518,14.208604262623343,22.51151901429785,1,59.91909364788561,53.25071300031963,5701409.142857143,5443918.3,1.0472988073419733,0,1008002665.0,567.3958163214518,41660284.062865786,0.3404405363775497,0.30551756706464966,0.2507495929466859,1.2184170010980175,0.2497516639845322,0.9141015797310645,1.2945339333698203,0.9141015797310645,1.4984345720731196,0.0204512964321013,-0.0012341540761034622,1.0,1.0,1.0,1.0,0.0,2889.743896484375,0.0,-0.026068189595779834,0.25879560754118724,0.2549,0.3013841512893653
2024-01-29,560.6509281448903,564.5498330921714,554.7285591856132,560.55224609375,5126212.0,0,1,0.001234087682147944,0.004865959889995386,0.023427620602612942,-0.01397683039533315,0.0026483024248267206,0.0012333268218588695,0.5333333333333333,0.17777777777777778,566.20810546875,-0.009989011673221505,547.7618914794922,0.02335020893788605,510.22838317871094,0.09863007346146165,469.4211672973633,0.19413500102916764,558.818912328625,558.7646795603549,1,1,1,51.22598322226551,0,0,0.0542327682700261,2.6192137971936877,-2.5649810289236616,0,598.8816824091305,533.5345285283695,566.20810546875,0.11541190111833818,0.4134490327563427,13.771972461120402,0.024568579569685816,30.016515801178794,14.483115573060045,21.364822630359516,1,61.336045467446525,58.3904832955994,5893024.428571428,5445585.9,1.0821653604934278,0,1013128877.0,565.9154258959767,41666610.257951066,0.33134761841693505,0.30189062310832493,0.24968912709073826,1.2090659558380226,0.2467012255855902,0.9152296612308426,1.2961315017511144,0.9152296612308426,1.5002837717210196,0.017520711004190007,0.00141034927798043,1.0,1.0,1.0,1.0,0.0,3060.565673828125,0.05911311986905465,0.04993316097538991,0.3116834481544179,0.2236,0.2169914337077577
2024-01-30,562.5757207323911,576.7400293293678,559.9106426012846,561.884765625,7968815.0,0,1,0.0023771549227316058,0.0036141762224881635,0.021809370848100196,-0.018619003926943933,0.007789693065928471,0.002374333959661288,0.5222222222222223,0.18888888888888888,563.8514953613281,-0.0034880278805819696,548.9937438964844,0.023481181473984692,511.1315444946289,0.0992958107888887,470.1231565856934,0.19518632033727623,559.2905820665288,558.995797046625,1,1,1,51.955346725692266,0,0,0.29478501990388395,2.1543280417357273,-1.8595430218318434,0,589.5867582652639,538.1162324573924,563.8514953613281,0.09128383312149978,0.46178920449211014,13.990359194474884,0.0248989829416589,27.884685587216477,19.462450970876827,19.529084700173073,1,64.06880978941241,61.77464963491487,6395456.714285715,5561721.966666667,1.1499058659558874,0,1021097692.0,563.9666996353754,41685553.36575665,0.33135355678936845,0.3018381447670064,0.2496291046235027,1.2091464463738983,0.24915476150173,0.9174053039254674,1.2992126071310095,0.9174053039254674,1.5038501786744605,0.02995166937719577,0.0036097877633028005,1.0,1.0,1.0,0.0,0.0,3086.98095703125,0.008630849986004385,0.06017529908805441,0.3093846622098889,0.2225,0.21743442869263474
2024-01-31,561.8354267057463,573.087891835856,560.8977062168736,571.8540649414062,5644545.0,0,1,0.01774260475867706,0.02142090588140899,0.03993893065377052,0.004159715854924473,0.05682229505637526,0.017587042109434618,0.7444444444444445,0.4666666666666667,563.1753570556641,0.015410311862925389,550.5552746582031,0.03868601621594841,512.0806039428711,0.11672666478342852,470.8995088195801,0.21438662438806189,561.2234255857408,559.9482613351273,1,1,1,57.121537551019614,0,0,1.275164250613443,1.9784952835112706,-0.7033310328978275,0,587.1819378529732,539.168776258355,563.1753570556641,0.0852543723603882,0.680756850778078,13.861775367653989,0.02424005741582742,25.905128959965754,18.239916938347193,18.302365069339253,1,86.26031876673538,70.55505800786479,6565850.428571428,5517877.866666666,1.1899231166814206,0,1026742237.0,562.3010105639696,41785702.29673422,0.3411405150479712,0.29180076377339725,0.2513335444661669,1.1610100211381764,0.23995109306478385,0.933682463636531,1.3222640229168254,0.933682463636531,1.530532398010947,0.021316951939882416,-8.780967606204247e-05,1.0,1.0,1.0,0.0,0.0,3137.81298828125,0.01646658400474399,0.07763276471024239,0.26368910361552905,0.0994,0.11027588331213864
2024-02-01,570.5215519009847,574.272373584115,562.9211662366041,563.85888671875,3509803.0,0,1,-0.013981151333558262,0.005898898181289303,0.055134754834944344,-0.018555130914714946,0.0269662651556013,-0.014079808267650007,0.8666666666666667,0.28888888888888886,562.225308227539,0.0029055584430394497,551.9233416748046,0.021625367406508098,512.8100424194336,0.09954727886854246,471.60646530151365,0.19561313977800604,561.6288811446652,560.2379372894698,1,1,1,52.26747777019784,0,0,1.3909438551954736,1.8609849978481112,-0.47004114265263763,0,584.3847125489692,540.0659039061088,562.225308227539,0.07882748783148708,0.5368597112881586,13.682449080500913,0.0242657327973012,24.168983481936905,17.777401033997283,17.21779555138241,0,69.52482061002225,73.2846497220567,5943254.857142857,5481834.0,1.084172716128007,0,1023232434.0,561.0412913298209,41736631.209840246,0.2868826820936376,0.29275132186315234,0.2528655497257023,1.1577350974884337,0.23409603341338256,0.9206285078149391,1.3037772495095057,0.9206285078149391,1.5091337929334423,0.020131291028446355,-0.002330162749753409,1.0,1.0,1.0,0.0,0.0,3149.297607421875,0.003660071260944031,0.08870901175494739,0.2636521688124596,0.0976,0.10865121083166211
2024-02-02,569.5345390993199,581.3792782140371,565.6849747888533,575.950439453125,7145858.0,0,1,0.02144428866722148,0.025033022229174362,0.03246931079700843,0.01540074951182313,0.022876806738320044,0.021217595038587198,0.6666666666666666,0.25555555555555554,562.0525756835938,0.0247269817287609,553.41775390625,0.04071550901254977,513.6682928466797,0.12124973932357418,472.3478921508789,0.21933525908305104,563.8321978075052,561.4018263386295,1,1,1,58.07060903695626,0,0,2.4303714688757054,1.97486229205363,0.45550917682207537,1,583.6959715782451,540.4091797889424,562.0525756835938,0.07701555630566294,0.8210647681440266,13.956587824414209,0.02423227220325803,23.27709819840167,19.820590970690482,15.673913691528309,0,89.29962202755196,81.69492046810322,5732744.714285715,5457849.8,1.0503668888589999,0,1030378292.0,561.3818031696453,41889869.05156722,0.18694899562214123,0.29008719049203274,0.254904550578412,1.1380228004317172,0.23551779134785616,0.940370731291796,1.3317358252057436,0.940370731291796,1.5414960936265658,0.027249399167202263,0.010065731895435876,1.0,1.0,0.0,0.0,0.0,3153.241943359375,0.001252449412276757,0.08748209306269206,0.263766837807655,0.0947,0.10441956822402593
2024-02-05,575.9503698631377,583.2546488661807,568.5967498355035,572.39697265625,4801118.0,0,1,-0.006169744049937864,0.0009493815784966664,0.022390624073344023,0.0006038948872935102,0.016565918646126887,-0.0061888555701004756,0.5111111111111111,0.24444444444444444,562.1636199951172,0.018203512815755843,554.8410968017578,0.0316412680237435,514.609949645996,0.11229285996123098,473.0715516662598,0.20995855836214358,565.1498554765428,562.2162816214161,1,1,1,55.91900515977108,0,0,2.933573855126724,2.1666046046682492,0.7669692504584749,0,584.0043944558745,540.3228455343599,562.1636199951172,0.07770255379011187,0.7342717443358001,14.00668148200442,0.02447022285426387,22.62742603607634,19.295376547158327,14.50229608786055,0,79.36210632142709,79.39551631966712,5651905.857142857,5355707.6,1.0553051583964101,0,1025577174.0,561.4339082698864,41860247.38235367,0.19796973452524347,0.2907806900511334,0.2548236051432873,1.1411057852651736,0.23628391509219607,0.9345688845676727,1.3235193560220915,0.9345688845676727,1.531985457274911,0.025607925497327728,-1.2082634644676404e-07,1.0,1.0,0.0,0.0,0.0,3169.220947265625,0.005067484256925159,0.09671343232916185,0.263500369622468,0.0934,0.10339057202657527
2024-02-06,571.1138003380429,580.145437802267,561.8847987561726,577.3323364257812,4099573.0,0,1,0.008622274409713082,0.023895073793084975,0.031205956588022277,0.04399830382240366,0.008709290040899598,0.00858531489978719,0.6444444444444445,0.2,562.6053344726563,0.026176434972713034,556.2091656494141,0.03797702749415201,515.6009600830079,0.11972703916772208,473.77060989379885,0.21859044096297353,567.0240833148872,563.3359893847023,1,1,1,58.23364842867385,0,0,3.688093930184891,2.470902469771578,1.2171914604133134,0,585.3251614208061,539.8855075245065,562.6053344726563,0.08076648249148109,0.8241002228303556,14.310535593725135,0.024787344638134295,21.222120919369175,17.53670269620182,16.530641423622765,0,88.74307429019996,85.80160087972637,5470846.285714285,5337369.033333333,1.0250080613776844,0,1029676747.0,561.4224739133699,41895595.025722325,0.19890743997391686,0.28797412878599926,0.25501468601570443,1.1292452732242453,0.24072725245248228,0.9426269939451948,1.3349311030962807,0.9426269939451948,1.5451946562792251,0.031629337028209054,-0.0022417524541621043,1.0,0.0,0.0,0.0,0.0,3199.48046875,0.009547936855107242,0.10718478292918854,0.25959265939132786,0.0709,0.07883148556114267
2024-02-07,582.7611185736977,594.3590908976938,577.0855150959974,584.587158203125,9415146.0,0,1,0.012566110227356653,0.014995593645523941,0.04287720239614434,0.06730933382899562,-0.02204431325904732,0.012487811918703618,0.7777777777777778,0.1111111111111111,563.2074432373047,0.03796063994277163,557.6858087158203,0.04823746465639912,516.7257165527344,0.1313297160882934,474.5248199462891,0.23194221593992437,569.7260948361545,564.9101500379188,1,1,1,61.43898337134035,0,0,4.815944798235705,2.939910935464403,1.876033862771302,0,587.612180968879,538.8027055057304,563.2074432373047,0.08666340626216293,0.9380238624355245,14.522181322865942,0.024841772726420304,21.187022805956,23.037862421364444,15.12617272386892,0,84.6630172463213,84.25606595264946,6083551.142857143,5236846.333333333,1.161682194899324,0,1039091893.0,563.2958256406777,42013906.78816498,0.2028298544303289,0.2603009933513232,0.24640705346940356,1.0563861289126808,0.23272121209376795,0.954472148654392,1.3517059944837155,0.954472148654392,1.5646117426527524,0.029548332629801687,0.009403218571690583,0.0,0.0,0.0,0.0,0.0,3225.5458984375,0.008146769434002277,0.053905141137853496,0.25751322193569265,0.1543,0.15576121823882577
2024-02-08,584.3404204696063,601.0711253007239,580.244091059011,593.5200805664062,11844758.0,0,1,0.015280736564140085,0.03690289941984304,0.056302140361854214,0.07933942546864792,-0.021162278527418033,0.015165161998332368,0.8777777777777778,0.12222222222222222,564.4091888427735,0.05157763604685423,559.3766448974609,0.061038364723296906,517.9274639892578,0.14595213004328395,475.3080041503906,0.24870626074837265,573.386708025424,567.0294041511402,1,1,1,65.0006878483532,0,0,6.3573038742838435,3.6233895232282913,2.733914351055552,0,592.24184898647,536.5765286990769,564.4091888427735,0.09862582216552061,1.0229627993396406,14.972527959926438,0.025226657783234397,21.636954773215596,23.95093034773905,13.623261534459417,0,89.27817580072693,87.56142244574941,6637257.285714285,5393680.166666667,1.2305618947769679,1,1050936651.0,565.8614160510682,42194903.41482897,0.20769390926716716,0.2607653219339237,0.24751860780698676,1.0535180536295947,0.23851615829219175,0.9690571861157885,1.3723610576975902,0.9690571861157885,1.5885201625173893,0.035090698568845925,-0.0004220717647597346,0.0,0.0,0.0,0.0,0.0,3164.377685546875,-0.018963677720492456,0.025071981198762305,0.26223796341684175,0.1348,0.13390143937868393
2024-02-09,593.2239220244638,594.2109834587807,568.8434925477463,583.6494140625,5105348.0,0,1,-0.016630720386893283,0.010941839280694587,0.02062650218688633,0.061389233281128774,-0.03830203121418785,-0.016770563445766065,0.45555555555555555,0.08888888888888889,564.8657012939453,0.03325341355569397,560.839468383789,0.04067107784771996,519.0374139404297,0.12448428260989652,476.0969969177246,0.2259044225043952,574.9655858772819,568.2605159964261,1,1,1,58.563795778463685,0,0,6.705069880855831,4.2397255947538,2.465344286102031,0,593.6788093714514,536.0525932164393,564.8657012939453,0.10201755217745914,0.8259577675207281,15.715025313577003,0.02692545376545887,20.826686900816416,21.189355740982776,17.234327432584493,0,75.26269122763766,83.06796142489532,6560229.142857143,5430664.366666666,1.2079975303065547,0,1045831303.0,566.402396599679,42109997.79976319,0.23970574653952867,0.26481368839330316,0.2486530930024103,1.0649925371760254,0.24873035846333444,0.9529410670145873,1.3495377046771604,0.9529410670145873,1.5621019278656203,0.04346357642075498,-0.0004989865577248694,0.0,0.0,0.0,0.0,0.0,3210.915283203125,0.014706714014830702,0.02329721216493441,0.2625099369500013,0.1097,0.11048808506484561
2024-02-12,584.2417449929953,594.0136180142622,572.2489232788784,574.9140014648438,4595403.0,0,1,-0.014966883178813228,-0.016546988079611857,0.01960617276146248,0.07582190912486175,-0.045789659601440436,-0.01508001723696529,0.4222222222222222,0.06666666666666667,565.2506561279297,0.017095681769057545,562.087114868164,0.02282010431726095,520.1537808227539,0.1052769828097237,476.7893571472168,0.20580292501648548,574.9576498138299,568.7533667718644,1,1,1,53.51321899525858,0,0,6.204283041965482,4.632637084196137,1.571645957769345,0,594.3996850400056,536.1016272158538,565.2506561279297,0.10313664777234251,0.6657575860599377,16.147144557991776,0.02808619118137651,20.074295305017177,19.149278722651964,15.575034165182243,0,57.223595301683694,73.92148744334945,6715314.857142857,5485113.833333333,1.2242799440794694,0,1041235900.0,566.8180771934353,42041218.93990262,0.24274031822311842,0.26730012926789926,0.25125574304566967,1.0638567939890364,0.2541876611946538,0.9386785093882862,1.3240509587742573,0.9386785093882862,1.5387221307978567,0.037857305057676115,0.0010148745397899203,0.0,0.0,0.0,0.0,0.0,3165.52587890625,-0.014135970679237553,0.00515298123814345,0.2607700618298971,0.1547,0.1583446046971358
2024-02-13,532.0261314462251,533.0131929145854,489.9279658452015,503.50006103515625,46100123.0,1,0,-0.12421673545561496,-0.15167139660269346,-0.12579273051126005,-0.09740782297722606,-0.1732577453860612,-0.1326366335615323,0.011111111111111112,0.011111111111111112,561.8230834960938,-0.10381029931701449,561.8788446044922,-0.10389923758462362,520.5347866821289,-0.032725431772872356,477.1476931762695,0.055228953709206254,563.9641746171109,563.9197885691453,1,1,0,30.41786128606728,0,0,0.04438604796553136,3.7149868769500163,-3.670600828984485,0,601.7383416497695,521.907825342418,561.8230834960938,0.14209191229841395,-0.23058555999301064,21.064208205252523,0.04183556236705548,22.083554395197076,13.6307054030056,39.00148637166451,0,12.211363485114932,48.23255000481212,12280209.857142856,6855950.833333333,1.791175309694027,1,995135777.0,550.1345698367408,36314812.15674031,0.8201950623711682,0.4620257298206232,0.37215600500971735,1.2414840110091983,0.2913043173678193,0.8220789293097306,1.145005568365438,0.8220789293097306,1.3475870909368393,0.0855714435879194,-0.07459875722167682,1.0,1.0,1.0,0.0,1.0,3174.21435546875,0.002744718222143172,0.00665106340905508,0.2606781183940889,0.0918,0.15585917084626888
2024-02-14,508.3366828749987,510.212123861457,496.6399978367276,501.2298278808594,16634538.0,0,1,-0.0045089034341514456,-0.14121420187498845,-0.12433179799175786,-0.10472504046761022,-0.14374843470012033,-0.004519099198595683,0.022222222222222223,0.022222222222222223,559.2345138549805,-0.10372157750829157,561.5787780761718,-0.10746301774802253,520.8590362548828,-0.03768622027787538,477.51380081176757,0.04966563694865961,554.3127366576875,559.2760877774203,1,1,0,29.974972626017532,0,1,-4.963351119732806,1.979319277613452,-6.942670397346259,0,607.4173579653535,511.05166974460747,559.2345138549805,0.1723171332120882,-0.10192260383435521,20.5290594780723,0.04095737790559421,23.949294978935555,12.98702672006645,37.15973096443175,0,10.168742809745897,26.534567198848194,13970698.42857143,7169553.6,1.9486148242997208,1,978501239.0,545.3201061008155,36239808.631226584,0.8213683738355578,0.4511479023343867,0.37126873697962837,1.2151518762516793,0.2896730131738183,0.8183722548022224,1.1398428488261125,0.8183722548022224,1.3415109508746959,0.027077650350759663,0.00960600050355255,1.0,1.0,1.0,0.0,1.0,3202.92578125,0.00904520696019917,0.010635053391734983,0.2535699886096935,0.1545,0.2627312639132011
2024-02-15,506.0664667854941,511.7914117043591,501.0324468753319,506.55999755859375,13303658.0,0,1,0.010634182926163138,-0.11889431068314293,-0.12258509423763342,-0.09520452277872937,-0.13090602137728413,0.010578037691293458,0.03333333333333333,0.03333333333333333,557.1764907836914,-0.09084463192964853,561.5225164794922,-0.09788123772042145,521.3165393066406,-0.02830629883270785,477.9830506896973,0.05978652763452985,546.9661614116732,555.3711922056553,1,1,0,32.46138573633387,0,0,-8.405030793982178,-0.09755073670567382,-8.307480057276504,0,610.6551786084732,503.6978029589097,557.1764907836914,0.1919631883590846,0.026760142367944814,19.83119557456908,0.03914875961415648,25.558303697815813,13.052586561691227,35.719718949742536,1,14.964512251469765,12.448206182110217,15285567.714285715,7393263.2,2.067499465497957,0,991804897.0,542.4249433623739,36381282.1639857,0.8242577768963598,0.45345299572692344,0.3718201719866917,1.219549206553413,0.2910262582952297,0.8270749750614859,1.1519641461876085,0.8270749750614859,1.3557768237237486,0.021239270532377,0.00964954325460525,0.0,1.0,0.0,0.0,1.0,3189.543701171875,-0.004178079978145011,-0.0031057440966367755,0.2540302660926663,0.1457,0.24872470782131267
2024-02-16,513.222629707459,513.222629707459,504.3390763678584,509.0276184082031,12066565.0,0,1,0.004871329875044017,0.01097826554714354,-0.12925282181560926,-0.09191761882072558,-0.12146505631059945,0.004859503339421625,0.011111111111111112,0.044444444444444446,555.1332733154297,-0.08305330831976473,561.4307202148437,-0.09333850094021828,521.5440570068359,-0.023998813581474217,478.54358154296875,0.06370169414234886,541.1294624880624,551.9383348873256,1,1,0,33.63621093786837,0,0,-10.808872399263237,-2.2398150692171863,-8.56905733004605,0,612.7465258616407,497.5200207692188,555.1332733154297,0.20756548135595115,0.09986936278032756,19.049221129214185,0.03742276536739524,26.9346330644619,13.15445968585115,34.52987641942462,1,17.184730627209635,14.105995229475118,15664341.857142856,7695811.266666667,2.0354373716245835,0,1003871462.0,540.0966826804776,36440062.38255936,0.8133404672337837,0.4542709313419092,0.3712083735699942,1.2237626187499053,0.2887463362062437,0.8311039300964042,1.1575757435479117,0.8311039300964042,1.3623812598690463,0.01745200656769981,0.013152700925806025,0.0,1.0,0.0,1.0,1.0,3219.30419921875,0.009330644391528642,-0.0019350830573434674,0.2548618251189156,0.15,0.25560391308386843
2024-02-19,512.038159140685,512.1862424656059,505.1780695859986,505.6716003417969,5580597.0,0,1,-0.006592997992723726,0.008861748072170439,-0.14801265045788192,-0.10004393911743747,-0.11313081628578758,-0.006614827806169515,0.011111111111111112,0.05555555555555555,552.9222549438476,-0.08545623580814148,561.231332397461,-0.0989961337659548,521.7380145263672,-0.030794026383443467,479.0581576538086,0.05555367811358816,535.6744067732523,548.5111693654346,1,1,0,32.80054498084276,0,0,-12.836762592182367,-4.3592045738102225,-8.477558018372145,0,614.6309532854243,491.213556602271,552.9222549438476,0.22320931302663344,0.11714753452986594,18.189146254242264,0.03597027446656632,28.21265319063326,12.792435596132698,33.57957915314629,1,14.165185310298549,15.438142729659335,14769461.714285715,7734305.6,1.9096041038623708,0,998290865.0,538.9060079244019,36403269.51774016,0.7840164903724022,0.4529729372444691,0.3714753965349953,1.2193887979383211,0.2857702361251113,0.8256244635535337,1.1499438489942746,0.8256244635535337,1.3533990829574052,0.013859138766880079,0.0059142974243642414,1.0,0.0,0.0,1.0,1.0,3254.457275390625,0.01091946395758625,0.028466763071672396,0.25088960235690133,0.1343,0.23174145163082163
2024-02-20,505.9676831984019,509.2250342314358,500.588216284198,504.9806518554688,5186970.0,0,1,-0.0013663976498997643,-0.003117786068257855,-0.1347877001356964,-0.11694139674042447,-0.11172843137928534,-0.0013673320224151843,0.022222222222222223,0.06666666666666667,551.451530456543,-0.08427010541180516,560.918433227539,-0.09972533983275035,522.0504190063476,-0.032697545159275636,479.5606983947754,0.0530067487719097,530.9522906320548,545.2866865869187,1,1,0,32.62085369001309,0,0,-14.334395954863908,-6.35424285002096,-7.980153104842948,0,616.3396271020922,486.56343381099373,551.451530456543,0.23533562992137796,0.14191522788130925,17.506837089456234,0.03466833239081581,29.55772138351826,12.341648704861905,34.26896132107998,1,13.5435109852992,14.964475640935815,14781122.0,7730070.3,1.912158806628188,0,993103895.0,537.9261453944105,36396182.05412206,0.7944384106139469,0.4530280460839027,0.3701495615342061,1.2239053970675517,0.28530355292660164,0.8244963322268345,1.1436235229846372,0.8244963322268345,1.3515498016310759,0.017103265076598984,0.0005855239970069691,1.0,0.0,0.0,1.0,1.0,3224.297607421875,-0.009267188171991014,0.004167759980699293,0.24984099101226245,0.1319,0.22865689005317363
2024-02-21,528.0779092083544,531.0390937459714,503.4013713948799,505.1780700683594,18106978.0,0,1,0.0003909421324661544,-0.007562552994436311,-0.12129802234560605,-0.10407003956587513,-0.11766221843283198,0.00039086573450149273,0.07777777777777778,0.05555555555555555,548.8185424804688,-0.07951712457612972,560.502880859375,-0.0987056671433881,522.4294506835937,-0.03302145503600738,480.08751678466797,0.05226245716975221,526.9870259299478,542.3156779559143,1,1,0,32.73424146747206,0,0,-15.328652025966562,-8.149124685210081,-7.179527340756481,0,616.814680088848,480.82240487208946,548.8185424804688,0.2477909631152782,0.17909594612965574,18.230471751001613,0.0360872192027946,29.015273090088126,19.552146586530693,30.558078437002482,1,13.721136143570476,13.809944146389427,16711347.0,8253343.166666667,2.024797304865893,1,1011210873.0,535.0199280887202,36403260.8347139,0.8043818661581981,0.45202373575857574,0.3700706602660906,1.2214525070254387,0.2981237202910761,0.8248186625811658,1.140501354150861,0.8248186625811658,1.3520781793926597,0.05470887195746964,0.04573889567455409,0.0,0.0,1.0,1.0,1.0,3218.904541015625,-0.0016726329461138612,0.016862494306259856,0.23820471898223644,0.114,0.20664724889521985
2024-02-22,509.6198807262624,515.3942271054483,507.59641654023966,514.4071655273438,8727844.0,0,1,0.01826899464922449,0.01727517459877581,0.021662568361488166,-0.10685515577385041,-0.09671542997145366,0.018104121582291226,0.4888888888888889,0.08888888888888889,546.5458343505859,-0.05880324540654454,560.0695629882813,-0.08152986785659867,522.9289044189453,-0.0162961710848065,480.66636474609373,0.07019588482974712,525.0516627910856,540.2483807389832,1,1,0,37.98803316410874,0,0,-15.196717947897582,-9.558643337747583,-5.638074610149999,0,616.0105556807539,477.08111302041783,546.5458343505859,0.25419541039117816,0.2686691301150839,17.65802070000785,0.03432693376637892,28.511571103331573,18.744145495235067,29.29525235211599,1,22.02492695192671,16.42985802693215,11372450.0,8414291.866666667,1.3515635278890332,0,1019938717.0,533.424686115614,36562709.77004916,0.1395776524388909,0.45658085179392055,0.371888311288925,1.2277364948940188,0.29731447160226065,0.8398872703144415,1.1613371672872765,0.8398872703144415,1.3767792884173173,0.01515882959603551,0.008792564287879676,0.0,0.0,1.0,1.0,0.0,3258.701416015625,0.012363484065123442,0.026616684031220306,0.2392918539802233,0.1302,0.23757441048878278
2024-02-23,517.9112181855535,518.0099002444388,510.3108320422163,511.6433410644531,6445580.0,0,1,-0.005372834299571472,0.013193949480051037,0.020775924744185437,-0.10613898132595845,-0.10944077726342571,-0.005387319882833798,0.4777777777777778,0.08888888888888889,544.1349349975586,-0.0597123835345203,559.3016290283203,-0.08521035071302115,523.3804852294921,-0.022425643477884935,481.2301676940918,0.06319880882799178,522.9888440639114,538.1294889112402,1,1,0,37.054655114878045,0,0,-15.140644847328758,-10.67504363966382,-4.465601207664939,0,614.9869432807154,473.2829267144018,544.1349349975586,0.2604207292203163,0.2707080242295016,16.946666950166037,0.03312203167720152,27.842001279563735,19.238363450911017,28.34459703815995,1,19.53820219402862,18.428088429841953,9916884.57142857,8547782.433333334,1.1601704475720185,0,1013493137.0,532.1294751480459,36528078.73674453,0.14164011898896728,0.45513831563990187,0.37201352647598274,1.2234456094952926,0.29702002571713154,0.8353746951807227,1.1550974951215083,0.8353746951807227,1.3693820814335693,0.015047724819802922,0.006811827075965312,0.0,1.0,1.0,1.0,1.0,3268.937744140625,0.003141229225448905,0.020609894639788573,0.2387518260525425,0.1251,0.22799413374167907
2024-02-26,512.6797804143629,513.0252278500869,497.4790088243267,498.5154113769531,7605543.0,0,1,-0.025658361272107744,-0.013188733015478404,-0.015880816133157283,-0.13651915902853717,-0.1211172217595805,-0.02599327839343723,0.3111111111111111,0.05555555555555555,541.0330932617187,-0.07858610205974614,558.0905041503906,-0.10674808535603324,523.7284243774415,-0.048141387457553336,481.72367279052736,0.034857615547840184,519.2237005736101,535.1951127975893,1,1,0,32.91744682527697,0,0,-15.9714122239792,-11.734317356526896,-4.237094867452305,0,614.2511784708013,467.81500805263613,541.0330932617187,0.2706602835241509,0.20965041107431653,16.846634955565623,0.03379360912641278,27.85016597206492,17.97026869619378,31.916870459355074,1,7.726472392741497,16.42986717956563,9102868.142857144,8675334.3,1.0492815409842065,0,1005887594.0,530.3438127923212,36332932.96677998,0.21151620801328527,0.45898013669523935,0.37571089707542177,1.2216311538153277,0.2989676160658557,0.8139403494541988,1.125459586287174,0.8139403494541988,1.3342459812685958,0.031185031938771812,0.002025706711541454,0.0,1.0,1.0,1.0,1.0,3323.3154296875,0.016634665387661007,0.041940710348779886,0.24163252638375016,0.0914,0.16617941822697777
2024-02-27,498.9596088336848,505.57293320559626,498.1699716502004,503.055908203125,6741206.0,0,1,0.009108037028645821,-0.02206667808093621,-0.011731603530182655,-0.1394680824850938,-0.12061082580812021,0.0090668090078588,0.32222222222222224,0.06666666666666667,538.091650390625,-0.06511110544470622,557.0007885742187,-0.09684884021291784,524.014672241211,-0.03999652137304731,482.2271319580078,0.04319287502663982,516.7363479012278,532.8144309757772,1,1,0,35.59581642993683,0,0,-16.078083074549454,-12.603070500131407,-3.475012574418047,0,612.4997012133149,463.68359956793506,538.091650390625,0.27656274082184235,0.26457021921600843,16.172086855553495,0.03214769291413132,27.857747472244593,17.382690104379172,30.87327616943723,1,11.811741201380059,13.025471929383412,8342102.571428572,8727136.0,0.9558808951102139,0,1012628800.0,528.0008066919269,36394332.12064571,0.21886523808010164,0.45912267754572034,0.37616632586499243,1.2205310416608137,0.29645164731098,0.8213537482961365,1.1357103138733218,0.8213537482961365,1.346398343071312,0.01471598173220672,0.0008910405708516631,1.0,1.0,1.0,1.0,1.0,3297.899169921875,-0.007647862594859056,0.02441365147232699,0.24034128015426914,0.0945,0.17273815847914048
2024-02-28,505.8690139125429,507.79379586822745,495.2581028890116,497.8738098144531,4406098.0,0,1,-0.010301237504956262,-0.026912362860724515,-0.015420661397778757,-0.16115085889036185,-0.0996876839052524,-0.010354662464183893,0.3,0.12222222222222222,534.3926376342773,-0.06833707137413186,556.1361224365235,-0.10476268357972074,524.217019958496,-0.050252489219309596,482.72135192871093,0.03138965746014884,513.8344189648009,530.2262368156792,1,1,0,33.9307142578773,0,0,-16.391817850878283,-13.360819970280783,-3.0309978805975,0,609.0886120008718,459.6966632676828,534.3926376342773,0.27955465366165544,0.25555022791056786,15.912344435815093,0.031960597489041016,28.008366042852433,16.40454535473751,30.443102352452954,1,7.61949946509501,9.052571019738874,8174317.0,8669071.433333334,0.9429287857254285,0,1008222702.0,526.2569451574321,36348943.858677596,0.22350373643239563,0.4509413404196006,0.37657874069816,1.1974689266408818,0.29623667407348725,0.812892788259352,1.1240110921932842,0.812892788259352,1.332528773963055,0.025178454323370916,0.005592033934093154,1.0,1.0,1.0,1.0,1.0,3214.710205078125,-0.02522483573860168,-0.012213117871620938,0.23742677694244535,0.036,0.06531778193085988
2024-02-29,499.9466395140882,501.4272317337745,492.5436784156565,497.3309326171875,16860796.0,0,1,-0.001090391152464787,-0.0023760123212519524,-0.01514853927605675,-0.14789440264231823,-0.09199861999061276,-0.0010909860613924128,0.3,0.14444444444444443,531.0662399291992,-0.06352372788093115,555.1016815185546,-0.10407237236847772,524.4090032958984,-0.051635403870882945,483.2258511352539,0.029189418258142044,511.29542106516806,527.7895476157909,1,1,0,33.752587309628936,0,0,-16.49412655062281,-13.987481286349189,-2.5066452642736206,0,606.1613830842934,455.97109677410504,531.0662399291992,0.2828089511587321,0.27538289498737545,15.41028792740816,0.030985983209031523,28.284525404137312,15.729065932879038,30.447735270518006,1,7.11237967742349,8.847873447966206,9842006.42857143,9104934.466666667,1.0809530221884842,0,991361906.0,523.301926087735,36330558.995895684,0.22355416589529384,0.450616034658634,0.3756392354734865,1.1995978910207306,0.29481420097209393,0.8120064171551316,1.1227854804430843,0.8120064171551316,1.3310757963775208,0.01786245884881642,0.00416336360494151,1.0,1.0,1.0,1.0,1.0,3281.021728515625,0.020627527586390526,0.01759270638143917,0.23478398077315318,0.0274,0.050179128448975
2024-03-01,503.4013703104574,515.7396391906157,503.4013703104574,512.3836059570312,9882296.0,0,1,0.030266915553853746,0.018542069781515957,0.014263358438534102,-0.10876478107767262,-0.0682104195270955,0.029817909984654778,0.4,0.15555555555555556,527.8878982543945,-0.02937042570711019,554.0879693603515,-0.07526668274617923,524.7890216064453,-0.02363886274038189,483.7600131225586,0.05916899300897986,511.4628341254547,526.6483667521791,1,1,0,42.73016688709602,0,0,-15.185532626724353,-14.227091554424224,-0.9584410723001291,0,600.3178932408389,455.4579032679501,527.8878982543945,0.2744143035896597,0.39297049999613465,15.62446068783816,0.03049367799083805,27.278862100476513,20.948395734589596,27.885345458347796,1,52.11911747770872,22.28366554007576,8667051.857142856,9285951.366666667,0.9333509852587162,0,1001244202.0,521.0439645591858,36629665.61440587,0.2958160248498753,0.460322657657617,0.3803269870880575,1.2103339318149358,0.2971200295160978,0.8365833468123532,1.1567687337647483,0.8365833468123532,1.3713633551022577,0.02408013983412446,0.012206032834765469,1.0,1.0,1.0,1.0,1.0,3314.3271484375,0.010150929398734299,0.029644435305859584,0.23489926586581292,0.0458,0.08588891431082135
2024-03-04,517.2202384876443,522.9945243038761,513.3213334194195,518.157958984375,5989974.0,0,1,0.011269589737474828,0.04074154689414433,0.007291487577133715,0.02911200828671845,-0.05770953323351202,0.011206561007605673,0.35555555555555557,0.16666666666666666,525.1759475708008,-0.01336311881548924,553.1897442626953,-0.06332688854348067,525.1991458129883,-0.0134066989345799,484.2919108581543,0.06992899812472772,512.4928533345194,526.0194476582677,1,1,0,45.766387033445056,0,0,-13.526594323748327,-14.086992108289046,0.5603977845407186,1,594.5877853434383,455.76410979816313,525.1759475708008,0.26433745906948625,0.44944674560113546,15.266350520624355,0.0294627347817786,25.789046636791564,23.30281190165073,26.500932243094923,1,66.5385224420411,41.92333986572445,8275927.571428572,9337224.2,0.8863370305950855,0,1007234176.0,519.785917502619,36697170.16392401,0.282670617370732,0.46196377993267873,0.38094318305504016,1.2126842019533721,0.298202544453731,0.8460112979121321,1.1698050428154154,0.8460112979121321,1.3868180574952673,0.01866842092596,0.009439475569440234,1.0,1.0,0.0,1.0,1.0,3312.729248046875,-0.00048211909056061764,0.016579558889844304,0.23498241559354632,0.0409,0.07699637628659332
2024-03-05,517.2202285551023,521.464580976979,513.4694068856635,515.3447875976562,5729926.0,0,1,-0.005429177218917447,0.036221062875923415,0.007234427258453913,0.028160653918928302,-0.03564844161347169,-0.0054439687631235405,0.34444444444444444,0.2,522.0765701293946,-0.012894243712315722,552.0496881103516,-0.06648840005387016,525.5717611694336,-0.019458757732762472,484.8430850219727,0.06291046220510962,512.931612451925,525.2287320982224,1,1,0,44.52782887882908,0,0,-12.297119646297347,-13.729017615890708,1.4318979695933614,0,587.0781981360037,457.07494212278533,522.0765701293946,0.2490118565960499,0.44821835438449475,14.746980775673727,0.028615756151175235,24.405646563369828,22.400399397186426,25.47467100316121,0,59.2307135443322,59.296117821360696,8173691.285714285,9265956.0,0.8821206668490855,0,1001504250.0,518.7148341174161,36666061.38021873,0.28272489759098274,0.4552020024603551,0.38058280748216583,1.1960655960048483,0.2894379051703829,0.8414181526465608,1.1634539639263872,0.8414181526465608,1.3792887764907307,0.015514223261257884,-0.0018097385421054783,1.0,1.0,1.0,1.0,1.0,3305.78857421875,-0.0020951527602858233,0.011273029027297321,0.23352605127143167,0.0187,0.0349379093237719
2024-03-06,515.2954545313386,521.0698005713331,507.30028031652057,520.132080078125,4637732.0,0,1,0.009289494326284453,0.015122408349933725,0.04336208712477774,0.026792645658841874,-0.06759267212021514,0.009246612337290823,0.7777777777777778,0.16666666666666666,518.8538162231446,0.00246363005342275,550.4970404052734,-0.055159170891806934,525.9853402709961,-0.011128181233825583,485.4534994506836,0.0714354323672238,514.0393767021096,524.851202318956,1,1,0,47.14903485925228,0,0,-10.811825616846363,-13.14557921608184,2.333753599235477,0,576.8161267943958,460.89150565189334,518.8538162231446,0.22342443578105345,0.5110266813243158,14.677162167040784,0.02821814444676483,23.54204330156578,20.89931730931869,26.769873983540105,0,71.66672037629067,65.81198545422134,7749718.285714285,9133232.766666668,0.8485186443510166,0,1006141982.0,515.7497159077379,36709143.56531956,0.21129994693863843,0.4369185313865282,0.3804785104433492,1.1483395760707031,0.28656007747807405,0.8492345018016039,1.1742618629231747,0.8492345018016039,1.3778171050844294,0.026473122466786306,-9.572827261462041e-05,1.0,0.0,1.0,1.0,1.0,3229.64013671875,-0.023034878302220507,-0.02818730119083479,0.2468280981591984,0.0007,0.0011852640137922862
2024-03-07,523.9322334475623,533.8521894980222,522.4023001678665,529.7559204101562,7909060.0,0,1,0.018502685568991817,0.022383061428823847,0.05307563587196795,0.04072137002462317,-0.053772972345970116,0.018333593469653436,0.8111111111111111,0.18888888888888888,515.665608215332,0.027324514123773836,548.965121459961,-0.0349916603057008,526.5454974365234,0.0060971425817193635,486.1098266601563,0.08978648724275502,516.4573065033476,525.214514770156,1,1,0,52.05385218193679,0,0,-8.757208266808448,-12.267905026227163,3.5106967594187157,0,562.2290935949302,469.1021228357338,515.665608215332,0.18059565981431205,0.6513021639161696,14.608801256530528,0.027576475681894908,21.969342255923866,25.747167759063753,24.97406026353131,0,90.08371645325505,73.66038345795933,7916554.571428572,9217968.433333334,0.8588177133262156,0,1014051042.0,511.98639766668356,36855482.41564585,0.22377777331039606,0.44072491936289826,0.38032586118326095,1.158808706806645,0.28681012237003606,0.8649476207627784,1.1959888609485008,0.8649476207627784,1.3994933545647765,0.021613518394076155,0.007306131490421717,0.0,0.0,0.0,1.0,1.0,3222.250244140625,-0.0022881473679086106,-0.022938519913282218,0.24657239245137752,-0.0063,-0.010769582762868216
2024-03-08,523.9322334475623,533.8521894980222,522.4023001678665,529.7559204101562,7909060.0,0,1,0.0,0.027964060487890574,0.06403652886980526,0.047628381843236145,-0.053772972345970116,0.0,0.8888888888888888,0.19444444444444445,512.9709335327149,0.03272112663742363,547.4223455810547,-0.032272020522192385,527.1865939331054,0.004873656702614944,486.6955465698242,0.0884749699145939,518.5032471043951,525.5509151879338,1,1,0,52.053852181936776,0,0,-7.047668083538724,-11.223857637689477,4.176189554150753,0,547.7037935031129,478.2380735623168,512.9709335327149,0.13541843289716518,0.7416297836076097,14.383164690360895,0.027150550161336426,20.50897699925638,24.28314353474764,23.55399614046017,0,90.08371645325505,83.94471776093361,8416977.714285715,9302704.1,0.9047882877716937,0,1014051042.0,510.9291780247618,36855482.41564585,0.19622455079152779,0.44072491936289826,0.3764726476522796,1.1706691631153077,0.28705994945932517,0.8649476207627784,1.1959888609485008,0.8649476207627784,1.3994933545647765,0.021613518394076155,-0.010993151257441353,0.0,0.0,0.0,1.0,1.0,3222.250244140625,0.0,0.0023454801775255607,0.24657239245137752,-0.0063,-0.010769582762868216
2024-03-11,533.0132142196701,536.2211641200662,525.2154042097565,526.7947387695312,5527908.0,0,1,-0.005589709386036423,0.012809551547763531,0.05924386403494242,0.04319786675768689,-0.06022187505171994,-0.005605390273248934,0.8666666666666667,0.17777777777777778,510.5649703979492,0.03178786111967709,545.9081927490234,-0.03501221310353083,527.9466311645508,-0.0021818349185763358,487.27160873413084,0.0811110873832285,519.7788612067237,525.6430502680521,1,1,0,50.38522571245386,0,0,-5.864189061328375,-10.151923922417257,4.287734861088882,0,530.923057747101,490.20688304879735,510.5649703979492,0.07974729379998056,0.8986073960002502,14.141921491785812,0.026845221584441064,19.334410835667633,24.129815282873764,22.244668981483944,0,78.41811359214013,86.19518216621678,6797993.714285715,9316093.966666667,0.7297042879353934,0,1008523134.0,509.92130559181226,36824583.01641311,0.20739806005113476,0.44075588066765303,0.37494224003897264,1.1755300779710482,0.2877034521311734,0.8601128149285708,1.1893036307868619,0.8601128149285708,1.3911300684059775,0.02089193209487362,0.006148669007779894,0.0,0.0,0.0,1.0,1.0,3203.075927734375,-0.005950598170057386,-0.0237565634216369,0.1837314662364179,-0.0226,-0.05162860355633778
2024-03-12,526.2024703178432,529.9039510045062,518.5034025386748,522.106201171875,3703670.0,0,1,-0.008900122291668255,-0.014440082580594038,0.0189752269623924,0.033509235864543685,-0.07079487981646593,-0.008939964959319702,0.4222222222222222,0.15555555555555556,511.49527740478516,0.02074491053158368,544.1699774169922,-0.0405457433536616,528.6597830200195,-0.012396596182721816,487.8445770263672,0.07023061392697626,520.1369135090547,525.381061446113,1,1,0,47.77394023035006,0,0,-5.244147937058301,-9.170368725345467,3.926220788287166,0,532.1916961816133,490.79885862795703,511.49527740478516,0.08092516076331044,0.7563468559828784,13.94610913278907,0.02671124974475849,18.205504418215963,22.720855335772907,24.383507933943118,0,67.68366420238762,78.7284980825943,5915332.857142857,9173922.466666667,0.6447986538621997,0,1004819464.0,510.50738905195743,36791619.90048513,0.16365762716893364,0.4409842095421088,0.375280894336172,1.1750776983255657,0.2855684423690544,0.8524577056910756,1.1787186830309337,0.8524577056910756,1.3672414116567528,0.02183568867836225,-0.0011242869529627954,1.0,1.0,1.0,1.0,1.0,3118.338623046875,-0.026454978464227952,-0.059133729596675844,0.19950023642454068,-0.0042,-0.00892772620606006
2024-03-13,522.5009861961742,523.142600275826,494.7152408382303,500.440185546875,5712435.0,0,1,-0.04149733440508907,-0.055338192049999124,-0.03419376877319036,-0.027151604636281745,-0.12488130061967562,-0.04238293549361635,0.17777777777777778,0.044444444444444446,511.45579528808594,-0.021537755252154712,542.4712445068359,-0.07748071328310055,529.1118569946289,-0.054188298879956694,488.274647064209,0.024915359738238125,517.1066476687193,523.5335891572805,1,1,0,37.97865550781491,0,0,-6.4269414885611695,-8.621683277988609,2.1947417894274395,0,532.2375065731281,490.67408400304373,511.45579528808594,0.08126493619389556,0.2349686560909085,14.980484154560974,0.02993461473960266,18.658477458981203,19.64116314284267,32.42090516292179,0,18.079124756994172,54.726967517173996,5875684.428571428,9176185.466666667,0.6403188394475449,0,999107029.0,511.15411617667746,36554569.075022794,0.3030040609522388,0.45143776236005406,0.38020647833112386,1.187348948764872,0.29934319979581603,0.8170829832118179,1.129804999671673,0.8170829832118179,1.308823925286448,0.056804709650826006,0.0007561393130613135,1.0,1.0,1.0,1.0,1.0,2902.3271484375,-0.06927133346355885,-0.12388639966617876,0.27861936047580216,0.1606,0.24828619664283016
2024-03-14,505.375535459305,519.5398452162799,500.4402274958353,518.4541015625,10349338.0,0,1,0.03599614206828661,-0.01583280278484367,0.006033463497978175,0.013311539409224693,-0.08052508566544536,0.03536341995804746,0.34444444444444444,0.16666666666666666,512.0505004882813,0.012505799853944835,541.183129272461,-0.041998773576916046,529.788981628418,-0.021395084569478726,488.8161158752441,0.06063217787774431,517.3139482677625,523.1573308169263,1,1,0,47.598788862077896,0,0,-5.8433825491638345,-8.066023132223656,2.222640583059821,0,532.922852931747,491.17814804481554,512.0505004882813,0.081524585655369,0.6533991219141049,15.274710977049827,0.02946203131774906,19.079095282548924,17.886911892883557,29.5252307574278,0,59.322148995008625,48.36164598479684,6535600.428571428,9404169.966666667,0.6949683440151592,0,1009456367.0,511.65439106854086,36927105.31598351,0.38747455887616394,0.4648152240096861,0.386252740245803,1.2033965732227236,0.30438320940400343,0.84649481835709,1.170473620949315,0.84649481835709,1.3559365372434315,0.03683955370954303,0.009862017589648046,1.0,1.0,1.0,1.0,1.0,3083.33544921875,0.062366608422726566,-0.06729200007976066,0.3358677196993277,0.2779,0.36796276123851296
2024-03-15,515.246119817785,527.1401992319207,510.80434292280415,525.6596069335938,8467660.0,0,1,0.013898058380439116,0.006805906066128076,0.010627160037193883,0.05445006300139332,-0.08731798619215092,0.013802365973517099,0.3888888888888889,0.16666666666666666,512.8820999145507,0.024913146746926487,540.1082196044922,-0.026751328986399828,530.5430966186524,-0.009204699328259895,489.4093029785156,0.07406950324495465,518.5978957548135,523.3426846033461,1,1,0,50.88074436410477,0,0,-4.7447888485326075,-7.401776275485447,2.6569874269528393,0,534.5572154963203,491.20698433278125,512.8820999145507,0.08452280001731674,0.7947506086147443,15.350507072197454,0.029202371401036094,18.805135467916244,20.06384034811656,27.280912494480646,0,75.81921894967013,51.07349756722434,7082733.0,9448230.033333333,0.749635960916715,0,1017924027.0,512.3909577288606,37044789.34900922,0.39254729832076546,0.46197412325435394,0.38365150043591956,1.204150440515523,0.30558563404488276,0.8582594527613561,1.1867409316660325,0.8582594527613561,1.374781422398211,0.031076871978828483,-0.00618759063733291,0.0,1.0,1.0,1.0,1.0,3128.02587890625,0.014494183465773691,-0.03146302792599609,0.3386449515459349,0.2894,0.3775552331129406
2024-03-18,525.1167492227972,528.6208057070535,520.1814414293499,524.2777709960938,4282437.0,0,1,-0.0026287656865264797,0.04763323597438385,-0.010340893235928572,0.04218589315205845,-0.08406613584424738,-0.002632226958289459,0.3111111111111111,0.17777777777777778,513.8124084472656,0.020368061138216403,539.1902532958984,-0.027657180760685848,531.2784579467774,-0.013177057804562747,489.9870001220703,0.06998302172400615,519.4717227150105,523.4119502620682,1,1,0,50.23100385934785,0,0,-3.9402275470577024,-6.709466529799899,2.7692389827421966,0,535.7796618487976,491.8451550457337,513.8124084472656,0.08550690111948323,0.7382037107128354,14.856854015447892,0.028337753071660532,18.423734309304855,19.961600812401464,26.1739988671326,0,72.65549302723113,69.26562032397,6564644.0,9430940.666666666,0.6960752094647894,0,1013641590.0,512.8939606647174,37033531.825568914,0.3745524007836163,0.46187883324324797,0.3836558482312823,1.2038884207619582,0.30365209349929734,0.8560032897618001,1.1836212678260725,0.8560032897618001,1.3558666275596976,0.016097123976226084,-0.0010327171873890815,1.0,1.0,1.0,1.0,1.0,3107.603271484375,-0.006528912551393651,-0.03557978554419394,0.33879115639598645,0.2905,0.37869032262880997
2024-03-19,525.1167467010823,532.7664737441902,522.4023274277214,526.7454223632812,7119131.0,0,1,0.00470676329171682,0.01599239117945661,-0.005682802080898219,0.05798981986939222,-0.08762182692845433,0.0046957211164220325,0.32222222222222224,0.16666666666666666,514.9006469726562,0.02300400176279845,538.355200805664,-0.02156527590893226,532.0103646850586,-0.009896315318770287,490.55448028564456,0.07377558157569593,520.5907534301291,523.6588741214174,1,1,0,51.42394959204373,0,0,-3.0681206912883,-5.981197362097579,2.9130766708092795,0,537.1799208776066,492.6213730677058,514.9006469726562,0.08653814686752002,0.7658249869622807,14.535946322663671,0.027595771516052484,17.70926773942061,20.982134163569828,24.840992362703254,0,78.30520323236404,75.59330506975512,6451797.0,9531592.6,0.6768855185858448,0,1020760721.0,513.8156825652546,37067039.89002864,0.3763894562210617,0.46117341905723935,0.38212172891751645,1.206875673790293,0.3004579146997207,0.8600322946236397,1.1891922929607714,0.8600322946236397,1.3622483708307593,0.019675816583216453,0.0016002503852005222,1.0,1.0,1.0,1.0,1.0,3048.6318359375,-0.01897650066467682,-0.053881106384842226,0.34156460546778233,0.2742,0.354010520288778
2024-03-20,526.1037765367366,528.5714302728376,509.6691785561228,521.0203857421875,5005234.0,0,1,-0.01086869743529606,-0.008825523457031248,-0.010961295932513049,0.04763317857655669,-0.10873788718918476,-0.010928193214412886,0.3111111111111111,0.13333333333333333,515.6927627563476,0.010331002043472617,537.3247088623046,-0.03034352013075823,532.653434753418,-0.02183980849877702,491.07543838500976,0.060978303976385186,520.6568507089073,523.4634305377707,1,1,0,48.5182792083631,0,0,-2.8065798288633914,-5.346273855450742,2.539694026587351,0,537.640607488698,493.7449180239972,515.6927627563476,0.08511984777540987,0.621370071886538,14.847825279381608,0.0284975898941671,17.884423308831227,19.07416075403996,28.707668273163243,0,63.376845577770936,71.44584727912206,6377129.285714285,9384595.533333333,0.6795316072028071,0,1015755487.0,514.1006726698827,37012639.51608978,0.38056697587524424,0.45930471675291973,0.3709583399523191,1.2381571386478498,0.30274963723077924,0.8506848638287919,1.176267321736195,0.8506848638287919,1.3474425054564747,0.03627929392779657,-0.001218132705673697,1.0,1.0,1.0,1.0,1.0,3047.38330078125,-0.00040953949950017776,-0.04860722332712564,0.34038829473836674,0.267,0.34448003745691014
2024-03-21,531.4339341536013,538.6888120593343,527.3376048423258,532.7171020507812,8795679.0,0,1,0.022449632737367775,0.016097060607115354,0.020323261541598026,0.039684127004358416,-0.10244468638297743,0.022201348784998867,0.5333333333333333,0.14444444444444443,516.6082595825195,0.031181929768756677,536.5893475341796,-0.007216403943150835,533.2999600219727,-0.001092927085851248,491.66468658447263,0.08349677450193572,522.5122739922725,524.1488876868826,1,1,0,54.21091330448575,0,0,-1.636613694610105,-4.604341823282615,2.96772812867251,0,539.8213464054403,493.3951727595988,516.6082595825195,0.08986726941485479,0.8469776034343639,15.049296782079121,0.028250072550973872,17.198607656809262,22.27662541105482,26.300250035021094,0,86.41977478125074,76.0339411971286,7104559.142857143,9282959.566666666,0.7653334146114625,0,1024551166.0,515.3569433311371,37210099.27931556,0.40059502001036357,0.46227738269907476,0.37282325275597106,1.2399370996359373,0.2987706059274546,0.8697824265969859,1.2026740911101395,0.8697824265969859,1.3776920948386913,0.021308133666649926,0.019986834865549082,1.0,1.0,1.0,1.0,1.0,3062.41357421875,0.004932189998431369,-0.0179342449901998,0.3368651746960749,0.2964,0.38916155351658854
2024-03-22,532.7171304409143,543.5254664596005,530.3974996517642,540.6629638671875,5518261.0,0,1,0.014915725036454441,0.02642176070835922,0.08037479699268668,0.04343271099593626,-0.07365114940509354,0.014805579525874647,0.9333333333333333,0.23333333333333334,518.0592407226562,0.0436315412750879,535.9122235107421,0.008864773274480342,534.0160733032227,0.012446985954654204,492.274541015625,0.09829560300179453,525.3046878191825,525.3721525891275,1,1,1,57.63780518644175,0,0,-0.06746476994499062,-3.6969664126150907,3.6295016426701,0,543.4877643101196,492.6307171351928,518.0592407226562,0.09816840078749443,0.9444560665660362,14.912058926776062,0.027581062368531632,16.187211602192274,23.192560254596287,24.6464168559575,0,94.13544486637304,81.31068840846493,7076820.0,9296723.333333334,0.761216586345655,0,1030069427.0,516.3358052822122,37292408.14307095,0.2465916117722243,0.4635185693998565,0.3743964006996064,1.2380422689259678,0.2920753921596167,0.8827558621136466,1.220612847161606,0.8827558621136466,1.38593919169224,0.02428123930282959,5.329307603533137e-08,1.0,1.0,1.0,1.0,1.0,3103.558349609375,0.013435407855100445,0.06933443091700053,0.33637407538324005,0.3235,0.4263761248298816
2024-03-25,532.7171304409143,543.5254664596005,530.3974996517642,540.6629638671875,5518261.0,0,1,0.0,0.03770021032290205,0.042836699020714075,0.04912861617860753,-0.0595759322444519,0.0,0.7555555555555555,0.28888888888888886,520.166618347168,0.03940342343602665,535.3811846923828,0.009865455353720484,534.6655596923828,0.011217113326422794,492.8883183288574,0.09692793227543006,527.6674995188756,526.5048052763913,1,1,1,57.63780518644176,0,0,1.1626942424843492,-2.7250342815952027,3.887728524079552,0,545.7607905114724,494.5724461828636,520.166618347168,0.09840759195824596,0.9004104017985259,14.784623775423222,0.02734536072098149,15.248058122905071,21.721576588264647,23.083222614755545,0,94.13544486637304,91.56355483799898,6386666.142857143,9327485.266666668,0.6847146857128754,0,1030069427.0,517.9207896803068,37292408.14307095,0.18326620547180797,0.46203446836492135,0.3742499981767282,1.2345610437297574,0.2879195111205703,0.8827558621136466,1.220612847161606,0.8827558621136466,1.38593919169224,0.02428123930282959,-0.014696463337231841,1.0,1.0,1.0,1.0,1.0,3103.558349609375,0.0,0.00655877400421967,0.3340327372406488,0.3167,0.4187777831427765
2024-03-26,538.5901364196892,553.7415064828477,537.9485223407345,551.4219360351562,7198061.0,0,1,0.0198995915884701,0.035112133461395745,0.0490095277661633,0.06015751989827556,0.09517749591028135,0.01970418283153545,0.8,0.6333333333333333,522.5849197387695,0.05518149339403413,534.9685931396484,0.030755717450524883,535.39697265625,0.029930993631514292,493.5421611022949,0.11727422598221506,531.322028213688,528.3505186659295,1,1,1,62.09291077617693,0,0,2.971509547758501,-1.5857255157244619,4.557235063482963,0,550.4140891437681,494.7557503337709,522.5849197387695,0.1065058265321162,1.018107742935495,14.856649515901081,0.026942434721990975,14.722367303182496,24.98397091689895,21.330505911256537,0,96.07027410194463,94.78038794489693,6205294.857142857,8030749.866666666,0.7726918357772855,0,1037267488.0,520.1973677263294,37435646.617199846,0.19675467261768262,0.2503511915339678,0.37597826225046815,0.6658661328861335,0.25280463331155706,0.900322343242036,1.2449025443077615,0.900322343242036,1.4135188155733698,0.028640471316154464,-0.0038338624726059153,1.0,1.0,1.0,1.0,1.0,3105.805419921875,0.0007240303095261691,-0.007103668525960116,0.33391647734354796,0.6034,0.45223805062421063
2024-03-27,556.9001163336676,557.3443060625316,549.595837056993,550.4348754882812,5320703.0,0,1,-0.0017900277126662312,0.018073943055389563,0.04989169089219758,0.039034873007392834,0.09816863416819199,-0.0017916317267111543,0.8111111111111111,0.6444444444444445,525.2129730224609,0.048022238142129275,534.9172662353516,0.029009363190198978,536.0839678955078,0.026769887652321387,494.2302951049805,0.11372143905375577,534.2624662559331,529.9863969490667,1,1,1,61.45436799731347,0,0,4.276069306866361,-0.4133665512062974,4.689435858072659,0,553.1435089689924,497.28243707592947,525.2129730224609,0.10635889584295166,0.9515112512359885,14.348922336589474,0.026068337918924184,14.48896538525233,25.81376162359222,20.50775241675905,0,88.96769327547085,93.05780408126287,6353618.571428572,7653622.033333333,0.8301453277620793,0,1031946785.0,522.030564861618,37426122.41137898,0.19511366860114004,0.2497605707961493,0.36757537108085225,0.679481245062014,0.24960313860111266,0.8987107412973001,1.242674134253882,0.8987107412973001,1.4109885777211184,0.014076995028094945,0.009934643401930392,1.0,1.0,1.0,1.0,1.0,3117.939453125,0.003906887767434641,0.003326094336259189,0.33296945501902364,0.612,0.4588787200874501
2024-03-28,553.7415168486446,559.3184385764072,548.1152540936049,553.001220703125,8326754.0,0,1,0.0046623957331322075,0.02282060666350416,0.04984532798034613,0.04387926476587811,0.09167961025023375,0.004651560432067392,0.8,0.6111111111111112,527.9964874267578,0.04735776443936253,535.0228814697266,0.03360293523150126,536.8321606445312,0.030119395304448432,494.935673828125,0.11731938097306008,537.1453515555011,531.6911987086265,1,1,1,62.533192093526814,0,0,5.4541528468745355,0.7601373284098693,4.694015518464666,0,555.31667454548,500.67630030803554,527.9964874267578,0.1034862457205723,0.9576237557910374,14.124226775604676,0.025541040863609907,14.413507484909838,25.349599262530877,19.34585754278158,0,90.22150900504256,91.75315879415272,6526136.142857143,7487725.233333333,0.8715779411622298,0,1040273539.0,527.1635823689861,37464945.03369942,0.19513532671980657,0.24881190524138952,0.36769221669617463,0.6766852654022417,0.24934802420964083,0.9029008864228447,1.2484679728351011,0.9029008864228447,1.4175671648453836,0.02025887839552641,0.0060073253124269,1.0,1.0,1.0,1.0,1.0,3192.839599609375,0.02402232230946799,0.047302452848501764,0.34034592695410426,0.6078,0.4441869473989665
2024-03-29,553.7415168486446,559.3184385764072,548.1152540936049,553.001220703125,8326754.0,0,1,0.0,0.002864022202896388,0.061381158657316526,0.04974704568008015,0.08638745856744112,0.0,0.8777777777777778,0.6,530.0273681640625,0.04334465334995918,535.0850665283203,0.033482814781294994,537.6114459228515,0.02862620373317335,495.69768539428713,0.11560178108004997,539.5847160397509,533.2697188563671,1,1,1,62.533192093526814,0,0,6.314997183383753,1.871109299404646,4.443887883979107,0,558.4762144157991,501.5785219123259,530.0273681640625,0.10734859352745962,0.9037747670990373,13.915580897547363,0.025163743544461086,14.343439434591811,23.89184872687413,18.23335734490218,0,90.22150900504256,89.8035704285187,7000639.0,7363064.866666666,0.9507778522626624,0,1040273539.0,530.084901871712,37464945.03369942,0.16114104096483858,0.24888201720059927,0.3675440205160129,0.6771488673688166,0.2499821111604257,0.9029008864228447,1.2484679728351011,0.9029008864228447,1.4175671648453836,0.02025887839552641,0.001338688085675988,1.0,1.0,1.0,1.0,1.0,3192.839599609375,0.0,0.047731540299126296,0.33925722794072266,0.6078,0.445737771615905
2024-04-01,562.6250743081054,566.5733204436009,556.8013871600675,561.2431640625,6192790.0,0,1,0.014904023808294031,0.019635907998436508,0.05354823770797479,0.07495977408960375,0.10989654883355282,0.014794050198536888,0.8222222222222222,0.6555555555555556,532.1816284179688,0.0546083030542096,535.3120904541015,0.04844103854706764,538.4119525146484,0.04240472642038982,496.4705062866211,0.13046627534906272,542.9167849663277,535.3418259086733,1,1,1,66.0702343189107,0,0,7.574959057654382,3.0118792510545935,4.563079806599789,0,563.2505716062632,501.11268522967447,532.1816284179688,0.11676067541321887,0.9676943059891477,13.891046529185115,0.024750495718533525,14.81587339348941,25.95497433171658,16.960878167300642,0,92.58238404035707,91.00846735014743,6628797.714285715,7383471.3,0.8977887832090191,0,1046466329.0,532.1087018979786,37557242.52329919,0.1393658559446772,0.2496066703431858,0.36750421634143515,0.6791940316442113,0.2506651542004554,0.9163577427306205,1.267075169226128,0.9163577427306205,1.438694619620095,0.01741122905230641,0.017402951828467763,1.0,1.0,1.0,1.0,1.0,3247.76611328125,0.0172030294533414,0.06052498611647672,0.34150453498680244,0.6334,0.46275705650561116
2024-04-02,563.6121459530925,564.8953139210573,554.2844022415552,563.8095703125,4626877.0,0,1,0.004572717164915252,0.019544892858703866,0.04281152583441683,0.1266272905249919,0.11649737121783565,0.004562294056319901,0.7,0.6666666666666666,534.604867553711,0.0546285762275722,535.9003790283203,0.05207906614058349,539.2381231689453,0.04556696955911693,497.2412042236328,0.13387540196473396,546.1310596349696,537.4505477163641,1,1,1,67.1113989663254,0,0,8.680511918605475,4.14560578456477,4.534906134040705,0,567.6422692865589,501.5674658208631,534.604867553711,0.1235955889590873,0.9419945459838,13.656751182779187,0.024222276282415224,14.982787564896118,24.514525383523367,17.336035953738044,0,95.82092715173053,92.87494006571008,6501457.142857143,7364801.533333333,0.8827742490318761,0,1051093206.0,533.8075363414803,37578399.92317704,0.12989542677482543,0.24919824258760914,0.36759218840883884,0.6779203977818183,0.2510694542082504,0.920547987510008,1.2728691456016863,0.920547987510008,1.4452733632023032,0.01882002760900434,0.004220954556390307,0.0,1.0,1.0,1.0,1.0,3264.393798828125,0.005119729982672849,0.051822917793375334,0.34059908314241066,0.6316,0.4618619496946785
2024-04-03,562.8224908556216,576.5426098388486,559.811965268164,569.1396484375,7514291.0,0,1,0.009453685083858687,0.02918334920464627,0.05266993760147343,0.0977628428866617,0.12661194568577683,0.00940927865325505,0.8,0.7222222222222222,537.0552459716797,0.059741344501292114,536.1264154052734,0.06157732968123002,539.940910949707,0.05407765349070337,498.0265394592285,0.1427897980205797,549.6708425276665,539.7978885105223,1,1,1,69.22366359766818,0,0,9.872954017144252,5.291075431080667,4.581878586063585,0,572.7368334792194,501.37365846414,537.0552459716797,0.13287864805410082,0.9495932595353375,13.876314996201003,0.02438121300158344,15.939716897173884,28.39876874030466,15.843034307788464,0,88.92989149898621,92.44440089702464,6786604.285714285,7011711.966666667,0.9678954751674723,0,1058607497.0,536.3763472747886,37649437.663919516,0.1238013319439957,0.2495365624320593,0.3678173474195151,0.6784252134455466,0.23876443960316737,0.9292505582885073,1.2849024496571648,0.9292505582885073,1.458936522438107,0.029396378580575866,-0.001750732000400953,1.0,1.0,1.0,1.0,1.0,3229.140869140625,-0.010799227011200507,0.040464043328541255,0.3421602218348032,0.6208,0.452478135924783
2024-04-04,582.3663459490615,582.3663459490615,561.5887112486148,570.2748413085938,7246259.0,0,1,0.001994577032561784,0.01609227127279178,0.03418961786140384,0.08487476265346028,0.10860594393932543,0.001992590504875444,0.6333333333333333,0.6222222222222222,539.0811920166016,0.05786447339277893,536.3346856689453,0.06328167196070202,540.665908203125,0.05476382486159056,498.8175506591797,0.14325336098335825,552.8406884939631,542.0554405696387,1,1,1,69.6704395677735,0,0,10.78524792432438,6.38990992972941,4.39533799459497,0,577.5129681418838,500.64941589131934,539.0811920166016,0.14258251519225207,0.905831481614397,14.369266403647124,0.02519708982895751,17.176207261157632,28.36056402719717,14.206700750225625,0,83.36729603904452,89.37270489658711,6793489.714285715,6962325.8,0.9757500452342686,0,1065853756.0,538.7493900082349,37663890.88569291,0.09063221154492976,0.24595201726580548,0.36767691287007487,0.6689351674161738,0.2455667726210127,0.9311040201095648,1.2874652865723335,0.9311040201095648,1.4618464837177276,0.036434422835082185,0.023239810383749754,1.0,1.0,1.0,1.0,1.0,3206.521240234375,-0.0070048442675311184,0.03242824539698086,0.3408442613069159,0.6152,0.44359894754394963
2024-04-05,565.0926900856227,567.5603437541189,560.2560647971899,562.6743774414062,4884617.0,0,1,-0.013327720805194399,-0.0020134331357031243,0.02223605824806718,0.07323714368503831,0.09973947138798911,-0.013417331975205634,0.5444444444444444,0.6,540.7271148681641,0.040588426157606605,536.3909466552734,0.04900051156721819,541.3795535278321,0.03933437045194843,499.5668821716309,0.1263244172540929,554.3535637166466,543.5827692268066,1,1,1,63.06892698667929,0,0,10.77079448984,7.2660868417515285,3.5047076480884716,0,580.2805515914856,501.17367814484265,540.7271148681641,0.1462972195613497,0.7774381241099787,14.05851712562975,0.024985173822125437,18.167490921005367,26.91691373633113,14.160622355402408,0,72.91233040591896,81.7365059813166,6731191.714285715,6910293.7,0.97408185621484,0,1060969139.0,540.2967837428415,37598790.0740766,0.13971218085690948,0.24953054389240534,0.3682304439217515,0.6776477828254479,0.24521831997066465,0.9186945256889505,1.2703063086865176,0.9186945256889505,1.4423634019226825,0.012981360534209925,-0.009087111770667768,1.0,1.0,1.0,1.0,1.0,3220.502685546875,0.004360315826717587,0.03289455551135845,0.34096992964920403,0.6013,0.43970332756965275
2024-04-08,564.5992137173342,572.1995997972358,563.1186213736698,569.3370971679688,3276169.0,0,1,0.011841164257130776,0.0003469249260894536,0.029540398562001746,0.08085817739734091,0.1420651883066133,0.011771606231882089,0.6,0.7888888888888889,542.8542327880859,0.04878448537440239,536.5666436767578,0.06107433974399777,542.164267578125,0.05011918198007807,500.32648178100584,0.13793116674797365,556.6587227091577,545.4904972224483,1,1,1,66.10124523280984,0,0,11.168225486709389,8.046514570743101,3.121710915966288,0,583.803959512986,501.9045060631859,542.8542327880859,0.15086822300190333,0.8233582553284723,13.734710356358308,0.024124039035359437,19.374584240045944,27.996223073538843,13.459151030288949,0,82.07736388040021,79.4523301084546,6009679.571428572,6765981.233333333,0.8882199586692969,0,1064245308.0,541.487303346361,37637583.72933972,0.149155932489965,0.2347453450368078,0.36812519012682426,0.6376780272926575,0.24091204467549457,0.9295729384697602,1.2853482143445443,0.9295729384697602,1.4594426638833229,0.015950090849054317,0.0034208706724493223,1.0,1.0,1.0,1.0,1.0,3220.2529296875,-7.755182459434629e-05,0.00858587762488261,0.33718809246673853,0.702,0.488759064913753
2024-04-09,570.6202292464646,587.7457824245781,566.5733011932654,580.984375,7829711.0,0,1,0.020457612704262385,0.018779600493739723,0.05060233729917485,0.11508952605068323,0.1549101511902109,0.020251166593526902,0.7888888888888889,0.8444444444444444,545.7981414794922,0.0644674850396681,536.9486358642578,0.08201108298722748,542.9711898803711,0.07000958030204898,501.1435823059082,0.15931720072463262,560.4011307539026,548.1196733541188,1,1,1,70.6396357783502,1,0,12.28145739978379,8.893503136551239,3.387954263232551,0,588.8776897496056,502.71859320937887,545.7981414794922,0.1578589042217617,0.9083867511781503,14.265979704569341,0.024554842296007257,21.300506763363234,32.81221976677682,12.032361921416763,0,88.80713225395397,81.26560884675774,5938673.428571428,6802264.733333333,0.8730435614288835,0,1072075019.0,544.1934414168301,37797760.92456402,0.17302225604326957,0.2388677847748901,0.37005916739222255,0.6454853867238916,0.24790592123911617,0.9485897816253376,1.31164337030372,0.9485897816253376,1.4892993766651248,0.036442427959121546,0.002253729969254647,1.0,1.0,1.0,1.0,1.0,3194.1875,-0.00809421814268152,0.00042216351575885547,0.33726898902772473,0.6805,0.4820837591621379
2024-04-10,588.486089221699,597.0735364794474,583.4026983045993,595.2474365234375,11748104.0,0,1,0.024549819473953072,0.05788971452751679,0.060587414935802775,0.11738000194087173,0.19557892941842714,0.024253315600360106,0.8666666666666667,0.9444444444444444,550.5385040283203,0.08120945613790773,537.4165032958985,0.10760915020820949,543.9858889770508,0.0942332302824666,502.05308227539064,0.1856264955603381,565.7621008722926,551.6106187740684,1,1,1,75.04557663625138,1,0,14.151482098224278,9.945098928885848,4.20638316933843,0,593.4674377090158,507.6095703476248,550.5385040283203,0.15595252054699954,1.0207319243899844,14.396206974203487,0.02418524816887077,23.47540776132431,34.820954745598456,11.071838012585765,0,97.26123500601986,89.3819103801247,6732289.714285715,7046998.266666667,0.9553414744161965,0,1083823123.0,549.8508811290341,38086174.75692525,0.19826649398755944,0.2408384997193866,0.36631684097850614,0.6574595344185061,0.24736568832182387,0.9718774895190763,1.3438439782588838,0.9718774895190763,1.5258614075049246,0.022966647709888634,0.01291207568482197,1.0,1.0,1.0,1.0,1.0,3237.6796875,0.013616040855460199,-0.003105650292982376,0.3316106987017292,0.6718,0.48821171588459406
2024-04-11,588.486089221699,597.0735364794474,583.4026983045993,595.2474365234375,11748104.0,0,1,0.0,0.04550966287697311,0.05575972432236753,0.10095840903513142,0.1968840011438011,0.0,0.8333333333333334,0.9444444444444444,554.3781707763671,0.07372091453355002,538.0442742919922,0.10631683109483586,544.9838079833985,0.09222958151000728,502.93855606079103,0.18353908116658477,570.2983063570841,554.842975644392,1,1,1,75.04557663625138,1,0,15.455330712692103,11.0471452856471,4.408185427045003,0,598.9305937044205,509.82574784831377,554.3781707763671,0.16072935507421182,0.9586649059813104,14.344394917106674,0.024098205278943477,25.49495868800245,32.450533405955866,10.318127458528748,1,97.26123500601986,94.44320075533126,7749607.857142857,6876575.2,1.1269574798139133,0,1083823123.0,556.1657460448055,38086174.75692525,0.20379135119178124,0.24058178929161583,0.36563324595871033,0.6579866353804815,0.24869087785710872,0.9718774895190763,1.3438439782588838,0.9718774895190763,1.5258614075049246,0.022966647709888634,-0.01135888520785303,1.0,1.0,1.0,1.0,1.0,3237.6796875,0.0,-0.008183483052110585,0.32604634814819156,0.7004,0.5171352015203274
2024-04-12,601.1698228822455,601.1698228822455,587.5977266170688,590.9044189453125,15994496.0,0,1,-0.007296155030067086,0.01707454515504403,0.0382415292407845,0.09292564580115514,0.15324614619864718,-0.007322902149343245,0.6111111111111112,0.8111111111111111,557.6404113769531,0.059651357558937045,538.3433538818359,0.09763483599170336,545.8805538940429,0.08247933495723837,503.82045684814454,0.1728472135529339,573.4684775245039,557.5141936666824,1,1,1,71.26877053031622,1,0,15.954283857821451,12.02857300008197,3.9257108577394817,0,602.8881015605043,512.3927211934019,557.6404113769531,0.1622826798790402,0.8675768578840272,14.289230727683105,0.02418196626992149,27.538625753567246,32.29660568059905,9.618106673583878,1,83.7627447568992,92.761738256313,8961065.714285715,7080315.2,1.2656309021787213,1,1067828627.0,562.2337321406616,37969476.43448146,0.22199031136215555,0.2325658525107207,0.3660251589971017,0.6353821500902954,0.24829525388619347,0.9647865206853127,1.334039084257285,0.9647865206853127,1.5147284861213723,0.02296834450722356,0.00994945294245685,1.0,1.0,1.0,1.0,1.0,3205.6220703125,-0.009901417151075065,-0.007283299113049924,0.3256737254042128,0.7094,0.5063315497919766
2024-04-15,607.0428736351142,617.3083381980213,597.8632129609431,604.7726440429688,27067692.0,0,1,0.023469489570596247,0.016002097506145674,0.060493292418816624,0.09675115283119795,0.16715884327698927,0.023198315778055076,0.8555555555555555,0.8444444444444444,561.6651550292969,0.0767494451590527,538.9908673095703,0.12204618059997038,546.915982055664,0.10578711152276438,504.7464468383789,0.198171176500859,578.2845031427292,561.0148196204815,1,1,1,75.5075914088689,1,0,17.26968352224776,13.076795104515128,4.192888417732632,0,608.7022944910948,514.628015567499,561.6651550292969,0.1674917485644784,0.9582282161172069,15.154565622327796,0.025058285574919414,29.999129559619927,35.883900672456214,8.421127877593252,1,81.88302441305343,87.63566805865753,11792699.0,7782905.8,1.5152051564082916,1,1094896319.0,570.2947144822855,38604741.34957557,0.2438602619194246,0.2379912922442303,0.36877787020286024,0.6453513387701767,0.2523851543239138,0.979692977756229,1.365348300632029,0.979692977756229,1.550278390528683,0.032152785726360676,0.027311446948741346,1.0,1.0,1.0,1.0,1.0,3143.25537109375,-0.019455412350798507,-0.019730375818748924,0.3300717946722062,0.646,0.46580622743919453
2024-04-16,604.772573875696,613.3600207018246,598.9488871126274,600.9723510742188,10722248.0,0,1,-0.0062838374158999954,0.009617705511203445,0.06806418626517363,0.0918137237236405,0.16615587377089036,-0.006303663823154105,0.9,0.8333333333333334,565.3765014648437,0.0629595491095741,539.4636676025391,0.11401821320986058,547.8364166259765,0.09699233719345755,505.6691259765625,0.1884695351206265,581.7749412860353,563.9746367652028,1,1,1,72.35727666178423,1,0,17.80030452083247,14.021496987778598,3.7788075330538717,0,612.5258172621034,518.2271856675841,565.3765014648437,0.16678908895258177,0.8774800228537344,15.101463334247041,0.025128382873610845,32.2838830938117,33.43793294996068,7.847115393175391,1,76.39072266362551,80.67883061119274,12626646.285714285,7949316.533333333,1.5883939496896142,0,1084174071.0,574.182385815643,38537364.48641061,0.21967770693770325,0.2383367009281887,0.3637848006065139,0.6551584907638416,0.2543376252638466,0.9735367463665099,1.356768673894782,0.9735367463665099,1.5405366931732176,0.023979694845258324,-1.1602256387706198e-07,1.0,1.0,1.0,1.0,1.0,3102.26025390625,-0.013042248353252628,-0.03671552027305525,0.331752764993737,0.6557,0.4711007646459707
2024-04-17,604.772573875696,613.3600207018246,598.9488871126274,600.9723510742188,10722248.0,0,1,0.0,0.017038173698000536,0.055565066923641604,0.08674687970869188,0.1554225822486306,0.0,0.8,0.8,569.3740997314453,0.05549646771371805,539.7913714599609,0.1133418999432745,548.7385900878907,0.09518878739321375,506.59082443237304,0.18630721696864272,584.7283889457558,566.7152081955004,1,1,1,72.35727666178423,1,0,18.0131807502554,14.81983374027396,3.1933470099814407,0,614.188357507527,524.5598419553636,569.3740997314453,0.15741586347963177,0.8525468557423935,15.052154066743483,0.025046333728728522,34.40543994698978,31.15122408162111,7.310477306505645,1,76.39072266362551,78.22148991343484,13690371.857142856,8152133.733333333,1.6793605582259,0,1084174071.0,577.5238914881112,38537364.48641061,0.22562916159618723,0.23845343389318036,0.3536284897503445,0.6743049296212652,0.2534311294361233,0.9735367463665099,1.356768673894782,0.9735367463665099,1.5405366931732176,0.023979694845258324,0.0063234569688347545,1.0,1.0,1.0,1.0,1.0,3102.26025390625,0.0,-0.03664081001013175,0.32566471636067784,0.6768,0.4956459603568725
2024-04-18,608.4247344127543,616.9134392384948,601.910092347124,604.8712768554688,9953539.0,0,1,0.006487695772161128,0.00016309073082521053,0.04111453402764709,0.09379736284558726,0.14179238693010832,0.006466741256131733,0.6222222222222222,0.7444444444444445,572.9818084716796,0.05565528942157556,540.0183953857422,0.12009383758751636,549.6975201416016,0.10037112173919666,507.48126831054685,0.19190857796415314,587.8272947780193,569.5415836517943,1,1,1,73.66465016195586,1,0,18.28571112622501,15.513009217464171,2.7727019087608387,0,616.9806408313714,528.9829761119879,572.9818084716796,0.15357846168641995,0.8623899393862521,15.115649359424381,0.02498986137679703,36.49787900457856,30.483786398402327,6.759785198824511,1,80.26613039346917,77.6825252402401,13993775.857142856,8220283.033333333,1.70234720634289,0,1094127610.0,581.3890193649285,38601940.01929895,0.20795468596004785,0.2350638503757141,0.35375835352863017,0.6644757587517719,0.25424338994864215,0.9798527565999555,1.36557097628421,0.9798527565999555,1.5505312265643767,0.02480419795988396,0.012400542762432727,0.0,1.0,1.0,1.0,1.0,3015.2763671875,-0.028038874755663468,-0.056011468585516644,0.33487796927656355,0.6637,0.465926741843467
2024-04-19,601.1204172253075,608.3259536913979,592.9278193187815,606.7960205078125,6443897.0,0,1,0.003182071501807604,0.009690411585797865,0.0194013166219158,0.0811642071781915,0.14542565194553947,0.003177019426825039,0.43333333333333335,0.7666666666666667,576.288461303711,0.05293800110987072,540.4813275146485,0.12269562261864957,550.6603979492188,0.10194236369213254,508.3237223815918,0.19371965893084742,590.7455602749105,572.3011715670549,1,1,1,74.31058060098295,1,0,18.444388707855637,16.099285115542465,2.3451035923131727,0,619.9997776582011,532.5771449492208,576.288461303711,0.1516994328000391,0.8489663747105128,15.135826860366667,0.02494384661207875,37.16263269778459,28.26863798889377,10.507464837807351,1,83.32011872843015,79.9923239285083,13236032.0,8171444.266666667,1.619791014667142,0,1100571507.0,583.4678902275072,38622444.96030323,0.16275398649512218,0.2347248439573675,0.3537688351729172,0.6634978003153877,0.255356619790829,0.9829707181326999,1.3563154493673995,0.9829707181326999,1.55546512779309,0.025376129460654758,-0.006201087361365144,1.0,1.0,1.0,1.0,1.0,3022.916015625,0.0025336478342865565,-0.06633258771834571,0.3350895195902214,0.6646,0.4655434537983033
2024-04-22,612.6197402844522,614.3964389243737,604.7725893588921,610.546875,6503652.0,0,1,0.0061814091810432625,0.015931721165985513,0.025702653279650267,0.08289555046324448,0.15898438246762692,0.006162382638285934,0.5444444444444444,0.8333333333333334,579.7826568603516,0.053061639177417415,541.1939849853516,0.12814793205162028,551.6405499267578,0.10678389230281078,509.18419509887696,0.19906878665281377,593.7919163864627,575.134186636162,1,1,1,75.56818595415801,1,0,18.657729750300746,16.61097404249412,2.046755707806625,0,622.6680632420263,536.8972504786769,579.7826568603516,0.14793614770717156,0.8586793356445169,14.742114196446304,0.02414575325841493,38.0652012465903,29.89175953135476,10.017506712368998,1,88.24019176606164,83.94214696265368,12486824.57142857,8203969.066666666,1.5220467641892341,0,1107075159.0,585.7897877148437,38662646.69448634,0.1625884335785146,0.23278097935658026,0.3539065780427683,0.657746969960105,0.2542817146712555,0.9890468623544619,1.3646993901385098,0.9890468623544619,1.5650800942148226,0.015762671073341547,0.00959749171025537,1.0,1.0,1.0,1.0,1.0,3059.267822265625,0.012025410713605078,-0.05510485361575013,0.3372490462892346,0.663,0.45754175610639386
2024-04-23,610.4975404367894,610.7443058128755,602.502366349784,603.8842163085938,6154126.0,0,1,-0.010912607965451016,-0.001631852238060283,0.021965984594341847,0.06104752667729363,0.1566309975885496,-0.010972587224318918,0.5111111111111111,0.8333333333333334,582.4057708740235,0.0368788334674935,543.2016680908204,0.11171274276651816,552.5402563476563,0.09292347366746802,510.0241032409668,0.18403073986344853,595.3445779129445,577.2638184637495,1,1,1,69.09744369047638,0,0,18.080759449194943,16.904931123834288,1.175828325360655,0,624.3955967645758,540.4159449834711,582.4057708740235,0.1441944018773635,0.7557577339157642,14.277816001206677,0.023643300512942205,38.594862332438176,28.65924773782488,10.740199359700581,1,76.4704873456771,82.67693261338967,11081057.42857143,8285650.933333334,1.3373792255708143,0,1100921033.0,587.9865239726003,38595489.13007835,0.17398560247691958,0.2339043282366916,0.35480937065614065,0.6592394327245017,0.2525576346268603,0.9782537816861283,1.3498069607032381,0.9782537816861283,1.548000988712125,0.0136482114294568,-8.080389111900734e-05,1.0,1.0,1.0,1.0,1.0,3061.01513671875,0.0005711544574187322,-0.04511041240106417,0.3287280534825639,0.6341,0.451127154398809
2024-04-24,603.8842290011169,629.3998055719721,600.8243623715189,627.8698120117188,11775700.0,0,1,0.039718865066127096,0.03472961389277085,0.038191489308019966,0.1009951106574567,0.2546350795661827,0.03895035455788874,0.6111111111111112,1.0,586.2775177001953,0.07094301428217568,545.7344677734375,0.15050422703441904,553.6566229248047,0.13404190614548728,511.0099267578125,0.22868417839814437,600.3484600819867,581.0124105784139,1,1,1,76.79941194095285,1,0,19.33604950357278,17.391154799781987,1.9448947037907942,0,630.0952584887209,542.4597769116697,586.2775177001953,0.14947781371665247,0.9746056456020558,15.299075086867147,0.02436663587607171,39.87820199540782,33.545627488921916,9.30731182041155,1,97.78722767511675,87.4993022622852,8896487.142857144,8487759.766666668,1.0481549180733931,0,1112696733.0,590.9724125748191,39063206.56943755,0.2564989936532186,0.20859778406261897,0.3616583999619369,0.5767812501647219,0.2467155465006656,0.9975691229220146,1.3949560892611312,0.9975691229220146,1.6094858311050135,0.04551173293217659,2.101814018570804e-08,1.0,1.0,1.0,0.0,1.0,3039.494140625,-0.0070306728756720505,-0.03301075420819033,0.25712878450145427,0.3223,0.26442435183703633
2024-04-25,627.474977424283,639.8625866044815,619.9732742377627,638.4313354492188,11897458.0,0,1,0.016821199610888238,0.04567128518873953,0.06233062853564442,0.1346372983114934,0.2314134144664597,0.01668129001770632,0.9,0.9777777777777777,590.5490234375,0.0810810112478094,548.37189453125,0.16423059207830462,554.9472055053711,0.1504361660273999,512.0370352172852,0.24684601218014945,606.2073639846378,585.2656642725476,1,1,1,79.25159443406447,1,0,20.941699712090212,18.10126378224363,2.8404359298465813,0,637.2682676991064,543.8297791758935,590.5490234375,0.1582230853237571,1.0124474161396924,15.626949178285127,0.02447710240802882,41.409121954572875,35.27834226106393,8.461172655952478,1,98.13503100737861,90.79758200939085,9064374.285714285,8539363.766666668,1.0614812219496952,0,1124594191.0,595.2179399691792,39263336.08531771,0.2496043531006154,0.193437379234487,0.3614719539038581,0.5351380021198994,0.24421128643477433,0.9977631898078962,1.3962222491124385,0.9977631898078962,1.6365593135409273,0.031153408772964065,-0.0006288478596712394,0.0,0.0,0.0,0.0,1.0,3111.0986328125,0.023558029354442622,0.002849012714236654,0.19448738671332735,0.1071,0.10754758288484062
2024-04-26,642.5276623055119,653.0398305905808,634.6805117365071,640.8989868164062,7545608.0,0,1,0.0038651789631396483,0.061294482465654276,0.06643672653295929,0.12569335461259246,0.21922814376979627,0.00385772835139183,0.9222222222222223,0.9555555555555556,594.9439117431641,0.07724270164996803,551.0093218994141,0.16313637781504065,556.2200210571289,0.15224005349239322,513.1110501098633,0.2490453804867036,611.5445367279868,589.3866511276483,1,1,1,79.78909807144993,1,0,22.157885600338545,18.912588145862614,3.2452974544759314,0,643.2994969177239,546.5883265686043,594.9439117431641,0.1625551055153407,0.9751785642480387,15.82211844084145,0.02468738251473301,43.18758289342927,38.3032129142266,7.759887809268575,1,85.95890935047584,93.96038934432376,8610568.57142857,8508628.7,1.0119807638836762,0,1132139799.0,598.942732693303,39292501.210623406,0.24502854468221813,0.19251623323577827,0.35928853191669163,0.5358262681215138,0.24310589283809977,0.9814087239315941,1.3691090264777168,0.9814087239315941,1.642884908171556,0.028646197344251556,0.006416237156358889,0.0,0.0,0.0,0.0,1.0,3076.294677734375,-0.011187030430681477,-0.008369889708376377,0.1925150898390786,0.0927,0.09361552009117345
2024-04-29,646.4759689152013,646.9201586581464,632.9038727141034,641.6393432617188,4157501.0,0,1,0.0011551842966550652,0.021930551503793305,0.06078659677377196,0.10440034340289928,0.22385380185516102,0.0011545175846761878,0.8777777777777778,0.9555555555555556,598.963720703125,0.0712490941997234,553.7286767578125,0.15876126737491728,557.4800045776367,0.15096386954334562,514.1963667297364,0.2478488468180229,616.1745069639455,593.2572209153573,1,1,1,79.95686412655911,1,0,22.917286048588267,19.713527726407744,3.203758322180523,0,648.8652934711963,549.0621479350536,598.963720703125,0.1666263616417093,0.9275979712797654,15.693130405355848,0.024457868068970275,44.62035876355011,35.85961056396267,8.073487700396086,1,83.6287237072842,89.24088802171292,7782563.142857143,8504464.166666666,0.9151150490304819,0,1136297300.0,601.0957082578201,39297303.89049193,0.24953885046852398,0.19124562984662044,0.3589077837160604,0.5328545061533659,0.24447781739297514,0.9825424318780802,1.3595106674857174,0.9825424318780802,1.6447827430186874,0.021844492690850974,0.008701811382942069,0.0,0.0,0.0,0.0,1.0,3077.093994140625,0.0002598308972268093,0.020501479607584194,0.19166653775239573,0.0793,0.07992826154372225
2024-04-30,645.1434182504014,645.2421605547057,633.9896345550941,636.0625,4771959.0,0,1,-0.008691554407136759,-0.0037103997214547046,0.04823116583344622,0.06856823057474082,0.2075330377742246,-0.008729546265199485,0.7111111111111111,0.9111111111111111,602.5763671875,0.05557159994308302,556.3503137207031,0.14327696832991046,558.634373474121,0.1386025103402733,515.1726496887208,0.23465890587228125,619.2341982002616,596.4279823290345,1,1,1,74.91251609954986,1,0,22.806215871227096,20.332065355371615,2.474150515855481,0,652.223064063185,552.9296703118149,602.5763671875,0.16478142714892366,0.8372443175459292,15.37594437637412,0.024173637616388514,45.95079350009089,33.98510920777302,7.651459591178926,1,75.62029044955597,81.7359745024387,7543714.857142857,8426225.1,0.8952662393439806,0,1131525341.0,603.0307159557149,39255828.149214804,0.26949415987151004,0.19637806608615188,0.35928488436180295,0.5465803729399245,0.24400387229724962,0.9740026108740913,1.3476944065521825,0.9740026108740913,1.6304870243198208,0.01769091244903077,0.0054611286316546305,1.0,0.0,0.0,1.0,1.0,3050.629150390625,-0.00860059647199407,0.009167682668780763,0.18510814205933815,0.1023,0.1096341163959345
2024-05-01,645.1434182504014,645.2421605547057,633.9896345550941,636.0625,4771959.0,0,1,0.0,-0.007546410457646258,0.04179142674344205,0.06856823057474082,0.22080156056453792,0.0,0.6666666666666666,0.9444444444444444,605.922509765625,0.04974231811594742,558.9680023193359,0.13792291752081423,559.7354415893554,0.13636273985780797,516.1513844299317,0.2323177253559153,621.8231677079137,599.3638725268838,1,1,1,74.91251609954986,1,0,22.459295181029916,20.757511320503276,1.701783860526639,0,655.0991996920555,556.7458198391945,605.922509765625,0.1623200628260284,0.8064459023112892,15.081414492319658,0.023710585818720105,47.18619718402161,32.173900142872746,7.243681205458992,1,74.05748049076716,77.76883154920246,7296330.142857143,8418449.266666668,0.8667071466175345,0,1131525341.0,605.3438059980341,39255828.149214804,0.2725574965481557,0.19052066885291963,0.3585815082905826,0.5313176068703687,0.23760868784220546,0.9740026108740913,1.3476944065521825,0.9740026108740913,1.6304870243198208,0.01769091244903077,0.014276770365178573,0.0,0.0,0.0,1.0,1.0,3050.629150390625,0.0,-0.0028237710383272052,0.18510239088149733,0.1034,0.107570382363465
2024-05-02,627.6724552860283,638.5301321897338,620.5162591449497,633.150634765625,17929526.0,0,1,-0.004577954578952492,-0.013229719444793009,0.04846362542132687,0.07149416126505947,0.18853070856596954,-0.004588465504309877,0.7333333333333333,0.8777777777777778,609.0662994384766,0.03954304375295889,561.3428717041015,0.12792139471466418,560.7062173461914,0.1292020940347537,517.1037921142578,0.224416924457065,623.5658549475615,601.8665956556795,1,1,1,72.15591804454277,1,0,21.699259291882072,20.94586091477904,0.7533983771030321,0,656.6612874696641,561.471311407289,609.0662994384766,0.15628836491221837,0.7530133562736344,15.290875817495689,0.024150454848956997,46.602257319837925,29.466512699879157,12.927980419140127,1,66.91310870463832,72.19695988165385,8978530.142857144,8722910.833333334,1.0293043588783457,1,1113595815.0,608.922692385061,39173747.59356466,0.25832941652625196,0.18731349629494093,0.3576281437962459,0.5237660948788763,0.23992672603879683,0.9695436711617286,1.3376082695747293,0.9695436711617286,1.6230227287809134,0.02845116478711629,-0.013190597958489531,0.0,0.0,0.0,1.0,1.0,3035.54931640625,-0.004943188188719749,-0.008319403588378904,0.18507554980935517,0.0984,0.10058157921475279
2024-05-03,646.5746290687044,646.5746290687044,630.1400911000902,638.7274780273438,10633995.0,0,1,0.008808082872384881,0.004189805290115034,0.017292862004046006,0.056144791466398614,0.18137827207310897,0.008769518000059267,0.4111111111111111,0.8666666666666667,612.8689544677734,0.04219258190688803,563.8845544433593,0.13272738718276456,561.5930917358398,0.13734924347642458,518.0835934448243,0.23286567285471862,625.8984123444511,604.597031386914,1,1,1,74.12010752077592,1,0,21.301380957537162,21.016964923330665,0.2844160342064974,0,656.8748514177914,568.8630575177554,612.8689544677734,0.14360621998950351,0.7938074820851908,15.372565971147013,0.024067488091515796,46.43964044234491,30.954233314498744,11.940760786383589,1,76.19052788215144,72.38703902585235,8815429.42857143,8893435.3,0.9912288256677854,0,1124229810.0,611.5818228003417,39267412.70278919,0.13386309083665865,0.1855887923801647,0.3560106933854722,0.5213011738925988,0.2403373091279583,0.9780834921657174,1.3493900340639309,0.9780834921657174,1.63731844747978,0.025730125184798554,0.021201896619828287,0.0,0.0,0.0,1.0,1.0,2989.260986328125,-0.01524874915652008,-0.01652681399364231,0.18534554306557569,0.0555,0.05617959272948815
2024-05-06,641.5900136239874,646.5253214210949,621.1578272948706,630.534912109375,10094421.0,0,1,-0.012826387152265362,-0.008690321926894007,-0.012368477080291762,0.04919121650490932,0.16622545698222502,-0.012909355475388209,0.3,0.8444444444444444,615.9288452148437,0.02371388677118461,566.5249444580078,0.1129870242741126,562.3077243041993,0.12133425321446578,518.9680053710938,0.2149783909289438,626.6117200005932,606.518355884874,1,1,1,66.6787200277566,0,0,20.09336411571917,20.83224476180837,-0.7388806460891999,0,655.4743417899839,576.3833486397035,615.9288452148437,0.12840930208860807,0.6846742127359354,16.08648941079539,0.025512448401913336,45.31088861526672,27.467583689572912,14.584146736846465,1,62.5616944017249,68.55511032950491,8557852.714285715,9045973.966666667,0.9460399450429969,0,1114135389.0,613.2878031094186,39137937.75096523,0.11859973270086231,0.19258661868179391,0.35560640005804495,0.541572420098059,0.24658659681081407,0.9655382146279603,1.327790452653119,0.9655382146279603,1.6163175671808583,0.0402317042863821,0.004481622750103574,0.0,0.0,1.0,1.0,1.0,2870.819091796875,-0.03962246691505478,-0.07723301938466898,0.2161598184252185,0.1905,0.17138977489475407
2024-05-07,638.5300904662846,638.5300904662846,603.8348556201696,612.175537109375,10787196.0,0,1,-0.029117142679032648,-0.03312813176601237,-0.0448174365974765,0.01864176615634805,0.11017624998934639,-0.029549459244593963,0.14444444444444443,0.6444444444444445,617.4884033203125,-0.008603993503958216,568.7073370361328,0.07643333792699153,562.8540628051758,0.08762746431710697,519.7532655334472,0.17781951111181657,624.3907687865596,606.9374063459481,1,1,1,53.673916458202726,0,0,17.4533624406115,20.156468297568995,-2.703105856957496,0,653.5368993557496,581.4399072848754,617.4884033203125,0.11675845519235606,0.4263094609312585,17.41568551331822,0.028448842623723835,42.727142451171346,23.558979632466418,19.613671785512782,1,32.019753429250635,56.92399190437569,9020936.714285715,9165611.8,0.9842154469476564,0,1103348193.0,614.828153790788,38823845.42592654,0.19603188550927392,0.21210442324479462,0.2300712217551861,0.9219076667941131,0.2602396782774241,0.9374245006705795,1.2891289885953607,0.9374245006705795,1.5692550179626263,0.056675304292527026,0.012679993134976055,1.0,1.0,1.0,1.0,1.0,2832.170654296875,-0.01346251235768725,-0.07935651457723558,0.21821902212251776,0.2292,0.22392615593323104
2024-05-08,607.1415109085397,626.2411872807834,607.1415109085397,625.303466796875,7683352.0,0,1,0.021444714614845095,-0.021016805589651022,-0.025459592894977012,0.033779401871463666,0.1360171650500508,0.021218012043743066,0.23333333333333334,0.7333333333333333,618.9912048339844,0.010197660182560386,571.2559301757813,0.09461177340331989,563.6960263061524,0.10929195455648405,520.6512370300293,0.20100255665158395,624.5311838650697,608.297855268239,1,1,1,59.72308607261297,0,0,16.233328596830688,19.371840357421334,-3.138511760590646,0,653.613507292534,584.3689023754348,618.9912048339844,0.11186686398180866,0.5911588992448978,17.535970574670042,0.0280439362738516,40.32794958451136,21.72613926453984,18.08776828830827,1,53.858865795898055,49.48010454229122,9524629.714285715,9244366.766666668,1.030317160135794,0,1111031545.0,616.3021305315333,38988612.716851935,0.25672053110288057,0.2175452783192177,0.23239011284083247,0.936121058077104,0.264645870053,0.9575273015604236,1.288518274162344,0.9575273015604236,1.6029072439807481,0.030544651335585996,-0.008223174393092307,0.0,1.0,1.0,1.0,1.0,2856.738037109375,0.008674400596315524,-0.07161170814113893,0.21995658924973344,0.2653,0.26377006015961635
2024-05-09,625.7969992855911,629.498479959599,607.0428305372848,611.3859252929688,6588118.0,0,1,-0.022257259463471457,-0.03036943149166116,-0.038795833282155856,0.007564164282611863,0.10557789459417344,-0.022508690036282024,0.16666666666666666,0.6111111111111112,619.798129272461,-0.013572490109588987,573.5370300292968,0.06599206900684088,564.3193557739257,0.0834041381665784,521.4855047607422,0.17239294229946608,622.5088363924389,608.5266011959968,1,1,1,51.97467078097143,0,0,13.982235196442048,18.293919325225477,-4.31168412878343,0,652.8049687011788,586.7912898437431,619.798129272461,0.10650835447813418,0.37256877475864697,17.887376206644625,0.02925709517776879,38.32497519443723,21.07865430535437,16.4658240155031,1,20.226885407099054,35.36850154408261,9784081.0,9186412.233333332,1.0650600856445347,0,1104443427.0,617.7088449052907,38841979.265149966,0.2803217926848185,0.23094015163920154,0.23802339261429087,0.9702414082192018,0.2698047013561013,0.9362153679662356,1.2598393886108883,0.9362153679662356,1.5672309215555909,0.0367290912226246,0.0007892687549683162,1.0,1.0,1.0,1.0,1.0,2762.962890625,-0.03282595228061669,-0.09429735493374869,0.2213792490750033,0.3737,0.391435724282654
2024-05-10,612.0768377912345,621.4045814075808,610.0040326522488,617.5056762695312,4364788.0,0,1,0.010009636668737443,0.008706880358736013,-0.029174528808833644,0.011397652751119702,0.11664432762804888,0.009959872063826274,0.2222222222222222,0.6888888888888889,621.1281921386719,-0.0058321549641268166,575.6394714355469,0.07272990632413932,564.8637203979492,0.09319408198936108,522.3322290039063,0.1822086441939872,621.7391194504531,609.1917178681105,1,1,1,54.75440251298625,0,0,12.547401582342673,17.14461577664892,-4.597214194306247,0,651.2504758391857,591.0059084381581,621.1281921386719,0.09699216387778686,0.43986983349010017,17.424031388693727,0.02821679550211684,36.4650704036541,20.093527906629493,15.696281630137934,1,31.94707328492873,35.34427482930864,9725913.714285715,9054346.7,1.0741706758683887,0,1108808215.0,619.7317050693638,38885669.20716603,0.2947552078198469,0.23148977436434498,0.23841044228888975,0.9709716241532794,0.2694309746038817,0.945586543643266,1.2724499231518476,0.945586543643266,1.5829183336563728,0.01846225742280603,0.0011300758975351154,1.0,1.0,1.0,1.0,1.0,2793.522216796875,0.011060346223094708,-0.08427997010414334,0.22570432586911188,0.3849,0.39636494360485963
2024-05-13,617.0121260118842,627.9192038974427,606.3518737493628,625.303466796875,3582386.0,0,1,0.012627884774196296,0.0,-0.012393840482612495,0.035469134496033394,0.1141400142331912,0.012548817972455772,0.32222222222222224,0.6777777777777778,622.1547332763672,0.005061013526210837,577.7823815917968,0.08224737672712876,565.486062927246,0.10578050953189433,523.1794514465332,0.19519882722454063,622.2874805806719,610.3851807517227,1,1,1,58.08359609163059,0,0,11.90229982894914,16.096152587108964,-4.193852758159824,0,651.3140961805715,592.9953703721629,622.1547332763672,0.09373669071244178,0.5539918092664123,17.719981300078455,0.028338210550549615,35.20404059765238,20.9726746695443,14.331692605378443,1,46.88094401961089,33.018300903879584,7676322.285714285,8967333.233333332,0.856031786259475,0,1112390601.0,621.8539771638523,38930907.16479073,0.3113471198565799,0.23064277628496194,0.23826879081406058,0.967994068786584,0.2745486618640447,0.9575273015604236,1.288518274162344,0.9575273015604236,1.5818319536603715,0.034490981248766844,-0.0007992643251939973,1.0,1.0,1.0,1.0,1.0,2875.7626953125,0.029439708057852565,-0.052638453353450854,0.23829133755937498,0.3754,0.364788237693084
2024-05-14,636.0130356125394,641.0964262933384,629.9426437048386,638.2833251953125,8339846.0,0,1,0.020757694603752874,0.04399414312564498,-0.0006953714178744574,0.016585465624200824,0.13209026381289402,0.020545189375521487,0.37777777777777777,0.7555555555555555,624.0202819824219,0.022856698130994973,580.24115234375,0.10003112088329934,566.1454202270507,0.12741939153959964,524.141096496582,0.21777004219220736,624.7483797521551,612.4517099697664,1,1,1,62.96811319274003,0,0,12.296669782388676,15.336256026164907,-3.039586243776231,0,652.2322907569156,595.8082732079282,624.0202819824219,0.09042016610379473,0.7527831911385499,17.58233688553452,0.027546288915121488,34.84170238497184,24.98035596771842,13.412182781781715,1,70.01013534883022,49.61271755112332,7348586.714285715,9091098.866666667,0.8083276644619903,0,1120730447.0,623.7271095271115,39104023.141101055,0.3352099917463694,0.23581438928554285,0.24056238549355474,0.9802629318034465,0.2742641650638181,0.9774033608609706,1.3152649429887606,0.9774033608609706,1.6096755240267873,0.017474657645312544,0.01712699414657702,1.0,1.0,1.0,1.0,1.0,3033.501953125,0.05485127756529273,0.014799967951683923,0.29220845552797686,0.4209,0.3410492858461385
2024-05-15,644.5511713530468,650.4735404619569,640.3068188740854,645.2421264648438,6764257.0,0,1,0.010902370459704436,0.04491691535999087,0.0233249802239619,0.010668008660371875,0.13371494717732868,0.010843368075416844,0.5777777777777777,0.7555555555555555,626.2337707519531,0.030353450421663267,582.7433532714844,0.10724922531075684,566.6201968383789,0.13875596045668445,525.0681536865235,0.22887309377758722,627.9012638617994,614.8806297101424,1,1,1,65.30256116606735,0,0,13.020634151656964,14.873131651263318,-1.8524974996063541,0,653.7704515484457,598.6970899554605,626.2337707519531,0.08794377461767304,0.8451460953731168,17.197185341328083,0.02665229785220026,34.98704409420533,27.610335764704104,12.733095759854995,1,84.15261031953358,67.01456322932493,6872849.0,9066097.733333332,0.7580823858461825,0,1127494704.0,625.9240310857388,39177769.576799706,0.32728855934373435,0.23612950279188052,0.2408638903568777,0.9803441372719571,0.27082346806963303,0.988059374389637,1.3296044486498861,0.988059374389637,1.627224802909646,0.01575644424144003,0.009819849446664414,1.0,1.0,1.0,1.0,0.0,3045.685791015625,0.00401642658514656,0.0609117794006655,0.291609157698756,0.4319,0.3511879707489468
2024-05-16,651.4605895135927,657.3829585091707,634.9273094009371,644.8966064453125,8781056.0,0,1,-0.0005354889356408155,0.03133380940426189,0.05345046861957736,0.006237519033637451,0.1308522833753043,-0.0005356323610450092,0.8333333333333334,0.7333333333333333,628.2350372314453,0.02652123524866219,585.0461669921875,0.10230037017561419,567.0056442260742,0.13737246359435168,525.9934832763672,0.2260543655946233,630.5159319515707,617.1040353942291,1,1,1,65.08317937158877,0,0,13.411896557341606,14.580884632478977,-1.1689880751373707,0,655.042815715032,601.4272587478586,628.2350372314453,0.0853431499195757,0.8107599763268035,17.57278989610705,0.027249003515414264,35.44283344617916,27.898662179121143,11.570869011507526,1,76.68198985547448,76.9482451746128,6586257.571428572,9117257.633333333,0.7223945879678504,0,1118713648.0,628.1386394768284,39173067.41846846,0.23953741930613304,0.23644680669929258,0.2392517668868285,0.9882761150563927,0.2701970012385441,0.9810059693482546,1.3288924601788552,0.9810059693482546,1.6263534420318877,0.0348205415934963,0.009637410196415274,1.0,1.0,1.0,1.0,1.0,3037.596435546875,-0.0026560045992309878,0.07253298135065944,0.2912049078226928,0.431,0.3513997804610211
2024-05-17,644.551169659666,650.2761144008143,641.9848338173956,646.969482421875,5026205.0,0,1,0.0032142764527607337,0.013608623135978881,0.03464880138276616,0.008307064110284923,0.1498115221876204,0.0032091217090971604,0.6333333333333333,0.8,630.2437103271484,0.02653857836366912,587.3904382324218,0.10143005454555697,567.4063919067382,0.14022240787201803,526.9608036804199,0.22773739128847137,633.0472474085406,619.3162907296103,1,1,1,65.82494110982529,0,0,13.730956678930283,14.41089904176924,-0.6799423628389558,0,656.2973931084574,604.1900275458394,630.2437103271484,0.08267812071550866,0.8209867149132122,16.90982494520074,0.026136974624985793,35.86606641586914,26.92156481210554,11.165621420327778,1,80.55304385127958,80.46254800876258,6206665.142857143,9121977.233333332,0.6804078747507591,0,1123739853.0,629.756490312261,39189223.03084671,0.21956570304853823,0.23058124380808426,0.23849418723563467,0.9668212314972173,0.27017954395451993,0.9841591937355485,1.3205400130726412,0.9841591937355485,1.625350661750386,0.012815566744170082,-0.000535646772202045,1.0,1.0,1.0,1.0,1.0,3056.421630859375,0.006197398407570498,0.0698991616158311,0.2915823079903178,0.4537,0.3603451834426574
2024-05-20,644.551169659666,650.2761144008143,641.9848338173956,646.969482421875,5026205.0,0,1,0.0,0.0026770663076434165,0.058201465975611155,0.017147658322688386,0.13635574713130416,0.0,0.8888888888888888,0.7555555555555555,632.0648406982422,0.02358087456212194,589.7939331054688,0.09694156909237298,567.8510629272461,0.13932952610280788,527.9708143615723,0.22538872381458655,635.1891297182842,621.3646752994077,1,1,1,65.8249411098253,0,0,13.824454418876485,14.29361011719069,-0.46915569831420534,0,657.403511578592,606.7261698178924,632.0648406982422,0.08017744145476649,0.7941085938171961,16.29421463364488,0.025185445490641816,36.2590684591527,25.943065682986262,10.759792453396644,1,80.55304385127958,79.26269251934458,5983534.714285715,9180311.766666668,0.6517790317330705,0,1123739853.0,631.114773397825,39189223.03084671,0.12120238946171341,0.22994655302888806,0.23038466463941015,0.9980983473391868,0.26966742849443204,0.9841591937355485,1.3205400130726412,0.9841591937355485,1.6191674350390641,0.012815566744170082,-0.0037379085535166772,1.0,1.0,1.0,1.0,1.0,3056.421630859375,0.0,0.1062116111765774,0.2915858657321535,0.4526,0.35848412362373605
2024-05-21,657.6790867178686,686.4026134461388,654.6192200668721,684.6258544921875,15976672.0,0,1,0.058204247794423125,0.06160560879032029,0.1086956457277315,0.07634997267121935,0.17838944376462362,0.05657336564958156,1.0,0.8888888888888888,636.1019226074219,0.0762832655588635,593.044326171875,0.15442610995281741,568.6071517944335,0.2040401748933643,529.1691069030762,0.2937751761415374,642.7947796835001,626.050688572947,1,1,1,76.39148449030067,1,0,16.744091110553086,14.78370631586317,1.9603847946899151,1,667.5319823814542,604.6718628333896,636.1019226074219,0.09882082935765552,1.2719350875186106,17.94699437583195,0.026214309988546815,37.952659168396025,36.24974012843572,9.071120098399174,1,97.84812013704396,86.31806927986774,7642375.285714285,9451877.133333333,0.8085563510725724,0,1139716525.0,636.285588957462,40119133.20686493,0.31664831538599697,0.27212405137175494,0.25391415432127246,1.0717167465482915,0.27468624582333717,0.9974114915661073,1.397401051215972,0.9974114915661073,1.7134098576487384,0.046424471367418126,0.016553492223316466,0.0,0.0,1.0,0.0,0.0,3113.34521484375,0.018624257664466848,0.11448736513489854,0.29663539038068104,0.4963,0.46080946439944903
2024-05-22,689.5118552968273,689.6599386321471,668.635539007818,675.6929931640625,8004434.0,0,1,-0.013047800151735234,0.04439701024948417,0.08058411482237338,0.06719152767521974,0.13514641425500296,-0.01313367045974668,0.9888888888888889,0.7222222222222222,638.4930816650391,0.058262043187711346,596.5493823242188,0.13266900140184867,569.5103134155273,0.18644557832802924,530.3503729248047,0.2740501895713103,647.8560432958943,629.727896320437,1,1,1,70.7992052331246,1,0,18.128146975457298,15.452594447781998,2.6755525276753005,0,674.2631471059725,602.7230162241057,638.4930816650391,0.11204527180671572,1.01998662904952,18.166809036438888,0.026886188284074557,39.61072986881569,34.53390886690597,8.321264163693144,1,83.72626628728638,87.37581009187,8274096.428571428,9327088.133333333,0.8871039182101537,0,1131712091.0,639.5617844369808,40014692.95170517,0.35880329936959643,0.27127350272638684,0.25470095433400824,1.0650666913899576,0.2770036183633145,0.9797480690327086,1.3791680415678815,0.9797480690327086,1.6910536282481246,0.031115313962156596,0.007136745965084753,0.0,1.0,1.0,1.0,0.0,3136.764404296875,0.00752219488589545,0.09075912606064773,0.29460105077317494,0.4549,0.423987607004393
2024-05-23,666.4145975586555,669.7705705201233,657.3336196859162,668.043212890625,9749101.0,0,1,-0.011321384638925958,0.03257298998070546,0.046624886661744025,0.04589709363032335,0.1222949850777244,-0.011385959360119848,0.7,0.6666666666666666,639.9736755371093,0.043860456181979375,599.5411645507812,0.1142574561851318,570.362146911621,0.171261480986991,531.4815452575683,0.25694526715292765,650.9617616950836,632.5660679182288,1,1,1,66.32163721810622,0,0,18.39569377685484,16.041214313596566,2.3544794632582757,0,678.1063436464606,601.8410074277581,639.9736755371093,0.11916948951797969,0.8680510536663995,18.180563639417986,0.02721465211921042,39.99399787563465,32.04294047763924,12.161388450046958,1,74.81304417904802,85.46247686779282,8475418.57142857,9260454.7,0.9152270429473157,0,1121962990.0,641.6134494864325,39904319.62940043,0.37421295405258104,0.2747988540313192,0.2566345366660582,1.0707789278919113,0.2759890482837681,0.9686559642939444,1.3635539496875773,0.9686559642939444,1.6719085596776764,0.018616985539591627,-0.01373167355481835,1.0,1.0,1.0,1.0,0.0,3382.7861328125,0.07843168845534398,0.11514223003142643,0.37373107524066784,0.2528,0.1880687864074783
2024-05-24,670.4615538349569,681.516655178051,662.3676371241851,664.5391845703125,15930052.0,0,1,-0.005245212065175475,-0.02933963096788683,0.02990669287387293,0.05392924611768213,0.12461366553397668,-0.00525901648253617,0.5444444444444444,0.6666666666666666,641.1556854248047,0.03647085985054444,602.3187561035156,0.10330149582143107,571.2134878540039,0.1633814654253431,532.6351734924316,0.24764419933629334,653.0505959835804,634.9344469294942,1,1,1,64.31517675446929,0,0,18.116149054086122,16.456201261694478,1.6599477923916446,0,680.8429944847942,601.4683763648152,641.1556854248047,0.12379928919664572,0.7945966821555273,18.249738954735694,0.027462246589019242,40.747104667791234,34.23873556536616,11.249912997604959,1,70.73028865194473,76.42319970609306,9784817.857142856,9258306.566666666,1.0568690706756056,0,1106032938.0,644.1839701555099,39820763.12845116,0.37882510348085674,0.274134236899185,0.25212694992830625,1.0872865315553797,0.27758066339389353,0.9635751583430255,1.3564018200591583,0.9635751583430255,1.6631390447285848,0.028815483719364977,0.003620036694733806,1.0,1.0,0.0,1.0,1.0,3380.43896484375,-0.0006938564474954223,0.1099106069364093,0.3721915994216764,0.2452,0.18275299411989387
2024-05-27,676.1865061231513,680.5789420914696,666.760080323115,669.0796508789062,10475785.0,0,1,0.006832503506214671,-0.009787495729662643,0.03749910325453776,0.09295391651588392,0.106332532513439,0.006809267733090864,0.5888888888888889,0.5777777777777777,642.527700805664,0.041324210675973624,605.2147937011719,0.10552428301887812,572.2025234985351,0.1693056625966088,533.7626445007324,0.253515317664738,655.5166044290152,637.4637212961173,1,1,1,65.76067668173204,0,0,18.05288313289782,16.775537635935148,1.2773454969626705,0,684.1361697682058,600.9192318431222,642.527700805664,0.129514942033998,0.8190690589594359,18.091883138051507,0.0270399542330811,41.44641811765092,32.07051376387445,10.537494556225196,1,75.29616396420005,73.61316559839763,10026922.0,8705243.0,1.1518256296808715,0,1116508723.0,645.9424211069311,39892338.96619401,0.37752193121532335,0.2681664682570617,0.25177577786208294,1.0651003465629534,0.27426676902863245,0.9701587889909058,1.3656694402505485,0.9701587889909058,1.6745024480830155,0.020653537662073715,0.017526914624861244,1.0,1.0,1.0,0.0,1.0,3284.6669921875,-0.02833122374113828,0.0813375186214107,0.3774955374750205,0.2749,0.19765606455387894
2024-05-28,673.1759404480337,688.9689243881635,669.5731418885105,672.4849853515625,12925385.0,0,1,0.005089580094362445,0.006648929852483443,0.0394384953586564,0.07545379333393987,0.11899488245926326,0.005076671961053688,0.6111111111111112,0.6444444444444445,644.3488250732422,0.043666037995990906,608.1295849609374,0.10582514316378613,573.2423928833008,0.17312500558287436,534.9024536132813,0.2572105078391533,658.1271245709455,640.057889003928,1,1,1,66.84540808120266,0,0,18.069235567017472,17.034277222151616,1.0349583448658564,0,687.9083849729801,600.7892651735043,644.3488250732422,0.135204902080132,0.8229619438658468,18.220268164566203,0.02709394047666505,42.36872403702807,32.85903520612059,9.715869863178854,1,79.38380479158884,75.13675246924457,11155376.285714285,8778680.9,1.270734910265879,0,1129434108.0,648.3268650303244,39958123.748401985,0.3772622321835489,0.26662370812918923,0.2509656799972211,1.0623911131280641,0.27564489239434625,0.9750964898517246,1.372620124249127,0.9750964898517246,1.68302496241074,0.028841956210387765,0.006122274924587082,1.0,0.0,0.0,0.0,1.0,3239.72705078125,-0.013681734408126811,0.0599738655397275,0.3777175660555328,0.2619,0.18713985247114212
2024-05-29,686.0077775907598,704.2684162748304,673.4720838504418,696.1744995117188,22684652.0,0,1,0.035226829856687125,0.04760489023963488,0.0760546183811468,0.13868257464075628,0.15841352479415938,0.034620561987268525,0.9666666666666667,0.8333333333333334,647.3544250488281,0.0754147536092122,611.6326672363281,0.13822321272896407,574.4786880493164,0.2118369471209267,536.106915435791,0.29857399609518526,663.980566869526,644.2146749674681,1,1,1,73.20503093446857,1,0,19.765891902057888,17.58060015813287,2.185291743925017,0,696.450211559321,598.2586385383353,647.3544250488281,0.15168131895225623,0.9971921007157779,19.18906550447347,0.027563585735950184,43.65459895508901,34.66652407774808,8.566392020543441,1,91.7338617619117,82.13794350590022,13678011.57142857,9177427.7,1.4903970936680409,1,1152118760.0,653.4034861951534,40757232.124764144,0.41158964664681047,0.28089389940661125,0.2583227955092456,1.0873755792742565,0.2834158257376247,0.98850734098524,1.4209731798239156,0.98850734098524,1.7423125964061406,0.04423651318166424,0.020108690206856968,0.0,0.0,0.0,0.0,0.0,3254.457275390625,0.004546748654588928,0.06479330028676977,0.37776806739693275,0.2548,0.19176170219747213
2024-05-30,695.730271064716,703.8241873776013,684.3790638654916,686.1558227539062,10361716.0,0,1,-0.014391042425195621,0.02552188196512728,0.002234750925165674,0.11117330434774875,0.13438321343511261,-0.014495597795719184,0.25555555555555554,0.7,650.0046844482422,0.05561673503376523,614.7014416503906,0.11624241666274644,575.6453945922851,0.1919765696030502,537.2847265625,0.2770804544247335,667.3921446978923,647.3214266553524,1,1,1,67.3234642679748,0,0,20.070718042539852,18.07862373501427,1.9920943075255835,0,701.5343499152505,598.4750189812339,650.0046844482422,0.15855167416446955,0.8507798661026601,19.207355362161774,0.02799270184004633,44.84862566471702,32.15969111224743,7.9469323405265415,1,81.50200869662736,84.20655841670931,12875875.0,9191033.6,1.400916976301773,0,1141757044.0,657.5357131651275,40608116.23021032,0.2757113942140596,0.2863954454817824,0.2597659178261356,1.1025135548131078,0.28436965634702716,0.9742816899035041,1.4005238945080045,0.9742816899035041,1.717238901913307,0.028339223930310978,-0.0006380992801579213,0.0,0.0,0.0,0.0,0.0,3189.993408203125,-0.019807870170845177,0.024619240100305362,0.3728268955625944,0.291,0.22625785660578304
2024-05-31,689.8573330528681,694.3484510019797,675.4955394776362,680.4308471679688,13620282.0,0,1,-0.008343550249213294,0.011815671709387354,0.0070118442130358005,0.0881610022945889,0.12135021353392039,-0.00837855249590646,0.2777777777777778,0.6222222222222222,652.0898529052735,0.04346179308944449,617.4967993164063,0.1019180146702509,576.7045114135742,0.1798604548803484,538.4659924316406,0.2636468351422413,669.3980989240579,649.7739763229537,1,1,1,64.15164905518417,0,0,19.624122601104204,18.387723508232256,1.2363990928719488,0,705.0532423524386,599.1264634581083,652.0898529052735,0.16244199847979818,0.7675526864738096,19.18203794517476,0.028191017536921794,45.02401383998841,29.90198443849682,10.697011155295435,1,67.92825922607925,80.38804322820613,13678139.0,9430246.433333334,1.4504540360315008,0,1128136762.0,660.3575902872723,40494474.722934864,0.26731520273334625,0.28870409238077044,0.26092481005725243,1.1064647026759267,0.28490419574625064,0.9661527216669057,1.388838553018953,0.9661527216669057,1.7029110328452894,0.027707314568132118,0.005394562249877424,1.0,0.0,0.0,0.0,0.0,3406.803955078125,0.06796582911973048,0.08608856642575335,0.4188200863928886,0.1994,0.13910163919205165
2024-06-03,705.749006024585,705.9957714113069,683.8362276345907,686.9454956054688,7081956.0,0,1,0.00957429908507934,-0.013256739384627014,0.02829500000913643,0.07623913783940028,0.12513145793346125,0.009528755948577215,0.4888888888888889,0.6444444444444445,654.9103820800781,0.04891526291527568,620.4224499511719,0.10722217685632159,577.9018173217773,0.18868893472085344,539.6980921936035,0.2728329144418094,672.0976984135057,652.5274221957326,1,1,1,66.10839987501552,0,0,19.570276217773085,18.624234050140423,0.9460421676326618,0,709.0359974032621,600.7847667568941,654.9103820800781,0.16529166983511298,0.7959330192747838,19.637958395043576,0.02858736030830921,45.57522924801235,31.357947811589703,9.702332983293415,1,73.19447295333548,74.20824695868072,13297118.285714285,9449523.233333332,1.4071734581072308,0,1135218718.0,662.9625280138861,40562279.48778623,0.2558276706763221,0.2891062383377651,0.2603453870457044,1.1104719066407411,0.2889575547276671,0.9730164448892433,1.4021357087064452,0.9730164448892433,1.7192152123890314,0.032258081490417125,0.03720901097002487,0.0,0.0,0.0,0.0,0.0,3640.392333984375,0.06856525411685843,0.07615208028469045,0.4580750857072925,0.2038,0.13018372171616616
2024-06-04,687.9818957714546,687.9818957714546,586.5613221839122,640.6522827148438,24250212.0,1,0,-0.067389935863576,-0.06631662740459265,-0.035945061495378794,-0.007113366535980603,0.06088595365350802,-0.06976810318381094,0.1111111111111111,0.4444444444444444,656.3342193603515,-0.023893218093658214,622.2070568847656,0.02964483547073339,578.5878250122071,0.10726886225324087,540.6506066894531,0.1849654375451966,667.259942152173,651.6477822341853,1,1,1,46.63033209017537,0,0,15.612159917987697,18.02181922370988,-2.409659305722183,0,707.1216935369076,605.5467451837955,656.3342193603515,0.15476101254038654,0.3456121622529252,25.479573765936344,0.03977129942933081,43.80390608709153,22.4422877538641,34.21349196971833,1,45.28924517242607,62.13732578394697,14485712.57142857,10052726.1,1.440973565511605,1,1110968506.0,662.41910249704,38928059.256428115,0.5151268046749283,0.35755883927692594,0.30043993669426733,1.1901175429975668,0.39999785706765795,0.9074449290739525,1.307645873224688,0.9074449290739525,1.6033574094904504,0.1583082997187804,0.0015087080017495928,1.0,1.0,1.0,1.0,1.0,2937.33056640625,-0.19312802112420413,-0.13108013575922717,0.7375403913347107,0.56,0.2706847223108978
2024-06-05,618.8875683699097,691.5846728675231,599.1463381188759,686.2545166015625,25836374.0,1,0,0.0711809434182824,0.008558796912033761,0.02566938883897496,0.06413107115606631,0.09298855188271737,0.06876172529845966,0.4777777777777778,0.4666666666666667,659.3817718505859,0.0407544550034451,624.9234497070313,0.09814172747603513,579.9203579711914,0.18335993411642476,541.8276776123047,0.2665549305744398,670.182184375156,654.2112440391762,1,1,1,59.339462157854385,0,0,15.970940335979776,17.61164344616386,-1.6407031101840843,0,709.6412267696052,609.1223169315666,659.3817718505859,0.15244417442103003,0.7673401929475301,30.26234240755855,0.04409784077986445,41.996605693626115,18.396122827114976,26.748678862523683,1,83.47105467689772,67.31825760088645,16680082.42857143,10521415.233333332,1.5853458929865791,1,1136804880.0,663.4876763359827,40767116.7322557,0.6827720485060244,0.39303058271074975,0.31411696792548927,1.2512236613845684,0.4645722880653666,0.9720377152255727,1.4007253401378452,0.9720377152255727,1.7174859025346738,0.13469978340749728,-0.03397274142644648,0.0,0.0,0.0,0.0,0.0,3111.198486328125,0.059192493317018036,-0.05281159590057849,0.7569678847387793,0.6171,0.32194007821059684
2024-06-06,686.0077688069362,686.0077688069362,664.2924149741986,668.7341918945312,10420244.0,1,0,-0.025530359776420264,-0.026510551168089647,-0.005577512567169651,0.03364101408799369,0.04746455063016386,-0.025861914728567206,0.25555555555555554,0.4222222222222222,662.2491851806641,0.009792396667272652,627.2381091308594,0.0661568265059205,581.130495300293,0.15074703066300107,542.9018472290039,0.2317773374833433,669.9594163012137,655.2870179543877,1,1,1,54.01722402622315,0,0,14.672398346825958,17.02379442629628,-2.351396079470323,0,707.2473983180098,617.2509720433184,662.2491851806641,0.13589511061480591,0.5720584914569087,29.66946806611608,0.04436660847572659,40.31839818540823,17.423459813555407,25.334388969176647,1,68.8016483034704,65.8539827175981,16322205.142857144,10472174.766666668,1.5586261217499298,0,1126384636.0,665.2863301345933,40501084.15397761,0.704878074561754,0.3994172299821183,0.3141183924530507,1.2715499619838935,0.46469478661500646,0.9472212426396144,1.3649643182561773,0.9472212426396144,1.6736378695320338,0.03247232472324732,-0.0003595572614199717,0.0,1.0,1.0,0.0,0.0,3181.404541015625,0.022565598111471852,-0.01800229119658725,0.7567272203989945,0.5821,0.30867493598551143
2024-06-07,668.7342009234176,678.111285659613,663.7495521390574,671.5473022460938,7172942.0,0,1,0.0042066195891568015,0.048224318190717375,-0.035375034970252406,0.037989148626012215,0.04782082053511982,0.004197796499905087,0.12222222222222222,0.4222222222222222,664.9512664794922,0.009919577718113791,629.6090307617187,0.06661002214920096,582.3470486450195,0.15317370253463394,543.9239494323731,0.23463455313358705,670.2037064465799,656.491483457477,1,1,1,54.71947356931412,0,0,13.712222989102884,16.3614801388576,-2.6492571497547175,0,704.8364560688597,625.0660768901248,664.9512664794922,0.11996424881039768,0.5826877825392095,28.576058455718908,0.04255256235881205,38.77916180965836,16.797983452345683,24.56061570658193,1,71.15700755681827,74.47657017906216,14106246.57142857,10459752.566666666,1.3486214402798227,0,1133557578.0,666.388670957753,40531257.992306694,0.6630667657022545,0.3994355507068854,0.3134859450876746,1.2741737132590514,0.4635362786044693,0.9512058420741676,1.370706203895854,0.9512058420741676,1.680678227379162,0.021386034122273412,1.3501457580977614e-08,0.0,1.0,0.0,1.0,1.0,3215.259521484375,0.01064152013121289,-0.012044328927791836,0.7560850769021047,0.5839,0.3099082842822912
2024-06-10,668.2899913419516,675.9890591635499,664.3417452544186,667.6484375,4054802.0,0,1,-0.005805793178013552,-0.027112505129587516,-0.026972568970742405,-0.02479809501903818,0.04053537943304142,-0.0058227123130071565,0.15555555555555556,0.4,667.0685150146485,0.0008693597018872675,631.7371362304688,0.05684532254002267,583.5246133422852,0.14416499704421082,544.8604243469239,0.22535682106156138,669.810588147106,657.3179244976639,1,1,1,53.49996224120666,0,0,12.492663649442193,15.58771684097452,-3.095053191532328,0,702.3183199126605,631.8187101166365,667.0685150146485,0.10568571025193106,0.5082258963848084,27.366862416676934,0.04098992954907789,37.349870889319206,16.287325752191613,23.813974446535944,1,67.89256855172805,69.28374147067227,13205258.857142856,10456329.266666668,1.262896234459582,0,1129502776.0,667.1569110949655,40507716.6505169,0.6599646889195028,0.40000812623822535,0.3138458010932902,1.2745371288855432,0.4629550998966402,0.9456833376853668,1.3627481671682145,0.9456833376853668,1.6709205571922083,0.01744527996312625,-0.004850456391154567,1.0,1.0,0.0,1.0,1.0,3215.808837890625,0.00017084667740796533,0.008092627909861871,0.7560875670897433,0.5835,0.3101693961571782
2024-06-11,671.201813450191,672.4356403131509,663.3546625526754,664.2430419921875,5157918.0,0,1,-0.005100581857967024,-0.006715896924038289,-0.023790522200980102,-0.016945493423364377,0.04430467444973951,-0.005113634227648402,0.17777777777777778,0.4,668.3665008544922,-0.006169457710751412,633.7458056640625,0.04812219040435132,584.8230923461914,0.1358016649571401,545.782586517334,0.21704696778758653,668.9540425848108,657.8308961639249,1,1,1,52.401458907478585,0,0,11.123146420885973,14.694802756956811,-3.5716563360708378,0,700.9655235730031,635.7674781359813,668.3665008544922,0.09754834414003027,0.43675486995560703,26.060727798376828,0.03923372342782228,36.06254028253153,15.881940617907345,23.491798644932906,1,65.0413011579053,68.03029242215057,11996349.714285715,10469194.566666666,1.1458713120569395,0,1124344858.0,668.2633047385227,40481408.267541215,0.6593258430699492,0.3993551199346484,0.31440015505203267,1.2702128593688378,0.46254705926979056,0.9408598024097872,1.3557973585897787,0.9408598024097872,1.6593435709260165,0.013671167308339288,0.00532222611573329,1.0,1.0,1.0,1.0,1.0,3216.957275390625,0.0003571224403853268,-0.05572574242334016,0.7553748325577024,0.5821,0.3092048322360036
2024-06-12,665.2794681871808,674.1630219166832,663.1572618091734,665.1807861328125,10783822.0,0,1,0.0014117485338085434,-0.00948036883178216,-0.03168331346793818,-0.00428479281366656,0.04577897004274334,0.001410752953742835,0.14444444444444443,0.4,669.3634338378906,-0.006248694645741728,635.6666284179687,0.046430245659266255,585.8965219116211,0.13532127475771386,546.748673248291,0.2166116145850048,668.3735415921958,658.3753324579166,1,1,1,52.68953459552825,0,0,9.99820913427925,13.7554840324213,-3.7572748981420503,0,700.1542114057789,638.5726562700023,669.3634338378906,0.09200017811353992,0.43207953751969863,24.985372963314898,0.03756177791690788,34.7581997462884,15.87606670081825,22.752665905264813,1,65.8264549780059,66.25344156254644,12525187.714285715,10669590.0,1.1739146222381287,0,1135128680.0,668.8925955810736,40496632.31243857,0.6544002377528381,0.39933169203965296,0.31293384575839267,1.2760898108412524,0.46242065494464885,0.9421880598563586,1.3577114035229092,0.9421880598563586,1.6384065282132265,0.016545517154057325,0.0015603117074208996,1.0,0.0,1.0,1.0,1.0,3214.76025390625,-0.0006829501595131404,-0.11691928809559782,0.7554005816123317,0.582,0.3091244275605259
2024-06-13,669.2276831863884,675.7916661240815,667.3029012520275,671.8927612304688,9555904.0,0,1,0.010090452456809507,0.0063571237376987,0.04876354827495444,0.011065678038099547,0.061189430030635705,0.010039883731119612,0.7333333333333333,0.43333333333333335,670.7132415771484,0.0017586049897370915,637.6989868164062,0.053620556282782596,587.0168362426758,0.14458857011846382,547.7633723449707,0.22661133466098904,668.9149599980839,659.3766234781056,1,1,1,54.79825419935669,0,0,9.538336519978316,12.912054529932703,-3.3737180099543878,0,699.2740692081928,642.152413946104,670.7132415771484,0.08516553978831562,0.5206492554865292,23.95862346531162,0.03565840391171215,33.43920390591241,15.859387297071468,22.03289581689991,1,71.44625323644398,67.43800312411842,10426000.857142856,10390469.266666668,1.0034196328928258,0,1144684584.0,669.874296954275,40593055.707432404,0.4697368493219211,0.39964665238537245,0.3109103927003043,1.2854078273626692,0.46025631062205535,0.9516951636797126,1.3714113258902252,0.9516951636797126,1.6523446603356218,0.012634106753149379,0.006083905515526829,0.0,0.0,1.0,1.0,1.0,3220.502685546875,0.0017862705729447814,0.09640457985192952,0.7550432248538571,0.5802,0.30845821881510427
2024-06-14,681.072467018604,681.072467018604,668.6355156320986,674.7552490234375,8326865.0,0,1,0.0042603343243743375,0.015825844407375333,-0.01675656378200774,0.008482694305641747,0.05640554420386379,0.004251284793676292,0.2,0.4111111111111111,672.1025299072265,0.003946896490000012,639.9406042480468,0.05440293137251248,588.1657754516601,0.14721950372798245,548.7872019958496,0.22953896623219824,669.8134660019845,660.515780925908,1,1,1,55.70501791966552,0,0,9.297685076076505,12.189180639161464,-2.891495563084959,0,698.4149981952897,645.7900616191633,672.1025299072265,0.07829897111589576,0.5504080249554996,23.135646888254033,0.0342874648574248,31.85866272160612,16.88080941623295,21.18688515791782,1,73.84295520265708,70.37188780570234,7924642.428571428,10313564.933333334,0.768370828108045,0,1153011449.0,670.5446000363393,40628530.93620633,0.18632347926249598,0.3991938930084065,0.31007587410337956,1.2874071359557466,0.4591912411525559,0.9557497032518784,1.3772539966347508,0.9557497032518784,1.6593842010077462,0.018431796424711287,0.013662456745811697,0.0,1.0,1.0,1.0,1.0,3258.6767578125,0.011853451461768527,0.04740239882876485,0.7533888008656585,0.5861,0.31197621966139805
2024-06-17,681.072467018604,681.072467018604,668.6355156320986,674.7552490234375,8326865.0,0,1,0.0,0.014393775482133941,0.009003662743561236,0.0033759321342887727,0.070131464673588,0.0,0.3888888888888889,0.43333333333333335,673.4918182373046,0.0018759408086642688,642.0489672851562,0.050940478693668384,589.3078054809571,0.1449962867414312,549.768094329834,0.22734523153069222,670.5737403129773,661.5705563405397,1,1,1,55.70501791966552,0,0,9.003183972437569,11.551981305816685,-2.5487973333791167,0,697.0017616732925,649.9818748013167,673.4918182373046,0.06981508252771138,0.5268701366630866,22.371454352414844,0.03315491711223098,30.39101733617885,16.2104851373956,20.34556984156611,1,73.84295520265708,73.04405454725274,7625588.285714285,10254646.4,0.7436227431220139,0,1153011449.0,671.1965194084365,40628530.93620633,0.08863706192914184,0.39679842036580143,0.31007587410337956,1.279681695692031,0.4550072319846404,0.9557497032518784,1.3772539966347508,0.9557497032518784,1.6593842010077462,0.018431796424711287,0.009362236165349324,0.0,1.0,0.0,1.0,1.0,3258.6767578125,0.0,0.024288711416815545,0.7420965034166178,0.5792,0.3111000771041742
2024-06-18,674.7552419296725,679.098336786372,668.2406598900783,669.968017578125,4013739.0,0,1,-0.007094767254113177,-0.0028646590101951697,-0.002351710240941496,-0.03764355337918068,0.09440507985934832,-0.007120054792424307,0.3111111111111111,0.4666666666666667,672.7589263916016,-0.00414845304014892,643.8286401367187,0.04059989850071832,590.3886380004883,0.1347915160548379,550.7600912475586,0.21644256405823006,670.4805521999231,662.1925905062868,1,1,1,53.618769974409325,0,0,8.287961693636248,10.899177383380598,-2.61121568974435,0,695.7147908657408,649.8030619174623,672.7589263916016,0.06824395358755019,0.43921141988312756,21.54904167697762,0.03216428413236127,29.05164444558304,15.627071026217433,19.74421711544435,1,69.83470509033148,72.50687183188192,7174273.571428572,10028864.5,0.7153624990574527,0,1148997710.0,670.9375160474133,40600054.39218257,0.0984602164409252,0.38636189655630243,0.3090310183291913,1.2502366223468722,0.44537884902116304,0.9489688815541184,1.36748270007883,0.9489688815541184,1.637736904307962,0.016206261510128852,-1.05130934972254e-08,1.0,1.0,1.0,1.0,1.0,3305.932373046875,0.014501473679794152,0.0282007878233852,0.7403525413866757,0.5746,0.30138348242184687
2024-06-19,671.2511899214303,673.1759719783774,651.8554667587694,653.82958984375,4770356.0,0,1,-0.024088355430329278,-0.03101222140912996,-0.020697790753460676,-0.047112087135563474,0.04561964639825278,-0.02438322477180634,0.17777777777777778,0.34444444444444444,671.6657562255859,-0.026555122419916068,645.000283203125,0.01368884149442213,591.2083932495117,0.10592068263788985,551.6444985961914,0.18523721619194283,667.9188656835888,661.5731089757285,1,1,1,47.20099821800961,0,0,6.345756707860346,9.988493248276548,-3.6427365404162018,0,696.0699243528187,647.2615880983532,671.6657562255859,0.07266759664619964,0.13456721227197974,21.532717644308367,0.032933225994642094,28.703508068052273,14.521852397373868,23.783129465267702,1,56.32233253888397,66.66666427729088,7276495.571428572,9931764.633333333,0.732648813183404,0,1144227354.0,670.4475476491184,40485144.36132537,0.17507094693290542,0.3902698488960832,0.3140316235473344,1.2427724459325267,0.4456387446556965,0.9261097818429208,1.3345422907545048,0.9261097818429208,1.5982865156556243,0.032608657593338954,0.0019152740274735055,1.0,1.0,1.0,1.0,1.0,3258.82666015625,-0.014248843465364258,0.013376983656106178,0.7426924124496226,0.5815,0.30713022118391364
2024-06-20,656.3959236455157,675.4955403331091,653.1879736427369,667.7471313476562,6646966.0,0,1,0.021286190958766715,-0.010386162517333486,0.0052753120980526536,-0.018640712532513204,0.09218597243251869,0.021062804467489066,0.3333333333333333,0.4444444444444444,671.6509521484375,-0.005812276135832002,646.4502770996094,0.03294430368813242,592.2472756958008,0.12748029201680086,552.5286590576172,0.2085294045860961,667.8924450165223,662.0304439662416,1,1,1,52.48304244090195,0,0,5.862001050280696,9.163194808677378,-3.301193758396682,0,696.0647302769836,647.2371740198913,671.6509521484375,0.0726978143943749,0.4200488187402545,21.588064004741504,0.03232969935965458,28.192423411692744,14.217483294783573,22.027715830427333,1,67.97520287398154,64.71074683439902,7489216.714285715,9933726.233333332,0.7539181711244578,0,1150874320.0,670.5356326666011,40626632.9488978,0.22504009644398593,0.38741088965229176,0.31622293623070047,1.2251195130566244,0.4449865828676638,0.945823131508011,1.3629496127980552,0.945823131508011,1.632307947634692,0.033407207074556536,0.003925080543355366,1.0,1.0,1.0,1.0,1.0,3256.37890625,-0.0007511150980128445,0.01225432216987965,0.7340617253952157,0.5596,0.29679168262959976
2024-06-21,671.2018388479273,682.2569400074547,668.2406542647747,675.6436157226562,11973903.0,0,1,0.011825560911153943,0.008471446390901027,0.01572930218064772,-0.016452367698912007,0.09414964378035728,0.011756185366595246,0.4111111111111111,0.45555555555555555,672.2061737060546,0.005113672190259812,648.1450610351562,0.04242654359439524,593.2442074584961,0.13889627109410058,553.4562501525879,0.22077149826455345,669.084932817466,663.0388270593094,1,1,1,55.22028678813491,0,0,6.046105758156614,8.539776998573226,-2.493671240416612,0,696.4433933515882,647.9689540605211,672.2061737060546,0.07211245773571867,0.5709124657628596,21.082474337245568,0.03120354258760535,27.176715377862234,15.809350541237595,20.94483283346452,1,84.8214163411238,69.70631725132979,7659228.285714285,10187363.4,0.75183617045744,0,1162848223.0,670.8785854198231,40768231.06816855,0.2346675011190706,0.38772860718768837,0.3166414878462248,1.2245034907617243,0.4452861246037742,0.9570080205608373,1.3790672564630322,0.9570080205608373,1.6516109046952068,0.02074508722721879,0.005173676288655457,0.0,1.0,1.0,1.0,1.0,3186.295166015625,-0.02152198569394448,-0.008854497891728319,0.7384065527092898,0.5477,0.28900748603503323
2024-06-24,670.806989409092,678.8022239221813,666.365212539194,676.3839111328125,8014595.0,0,1,0.0010956891960924864,0.034495718210692194,0.00668432547795117,0.05577382518103513,0.08168904707597058,0.0010950893667962727,0.3333333333333333,0.4,672.57138671875,0.0056685795580191855,649.5772863769531,0.041267798794774,594.2840768432617,0.1381491402657993,554.4470132446289,0.21992524979908856,670.2078525582886,664.0273518054948,1,1,1,55.479217574280504,0,0,6.180500752793705,8.067921749417323,-1.887420996623618,0,696.8303584104905,648.3124150270095,672.57138671875,0.07213798318150845,0.5785796789432872,20.464941269084264,0.030256398669816727,26.34587084601382,15.123086058642958,20.690226847104903,1,83.5557815098643,78.7841335749899,7439041.285714285,10335103.7,0.7197839036403946,0,1170862818.0,670.9277040144225,40777012.573321104,0.2282121425083295,0.38669695378798147,0.3157680388434113,1.2246234774246536,0.44228358841108634,0.9580566039095398,1.3805782855566238,0.9580566039095398,1.648086919433665,0.01838750327777268,-0.007158546608023625,0.0,1.0,1.0,1.0,1.0,3191.590087890625,0.0016617800922760217,-0.008977666060023926,0.734969596529491,0.5447,0.28809034681834417
2024-06-25,679.8879059282078,686.9947603254924,672.090156721208,676.630615234375,5778636.0,0,1,0.0003647397543051767,0.01330366462045296,0.0027793280802952403,-0.014023807689961032,0.06007879028851071,0.00036467325293096327,0.3,0.35555555555555557,672.7786682128906,0.005725429778735984,651.0904516601563,0.03922675184238404,595.2770596313477,0.13666502729570862,555.4390098571778,0.21819066220854688,671.195969893071,664.9609268743008,1,1,1,55.57141543750069,0,0,6.235043018770284,7.701346003287916,-1.4663029845176316,0,697.1052820530439,648.4520543727373,672.7786682128906,0.07231684055849259,0.5791714590200472,20.06777429302713,0.029658389439082573,24.92091217330812,17.236816220821794,19.592590602988555,0,70.50553941433742,79.62757908844186,7075008.571428572,10249730.033333333,0.6902629189666272,0,1176641454.0,670.7628323098426,40779120.27159596,0.22704044661505887,0.3829723038330414,0.315802765231033,1.2126945866128467,0.44287594843507455,0.9584060452398602,1.3810818373412967,0.9584060452398602,1.6340460950928377,0.022027681379923426,0.005180482175465726,1.0,1.0,1.0,1.0,1.0,3168.1123046875,-0.007356139904119652,-0.027791787850045768,0.7199699159465093,0.5329,0.2849838727831259
2024-06-26,674.7059298548851,674.7059298548851,662.663766549516,665.970458984375,6069407.0,0,1,-0.015754764874639116,-0.01431695129381938,-0.013019224454758338,-0.004132782417370584,0.03212489028436161,-0.015880190292324008,0.17777777777777778,0.26666666666666666,671.2684661865235,-0.007892531034932215,652.3904138183593,0.020815825736208136,596.0908926391602,0.11722971648807921,556.4083045959472,0.19690963179995963,670.392045137887,665.0357070306026,1,1,1,50.68685695791415,0,0,5.356338107284387,7.232344424087211,-1.8760063168028243,0,693.102034050491,649.4348983225559,671.2684661865235,0.06505167146612467,0.37867289406941357,19.631993892443692,0.02947877586399714,24.195083732269705,16.360899063480545,22.02663588255336,0,40.16868523211453,64.74333538543878,6752514.571428572,10226568.366666667,0.6602913440092263,0,1170572047.0,668.2443539117434,40683498.191382475,0.24729488637000435,0.385400826785413,0.3178703991971957,1.2124464176556553,0.4431364062619161,0.9433065833426734,1.35932321772135,0.9433065833426734,1.6083020830703278,0.018082128333040057,-0.0028445141797540925,1.0,1.0,1.0,1.0,1.0,3167.5126953125,-0.00018926392669627035,-0.027975791793843685,0.7199973773777222,0.5304,0.2855007471726147
2024-06-27,669.2277150646433,678.8022239221813,663.4040279592618,676.3839111328125,7135387.0,0,1,0.015636507607737382,0.0,0.00957641765927919,0.007202186458856952,0.04882535335556937,0.015515517039393203,0.3888888888888889,0.3333333333333333,670.7798706054688,0.00835451505467111,653.8206665039063,0.03450983700095598,596.9195309448243,0.13312410813934897,557.423497467041,0.21341119311678342,671.3138706755677,665.8763147418774,1,1,1,54.86077389842797,0,0,5.437555933690305,6.87338672600783,-1.4358307923175246,0,691.6257064159702,649.9340347949674,670.7798706054688,0.06215402913532643,0.6344163068894701,19.329579754620532,0.028577823091988124,23.192124339851105,16.943651651640167,20.77329972984621,0,69.80346468112158,60.159229775857874,7198464.285714285,10171712.733333332,0.7076944143462165,0,1177707434.0,667.1462970228525,40795070.724492125,0.26385915778063657,0.3876267930696708,0.3189628830578336,1.2152724146257081,0.44080061323500214,0.9580566039095398,1.3805782855566238,0.9580566039095398,1.633450310827797,0.022765467524398127,0.004890991839541594,1.0,1.0,1.0,1.0,1.0,3172.158447265625,0.0014666877136750855,-0.040464810130994566,0.7198457092419632,0.5268,0.2852051912096495
2024-06-28,681.3191862175565,688.4753819438547,677.1241749297266,684.5764770507812,6101211.0,0,1,0.012112301583649066,0.011743278588796757,0.047025842336653856,0.02535472053850385,0.05812792666530053,0.012039534652882258,0.7,0.34444444444444444,670.9871520996094,0.02025273495721795,655.3762756347656,0.04455486489457328,597.928801574707,0.14491303186579854,558.4831077575684,0.22577830473602908,673.3542716563697,667.2615119499444,1,1,1,57.88119218314484,0,0,6.0927597064253405,6.717261322091333,-0.6245016156659924,0,692.313946829901,649.6603573693177,670.9871520996094,0.06356841457711153,0.8185974527121549,18.812571972936365,0.027480599470759884,21.538952672080068,19.838532395241963,19.819607138022082,0,89.35304772453048,66.44173254592222,7388586.428571428,10207546.266666668,0.7238357030718816,0,1183808645.0,666.4707041650786,40868970.432149604,0.19650302228836936,0.3887906388817366,0.31768366049451857,1.2238295110190123,0.4411843655025363,0.9696608744302988,1.397300266111123,0.9696608744302988,1.6226836052189832,0.016581357079387515,0.007296558956404509,0.0,1.0,1.0,0.0,0.0,3174.156494140625,0.000629869821516138,-0.025981794935839075,0.7197795388277483,0.5247,0.284878313519168
2024-07-01,689.9560146063235,692.7691158895834,679.4931864086157,680.9243774414062,4870114.0,0,1,-0.005334830704538107,0.022454326997982,0.019733886489569086,0.025113300997761767,0.05248299331279749,-0.005349111727733189,0.45555555555555555,0.32222222222222224,670.6860961914062,0.015265384668236973,656.7838256835937,0.03675570380054134,598.9889053344726,0.13678963229073704,559.5713430786133,0.21686785047844076,674.5189033156062,668.273576060423,1,1,1,56.07972558241029,0,0,6.245327255183156,6.622874508709698,-0.37754725352654184,0,691.2196110330311,650.1525813497814,670.6860961914062,0.061231371749698074,0.7493065928792008,18.417097509224323,0.02704719954134572,20.306530290442367,20.482338035255868,18.799112433603774,0,71.0494206705793,76.7353110254105,7134750.428571428,10202343.233333332,0.699324681143897,0,1178938531.0,665.9388704383672,40842989.1984478,0.17765520239949378,0.3893245379539821,0.31766395642108997,1.225586126736708,0.4419039177733544,0.9644878978243989,1.3898459057480141,0.9644878978243989,1.6091642581377956,0.01949692200894975,0.00785819807703266,1.0,1.0,1.0,1.0,0.0,3180.80029296875,0.0020930911378784778,-0.023209403898358127,0.7197460645860809,0.5238,0.28485641821603425
2024-07-02,680.9737620870601,694.2003502172932,679.4931698171902,685.760986328125,5482768.0,0,1,0.007103004455344175,0.013863539686518767,0.014974419013265461,0.030939258355552335,0.0016580323814670006,0.0070778969416100046,0.4,0.2222222222222222,672.9415313720704,0.019049879311084972,658.4213610839844,0.04152299250912872,600.8115145874024,0.14139121784152275,560.6731506347656,0.2231029532121188,676.2484545483013,669.5689397839566,1,1,1,57.946426296363704,0,0,6.679514764344731,6.634202559836705,0.045312204508025644,1,689.0085125801854,656.8745501639553,672.9415313720704,0.04775149239297465,0.8989378835390629,18.15210343000138,0.026470014760092964,19.26462091896176,19.860159027819613,17.711155331123265,0,80.06993242186044,80.15746693899011,6207445.428571428,9852546.433333334,0.6300346281617384,0,1184421299.0,670.8020698357964,40881933.32397942,0.16978350835927478,0.3534888671318493,0.3157467813112594,1.1195327650335862,0.4357273285853515,0.9713386596597711,1.3997179874087842,0.9713386596597711,1.6205941590327289,0.02144651080087246,7.252588876228695e-05,1.0,1.0,1.0,0.0,0.0,3150.22900390625,-0.009611194116801003,-0.01131915288139318,0.7188690888648579,0.5453,0.26838357258475276
2024-07-03,689.857306717639,693.9042347710385,674.557853461663,682.7011108398438,5875690.0,0,1,-0.004462014534634351,-0.002739454646494388,0.009339665836301636,0.01608642068055799,0.010371748333461994,-0.004471999033209924,0.35555555555555557,0.2222222222222222,672.7638610839844,0.01477078412007461,659.5179870605468,0.03515161714182118,602.6262274169922,0.13287653238404962,561.7426318359375,0.21532721952859263,677.2411709008463,670.5416931955039,1,1,1,56.3156798220572,0,0,6.699477705342474,6.64725758893786,0.0522201164046141,0,688.2801339372172,657.2475882307515,672.7638610839844,0.04612695107680848,0.8202202568186,18.237408992813823,0.02671360673542565,17.898943829959727,18.355315684085735,18.302110482493273,0,72.84385163389855,74.65440157544613,5901887.571428572,9781588.3,0.603366998325678,0,1178545609.0,673.512875800937,40855715.90979841,0.17442195138038397,0.3515667935478219,0.31287120793173273,1.1236789600164563,0.435174450169476,0.967004532442317,1.393472425404577,0.967004532442317,1.6133630443403815,0.02833799594316774,0.005973393749690404,1.0,1.0,1.0,0.0,0.0,3187.943603515625,0.011972018403300089,-0.0011425290449532666,0.7193104565803361,0.549,0.268550850133904
2024-07-04,688.6728446591655,696.6186779626776,681.615330589417,682.8984985351562,5924057.0,0,1,0.0002891275437792995,0.002899178174774475,0.009263375259202844,0.012068449298474393,0.022237013052273102,0.00028908575446578056,0.34444444444444444,0.2222222222222222,673.4720764160156,0.013996752722554984,660.4073303222656,0.034056509036499386,604.3896124267578,0.12989780845697846,562.8530758666992,0.21328021079676476,678.1115289984325,671.4570121095522,1,1,1,56.400918780337285,0,0,6.654516888880266,6.648709448926342,0.005807439953924742,0,689.4985426767173,657.445610155314,673.4720764160156,0.047593558283779085,0.7940892260901908,18.006404591417162,0.026367614850584087,16.846836467963968,18.339659119182254,17.21284360589567,0,69.34942990344842,74.0877379864025,5922662.0,9654086.833333334,0.6134875418305142,0,1184469666.0,674.1405410928078,40857428.71784803,0.1744400745179492,0.3498058594630011,0.31286275236182115,1.11808087355332,0.4356014614423214,0.9672841200876054,1.3938753166642583,0.9672841200876054,1.6138295120346158,0.021970098639026634,0.0087472156182308,1.0,1.0,1.0,0.0,0.0,3141.287353515625,-0.01463521812260038,-0.008467171802017615,0.6825793699517367,0.6162,0.3160444161360722
2024-07-05,685.020674168917,693.4106968352511,684.5271434238385,690.1040649414062,5174673.0,0,1,0.010551445671217907,0.00633322498635569,0.036238252960703043,0.022747234556800944,0.038470087189251156,0.01049616767023175,0.5777777777777777,0.23333333333333334,674.3999145507812,0.023286109698109323,661.3914318847657,0.04341246601096458,606.2003768920898,0.13840916510062182,563.8722169494629,0.22386605368651621,679.9565345281209,672.8382752822822,1,1,1,59.50708256565581,0,0,7.118259245838658,6.742619408308805,0.3756398375298531,0,692.0260125065355,656.7738165950269,674.3999145507812,0.05227194599363216,0.9454800611583519,17.471104142036996,0.025316622564048208,15.869879631825052,17.551459146041147,16.473071793361896,0,85.4465020581398,75.87992786516229,5794842.857142857,9295574.2,0.6233980529296251,0,1189644339.0,674.8883985561089,40912028.99887385,0.13180324559684867,0.350440445790737,0.31265558158873696,1.1208513982382755,0.4333491791856849,0.9774903659293417,1.408582716340493,0.9774903659293417,1.630857746453457,0.012872773633302411,0.0031076003803097016,0.0,0.0,0.0,0.0,0.0,3144.93408203125,0.0011609025552989927,-0.00712818398949544,0.6826193109619155,0.6163,0.3165549229636812
2024-07-08,694.545880304014,696.7667687804768,682.7011417628785,688.1793212890625,2636146.0,0,1,-0.0027890629111236853,0.008024317468122488,0.01743892774814082,0.02718234786306639,0.028546183380509182,-0.0027929595941673887,0.4111111111111111,0.2111111111111111,675.4264587402344,0.018881200734442705,662.3222314453125,0.03904004518665328,608.0254541015624,0.1318264994447279,564.8817343139649,0.21827150620269128,681.2215786451887,673.9746490605622,1,1,1,58.312009449830065,0,0,7.246929584626514,6.8434814435723474,0.4034481410541666,0,693.7736401481817,657.079277332287,675.4264587402344,0.05432769525247035,0.8475428259324906,17.227855776005665,0.02503396315910121,15.25057588319032,17.91936380046271,15.512401359003668,0,80.87909478272609,78.5583422481048,5152094.142857143,9034252.9,0.5702844717638071,0,1187008193.0,675.3432482416105,40904676.621836945,0.11575210020275283,0.35022372974425214,0.3098619331128719,1.1302573576105517,0.43333201881421163,0.9747640838037475,1.4046540905290978,0.9747640838037475,1.626309181599505,0.020438898093089044,0.006436442832697773,0.0,1.0,0.0,0.0,0.0,3110.66650390625,-0.010896119674110083,-0.019384890251109788,0.6785059874774244,0.6272,0.3239865130005697
2024-07-09,692.9171705448307,701.4552765877594,686.5506118432984,697.8524780273438,5507357.0,0,1,0.01405615722390774,0.021897806957057897,0.019393013668475456,0.06733082880833541,0.037722020905075926,0.0139582855130929,0.4222222222222222,0.2222222222222222,677.1069305419921,0.030638510033778234,663.5580310058593,0.05168266439259114,609.9541723632813,0.1441064093774431,566.0022956848145,0.23294990735506077,683.7801785501356,675.7433771321756,1,1,1,62.39901351089495,0,0,8.036801417959964,7.082145438449871,0.9546559795100933,0,697.2135850207147,657.0002760632696,677.1069305419921,0.0593898941859247,1.0158876009757145,17.06191355946676,0.024449169554712432,15.066119757048853,18.764054981642758,14.544467969018537,0,92.53573673979817,86.28711119355471,5067257.857142857,8786985.3,0.5766776299424169,0,1192515550.0,676.5053906875875,40982088.89771713,0.12277413739448928,0.35207680434424465,0.31028203610551613,1.1346992844423502,0.43209217756191415,0.9884655210219114,1.4243981292707801,0.9884655210219114,1.6491688391507526,0.02135790186859091,0.006884614386397862,0.0,0.0,0.0,0.0,0.0,3107.819091796875,-0.0009153704216763314,-0.020899222349687663,0.6774153317042204,0.6266,0.32589314397637487
2024-07-10,698.8395277165905,702.8864556856952,676.4332200754569,684.3297119140625,5327276.0,0,1,-0.019377685884997886,-0.00836736562018947,0.005001046497192352,0.024833623070666055,-0.017014107247484533,-0.019567894450787646,0.26666666666666666,0.15555555555555556,678.0643768310547,0.009240029851278963,664.5233752441407,0.029805327258270117,611.7456887817383,0.11865064922136476,567.087569732666,0.20674433445378868,683.8647221445859,676.379401930834,1,1,1,54.373651980562386,0,0,7.4853202137519474,7.162780393510287,0.3225398202416603,0,697.5952967997035,658.5334568624058,678.0643768310547,0.05760786331211479,0.6603952884212563,17.73272227737901,0.025912541818154857,14.054438261255278,16.764644111772853,17.070028701023354,0,53.86498473832416,75.75993875361617,5132566.714285715,8208406.1,0.6252817723389337,0,1187188274.0,677.7423028454717,40878858.616766445,0.1789353773781274,0.34231846243580943,0.3135275351314747,1.0918290232220322,0.43023840560372417,0.969311346647398,1.3967965897465924,0.969311346647398,1.6041996923175197,0.03865568767465739,0.0014144102375861804,1.0,0.0,0.0,0.0,0.0,3093.0830078125,-0.00474161575983334,-0.02757711175711075,0.6773583991668355,0.6416,0.3241587419574768
2024-07-11,692.9171560158725,692.9171560158725,683.0465412578117,687.2908935546875,6856272.0,0,1,0.004327127098343597,-0.0012909828977581972,0.0022309627655465736,0.01723878915006627,0.0016542464016782166,0.004317792003620309,0.24444444444444444,0.15555555555555556,678.8342834472656,0.012457547171126033,665.6061804199219,0.032578893905529885,613.4745260620117,0.12032507358783832,568.2017152404785,0.20958961425135297,684.3918254384477,677.187660569638,1,1,1,55.71675856919587,0,0,7.204164868809698,7.17105728857017,0.033107580239528644,0,698.5539216054694,659.1146452890619,678.8342834472656,0.058098533439010336,0.7144210263793234,17.171143168856283,0.02498380719122678,13.115019729446958,16.07629097536735,16.369136530778597,0,61.22695308061857,69.20922485291366,5328781.571428572,8091557.966666667,0.6585606373186218,0,1194044546.0,678.7576239420688,40908526.57713126,0.17554586254959037,0.34000375029657215,0.31343251335257616,1.084774986040157,0.4281946540572714,0.9735056800422079,1.402840706120959,0.9735056800422079,1.5891817118041065,0.014361625987810952,0.012548693929700925,0.0,0.0,0.0,0.0,0.0,3075.399658203125,-0.00571706273795769,-0.023753620962265742,0.6751372371777186,0.6368,0.3205753879693929
2024-07-12,688.4753833537931,693.361349736362,677.2228583663891,683.0958862304688,3839953.0,0,1,-0.0061036853005894676,-0.021145718130267666,0.000578255087558599,0.009923321633146243,0.003916693479715461,-0.006122388933946257,0.24444444444444444,0.16666666666666666,679.2513153076172,0.005660012481698912,666.4935485839844,0.024909975020399284,615.1890515136719,0.11038368538860079,569.284768371582,0.19991948525944095,684.1924501756816,677.6253069148846,1,1,1,53.32204314522051,0,0,6.567143260797025,7.050274483015541,-0.4831312222185167,0,698.9605118688803,659.5421187463542,679.2513153076172,0.05803211894359669,0.5975324110980691,17.097382326078893,0.02502925675695027,12.76950523583177,14.99238619050029,17.69847586821887,0,50.797497929034826,55.29647858265921,5037962.0,7765547.0,0.6487581621745384,0,1190204593.0,679.215217089049,40885088.7124502,0.17770342147431256,0.33958006475765184,0.31387880013239655,1.081882766897332,0.42747549867797136,0.9675637077328939,1.3942782079239397,0.9675637077328939,1.5794818467498022,0.023625513921669093,0.001723418439286092,0.0,0.0,0.0,0.0,0.0,3062.5615234375,-0.004174460620551046,-0.039330080977547754,0.643418427009757,0.6937,0.36594358039588604
2024-07-15,683.0959148370489,692.5223403311452,679.5425174529821,691.041748046875,2848268.0,0,1,0.011632132437883635,0.009808190432122332,0.011924538608865554,0.021298375343995035,0.005962994833812685,0.011564999284973398,0.4,0.16666666666666666,680.065640258789,0.016139777013155946,667.7036853027344,0.03495272417668213,617.1143148803711,0.11979536268063212,570.4213696289063,0.2114583794370109,685.2461883097114,678.6191173691061,1,1,1,57.0845293535764,0,0,6.627070940605336,6.965633774533501,-0.3385628339281652,0,700.3306540708022,659.8006264467758,680.065640258789,0.05959722889191002,0.770814219272313,16.80327093694205,0.024315854989129027,12.448670348903383,14.16517259957851,16.721952212093438,0,70.552173678099,60.858874895917495,4598563.571428572,7624424.066666666,0.6031358606524918,0,1193052861.0,679.744292610311,40918220.143044785,0.19066033620223385,0.34012063513439467,0.31438159722371,1.0818719611388992,0.4251337031694437,0.9788185369233326,1.410496636693766,0.9788185369233326,1.5978545887744289,0.018782979342201224,4.187783987773146e-08,0.0,0.0,0.0,0.0,0.0,3087.48828125,0.008139185979363361,-0.017126440917738628,0.6081569158099862,0.7104,0.39713526763167667
2024-07-16,691.2391446372943,694.0523060116913,680.0853619262017,681.862060546875,4570179.0,0,1,-0.013283839255652796,-0.007898886859586396,-0.011943132656711763,0.023862322041634076,0.0643247186405076,-0.0133728586736896,0.17777777777777778,0.37777777777777777,680.6603424072266,0.001765518078221496,669.0974157714844,0.019077408572371588,618.9023764038086,0.10172797284912631,571.4585243225098,0.19319606152564378,684.7255532692751,678.8593353822741,1,1,1,51.881599100067504,0,0,5.866217887000971,6.745750597026996,-0.8795327100260248,0,700.3680911208055,660.9525936936477,680.6603424072266,0.05790773308132034,0.5304884681937413,16.6006761618383,0.024346091566561177,11.979261607275559,13.972204531945083,15.717025109513665,0,46.74999398594625,56.03322186436005,4512207.285714285,6968422.966666667,0.6475220157126443,0,1188482682.0,680.2198201015397,40857510.61983922,0.19802066340815172,0.2717037406464563,0.31484486699783265,0.8629765612419106,0.3239284378292862,0.9658160688183898,1.3917598261012871,0.9658160688183898,1.5766289452632423,0.020483533098010508,0.0002856507453814883,0.0,0.0,0.0,0.0,0.0,3106.370361328125,0.006115676678934756,-0.012262171383324305,0.22532964445510686,0.5047,0.6190628798369284
2024-07-17,691.2391446372943,694.0523060116913,680.0853619262017,681.862060546875,4570179.0,0,1,0.0,-0.0018062261952744851,-0.009179672429497465,0.008099171674393668,-0.0064006224344279605,0.0,0.2,0.1111111111111111,682.0619659423828,-0.00029308978581089727,670.2285876464844,0.017357470443392635,620.7422589111328,0.09846244678581206,572.4796394348144,0.19106779276910063,684.2850159273673,679.0817594685409,1,1,1,51.881599100067504,0,0,5.203256458826445,6.437251769386886,-1.2339953105604407,0,697.1904808771684,666.9334510075972,682.0619659423828,0.044361115822909164,0.4933930925682546,16.412552442099106,0.024070194533093274,11.543382061478294,13.12290249342846,14.761663954127783,0,25.7838598157717,47.69534249327234,4788497.714285715,6259549.8,0.7649907528949949,0,1188482682.0,681.275661164292,40857510.61983922,0.19809200631433652,0.18398497091547486,0.30530773838664393,0.6026213809309837,0.2093127344301663,0.9658160688183898,1.3917598261012871,0.9658160688183898,1.5766289452632423,0.020483533098010508,0.013752171638496204,0.0,0.0,0.0,0.0,0.0,3106.370361328125,0.0,-0.001381100343842756,0.14605055486379084,-0.1509,-0.1895799464657994
2024-07-18,677.124227130571,686.8467593548901,675.248786076779,681.0231323242188,7841505.0,0,1,-0.0012303488802168916,-0.014497844379116498,-0.02411590734863822,-0.005190573801002629,0.018376420076372746,-0.0012311063807908182,0.1,0.16666666666666666,682.7257659912109,-0.002493876387571494,671.6213317871094,0.013998662776377591,622.5791809082032,0.09387392512990714,573.4940921020508,0.18749807836387203,683.783187680729,679.2255648652579,1,1,1,51.385196694645,0,0,4.557622815471177,6.061325978603744,-1.5037031631325668,0,696.2942581724415,669.1572738099803,682.7257659912109,0.039748000902034925,0.4372578159661907,16.06865393038568,0.023594872431933457,11.64408780426655,12.44634536767554,16.15058019091793,0,22.822442178495706,31.785431993404575,5121947.428571428,6173591.833333333,0.8296543676432061,0,1180641177.0,682.1619558678811,40847862.83294325,0.16749879332425216,0.16723504084508609,0.3036746704158378,0.5507046096932691,0.2038522610889691,0.9646277780996236,1.3900474759577124,0.9646277780996236,1.5746891416059199,0.017030219279819698,-0.006948375177970987,0.0,0.0,0.0,0.0,0.0,3089.28662109375,-0.0054995825504434714,-0.005963175511741192,0.1301357537867626,0.0545,0.06994457821196887
2024-07-19,675.0513616978988,676.8280602902466,650.1280596443925,654.4217529296875,6207375.0,0,1,-0.039060904295196486,-0.04024319463555359,-0.04370401936914703,-0.03892153870493398,-0.025501627747036126,-0.03984424797772598,0.022222222222222223,0.07777777777777778,681.6646728515625,-0.03996528059450625,672.3596533203125,-0.026679025581089418,623.9995623779297,0.048753544691322065,574.3942919921875,0.13932495857495128,679.2660438728765,677.388245462623,1,1,0,38.73080917206113,0,0,1.8777984102534901,5.224620464933693,-3.346822054680203,0,700.0347620143567,663.2945836887683,681.6646728515625,0.05389772976190139,-0.24150211467267496,17.12768384106001,0.026172241011829942,13.578228684594938,10.842714542778719,24.5459247149389,0,8.138407547366777,18.914903180544755,5247675.857142857,6141406.266666667,0.8544746315881014,0,1174433802.0,681.6782315578981,40605397.15214386,0.26503800863600846,0.203746348239001,0.31496253086799564,0.6468907513458908,0.21230912500559543,0.9269485447787862,1.3357509645335488,0.9269485447787862,1.5131803597509659,0.04079937826993792,-0.008768822001595355,0.0,1.0,0.0,0.0,0.0,3002.8681640625,-0.027973596376969945,-0.02916664167179983,0.14725523508753127,0.3246,0.4460623909652963
2024-07-22,646.5252883736423,666.2665185529902,642.4289590132463,663.6014404296875,3291634.0,0,1,0.014027173545049232,-0.0267805193656645,-0.034467869932740536,-0.032313803701621735,-0.006061568997999034,0.013929703177820225,0.06666666666666667,0.1,681.0255493164062,-0.025585103090784985,673.1256127929687,-0.014149175402437876,625.4539971923828,0.06099160515169113,575.3265715026855,0.15343436806062752,676.8561048816166,676.3670006453685,1,1,0,43.86796042177241,0,0,0.48910423624806754,4.277517219196568,-3.7884129829485005,0,700.9895177997324,661.06158083308,681.0255493164062,0.058629132206171865,0.06361109011789785,17.606960676680288,0.02653243287910833,15.763820347706847,9.794168790934352,25.29560842022218,0,35.02044011373981,21.993763279867455,4738441.857142857,6115967.333333333,0.7747657237011933,0,1177725436.0,681.5170332202291,40651569.47350864,0.2867259230065181,0.20757325326562764,0.3161880353079468,0.6564867423381933,0.21950300091707814,0.939951012883729,1.3544877751260276,0.939951012883729,1.5344060032621527,0.035921500598776385,-0.012066323469069672,0.0,0.0,0.0,0.0,0.0,2998.022705078125,-0.0016136102951052056,-0.025159966744032647,0.14709278014692873,0.3253,0.45606083754100246
2024-07-23,663.601421525233,664.4898009561772,630.4361798669103,645.044677734375,9602846.0,0,1,-0.027963716720230236,-0.052830003684390614,-0.055704051602582294,-0.05515800766626067,-0.02890262004135269,-0.028362146741258854,0.011111111111111112,0.05555555555555555,679.4462524414063,-0.05063178225417908,673.26083984375,-0.04190970340102265,626.75099609375,0.029188117377780116,576.1613786315918,0.11955556491201133,671.9620391666563,674.0468285778876,1,1,0,37.09663448242313,0,0,-2.084789411231327,3.005055893110989,-5.089845304342316,0,705.069368158294,653.8231367245186,679.4462524414063,0.0754235250391564,-0.17129960085919343,18.78172213472219,0.029116932180093695,18.311334739650935,8.52573606948924,26.580561524572868,0,20.163481370318042,21.107443010474906,5561712.285714285,6264131.6,0.8878664499504266,0,1168122590.0,678.6214641281563,40383038.20825665,0.3195217115402774,0.22273536293869584,0.32117255900506164,0.693506828941714,0.23665638294903002,0.9136664890285549,1.3166112626813886,0.9136664890285549,1.4914983084531093,0.052792654934965565,-2.848766339600311e-08,1.0,1.0,1.0,0.0,0.0,2992.528076171875,-0.0018327509317868085,-0.022867605019414428,0.14688671872520537,0.3034,0.4568233445538725
2024-07-24,644.5511606890116,648.1539592688389,636.6546686744449,643.1692504882812,2610134.0,0,1,-0.0029074377493988335,-0.017194572752252668,-0.06927583998202447,-0.05817738380168613,-0.03309105750408181,-0.002911672556816628,0.011111111111111112,0.044444444444444446,678.3061920166016,-0.05180100364977998,673.2193823242187,-0.044636462682034736,627.9813677978516,0.024185244131826964,576.9833540344239,0.1147102355571745,667.5323793699832,671.7596005712501,1,1,0,36.48370862219687,0,0,-4.227221201266843,1.5586004742354227,-5.785821675502266,0,708.1373427660099,648.4750412671933,678.3061920166016,0.08795777216988208,-0.08893037388135815,18.26154845327018,0.028393068293309075,20.67688381788473,8.142260856353994,25.385006511749122,0,17.574909794987352,24.252943759681767,5527693.142857143,5991675.333333333,0.9225621942672811,0,1165512456.0,678.357378839938,40375449.406134054,0.29260622487302396,0.22268490272732996,0.3212370349302115,0.6932105533090482,0.23697312381857416,0.9110100605879925,1.312783297394985,0.9110100605879925,1.487161869967948,0.017879105049975495,-0.0007650897099048071,1.0,1.0,0.0,0.0,0.0,2967.901123046875,-0.008229481060208932,-0.038732829831084836,0.1477611223374396,0.3035,0.4541889996686883
2024-07-25,633.6441117274176,640.6028829211537,625.1060060617984,638.1845703125,6171776.0,0,1,-0.0077501842197787996,-0.0383014089009962,-0.06405619664385531,-0.07523429764656508,-0.05016900443493,-0.007780372977612736,0.022222222222222223,0.03333333333333333,676.3962249755859,-0.056493004029502324,673.0851416015626,-0.05185164421549836,629.065654296875,0.014495968669307652,577.8055758666992,0.10449707820010783,663.0173318226781,669.2725612928241,1,1,0,34.83620625095888,0,0,-6.255229470145991,-0.004165514640860124,-6.251063955505131,0,711.219397142305,641.5730528088669,676.3962249755859,0.10296678449965015,-0.048652697119955915,18.247383879928226,0.0285926434589182,23.313067309893515,7.566539783129411,28.110761958029105,0,16.81471926935659,18.184370144887357,5756492.714285715,5878871.066666666,0.9791833583364602,0,1159340680.0,676.16700752489,40327617.005170844,0.2920276600513317,0.2209056332948403,0.32150611801142376,0.6870962041443675,0.23976863809039028,0.9039495647923638,1.3026089849995253,0.9039495647923638,1.4756360915110658,0.02428275075934044,-0.014809692399990186,1.0,1.0,0.0,0.0,0.0,2970.698486328125,0.0009425392441573255,-0.04367537003604216,0.14756271059266277,0.2867,0.42612106613243067
2024-07-26,651.460576096562,659.8505986675026,646.5252687018912,658.9622192382812,4730539.0,0,1,0.03255742913935866,0.021576089198642068,-0.03358427258766583,-0.042455652396025556,-0.02340556788259629,0.03203866574871382,0.1111111111111111,0.06666666666666667,675.115512084961,-0.023926709663052294,673.3249963378906,-0.021331121193667674,630.3577172851562,0.04537820537252998,578.7721556091309,0.13855204133784568,662.3934683481555,668.5088322517469,1,1,0,45.81910612032686,0,0,-6.115363903591401,-1.2264051924309685,-4.8889587111604325,0,710.5506323106616,639.6803918592603,675.115512084961,0.10497498455121042,0.27207227259576283,18.491572771004964,0.028061658515688585,23.67535728708421,14.36822773869589,25.75815141945068,0,43.52792165665375,25.97251690699926,5779401.285714285,5758993.533333333,1.0035436317583672,0,1164071219.0,674.7846594691308,40481631.19345432,0.3842977359117963,0.24117809841013266,0.3276540889134225,0.7360753507149432,0.24025182566154052,0.9333798386936452,1.3450185847249392,0.9333798386936452,1.5236790089959173,0.020221690374016717,0.020802768355181567,1.0,0.0,0.0,0.0,0.0,3077.59765625,0.03598452364447313,-0.009262483777312092,0.1809608156011702,0.4557,0.6050372416832402
2024-07-29,667.9938565781321,667.9938565781321,656.3958841883381,658.221923828125,6032470.0,0,1,-0.0011234261821747582,0.02340390702511974,-0.03348081351991239,-0.056789300671747256,-0.024502699637003023,-0.001124057698387027,0.12222222222222222,0.05555555555555555,673.9803894042968,-0.023381193019725813,673.5500451660156,-0.02275721224859029,631.6719891357421,0.04203120472178711,579.8093101501465,0.1352386246741586,661.7516922681508,667.7468390351822,1,1,0,45.52469713177954,0,0,-5.995146767031429,-2.1801535073510605,-3.814993259680368,0,710.080271684775,637.8805071238187,673.9803894042968,0.10712442928016147,0.28173799219431817,17.999172743775613,0.027345143168576013,23.297865543100052,16.93851841530196,24.572611501161806,0,42.57614596785803,34.30626229795615,5520967.714285715,5682513.7,0.9715713864949792,0,1158038749.0,673.5406895854733,40474854.15871313,0.3843409619807418,0.24116812850481628,0.3264790663847871,0.7386940031878686,0.24004442425543535,0.9323312553449428,1.3435075556313474,0.9323312553449428,1.5219672681039813,0.01762015510261621,0.013705850011083823,1.0,0.0,0.0,0.0,0.0,3086.439453125,0.0028729541228509348,-0.0009216263551945492,0.18140586096252004,0.4539,0.6012163840176874
2024-07-30,656.3958781817752,656.3958781817752,646.1304147857143,651.9541015625,6714850.0,0,1,-0.009522354146413448,0.021576095522424676,-0.0037707355480474103,-0.047309958617766656,-0.02688772529880412,-0.009567981645820732,0.28888888888888886,0.044444444444444446,672.2900451660156,-0.030248765022980274,672.8966101074219,-0.03112292175402492,632.9704681396485,0.02999134142647441,580.815125579834,0.12248127304130932,660.2443706211276,666.5770066297983,1,1,0,43.00515694758896,0,0,-6.332636008670761,-3.0106500076150007,-3.3219860010557603,0,709.223660570402,635.3564297616292,672.2900451660156,0.10987405114786723,0.22469600686451585,17.577196765106695,0.02696078868586065,23.504522332815018,16.10622151819683,27.536788797170267,0,38.94058929951802,41.68155230800996,5593464.142857143,5772550.733333333,0.9689761773002594,0,1151323899.0,671.4809979833236,40410912.97897309,0.3029153267588452,0.24182665714189883,0.3210910209214235,0.7531405158821864,0.23997302351722932,0.9234532669497779,1.3307142008882435,0.9234532669497779,1.5074745567778458,0.015745684199943336,-0.0027742097007796463,0.0,0.0,0.0,0.0,1.0,3125.80224609375,0.012753463518908603,0.04093888752842734,0.18011157917128895,0.4511,0.603408999999037
2024-07-31,658.3700045922212,665.279434925273,655.655585532808,660.9363403320312,8551592.0,0,1,0.013777409710290955,0.002995803152465948,-0.004016115600850023,-0.0383455585834257,0.010869423162661596,0.013683364020601878,0.28888888888888886,0.17777777777777778,671.201806640625,-0.015294157743663689,672.6014770507812,-0.017343311183167773,634.5754296875,0.04154102004471372,581.8436433410644,0.13593462418322644,660.3508274997282,666.1591794966304,1,1,0,47.490205499769544,0,0,-5.808351996902161,-3.570190405472433,-2.2381615914297277,0,708.1263892686774,634.2772240125727,671.201806640625,0.1100252778307032,0.36099414566171845,17.273492236368575,0.02613488044505312,22.959158947463926,18.892219914657336,26.019447802568155,0,51.96846574257465,44.495067003316926,6344886.714285715,5898591.933333334,1.0756612401733268,0,1159875491.0,669.9695157745051,40528731.76563234,0.3024243242761954,0.23478095963960166,0.3194366041431015,0.7349845214809017,0.2347172858383236,0.9361760609568518,1.3490479956411834,0.9361760609568518,1.5282436513744135,0.014560932430542866,0.009841034843318884,0.0,0.0,0.0,0.0,1.0,3166.41357421875,0.012992289635645138,0.056167309492153095,0.18105738187958242,0.4397,0.5683287225455232
2024-08-01,671.2018497413234,681.9608446662414,658.715497114865,664.7859497070312,8831127.0,0,1,0.0058244783046217385,0.009972359839871103,0.030604503306646214,-0.026804343127400876,-0.0044345853416827286,0.005807581608740354,0.6444444444444445,0.12222222222222222,670.2961791992187,-0.00822058914131119,672.5363317871094,-0.011524109128027728,636.0387481689453,0.04519724878530529,582.9138648986816,0.1404531436605649,661.0331539931594,666.0574587714749,1,1,0,49.330531192426214,0,0,-5.024304778315468,-3.86101328004104,-1.163291498274428,0,706.8999328415908,633.6924255568466,670.2961791992187,0.10921665609403126,0.42473136025851604,17.70005333029771,0.02662519166973679,21.36035244317985,23.85178832962891,23.578651656853047,0,57.55195517971301,49.48700340726859,6234641.142857143,5971397.3,1.0440841279908042,0,1168706618.0,668.9487542362152,40580168.4732492,0.23181117151050698,0.22713040594204623,0.3158153574955982,0.7191873370034323,0.23520091861828776,0.9416287981132012,1.3569054964236889,0.9416287981132012,1.5371448733660198,0.03496666492668891,0.015531767256336804,0.0,0.0,0.0,0.0,1.0,3214.21875,0.015097577957119857,0.07408140147233566,0.18689982514078224,0.4593,0.5559543652308232
2024-08-02,651.2631331795486,656.9880775450177,638.1845689566334,639.6651611328125,6717210.0,0,1,-0.03778778505365432,-0.018849395072805475,-0.005448160577963712,-0.07434657465959282,-0.05325063946820818,-0.03852025498719203,0.28888888888888886,0.011111111111111112,667.7742340087891,-0.04209367694113014,672.0388513183593,-0.048172349146241106,637.1788037109375,0.003902134545898969,583.8609501647949,0.09557791277575059,657.745770476183,664.1024737612037,1,1,0,39.58174409955832,0,0,-6.3567032850206715,-4.360151281036966,-1.9965520039837052,0,705.5628928134669,629.9855752041113,667.7742340087891,0.11317794811526195,0.12807527754204054,18.335862431733435,0.028664782054507412,20.930947546823653,21.380088382144507,29.133215759332113,0,21.1166590253502,43.54569331587931,6821366.285714285,5796174.2,1.1768739258585923,0,1161989408.0,666.5973451975669,40326339.98560894,0.3478129075615446,0.24983879845197182,0.3256745812075889,0.7671424571287667,0.2378417494219653,0.9060467314897687,1.3056310431867084,0.9060467314897687,1.4790595732949379,0.029395861664694035,-0.020341610007615366,0.0,0.0,0.0,0.0,1.0,3157.921875,-0.01751494822808808,0.06402529736504436,0.18328455719118492,0.5997,0.8121896632614908
2024-08-05,619.9239633069337,625.6489079604384,601.3672191476121,606.3518676757812,13451475.0,1,0,-0.05207926815653863,-0.08258658107500738,-0.04988008817124989,-0.1107411560785948,-0.10353889603870248,-0.0534843964220249,0.044444444444444446,0.011111111111111112,663.682861328125,-0.08638311608290769,670.7842956542969,-0.09605536145664668,637.9995446777343,-0.049604544808788086,584.6390013122559,0.037138929005402575,649.8390161991981,659.8246510882094,1,1,0,30.869447751850217,0,0,-9.985634889011294,-5.485248002631832,-4.500386886379462,0,709.1152190956581,618.2505035605919,663.682861328125,0.1369098417777924,-0.13094891471067024,19.761725256981077,0.032591183948571176,21.94813653977104,18.4204950490365,38.407972682268394,0,5.378048073126407,28.0155540927299,7861323.285714285,5977403.533333333,1.315173593664066,1,1148537933.0,660.112951310452,39625797.01198297,0.47227790512412215,0.29098696539540975,0.3429729861271749,0.8484253196766679,0.2455193663885585,0.8588604807981576,1.2376347339750864,0.8588604807981576,1.402031233157815,0.04004554138820557,-0.030861768039575854,0.0,1.0,1.0,1.0,1.0,3035.33740234375,-0.03881808274824716,0.021758827532686098,0.2145319954577267,0.7048,0.9452617154349202
2024-08-06,616.9134416858225,620.8616877126117,600.1333960719681,602.4036254882812,7063441.0,0,1,-0.0065114703161286425,-0.09383821100046064,-0.08582979736740926,-0.1165315386441439,-0.10970090338046945,-0.006532762417888686,0.011111111111111112,0.011111111111111112,658.9104187011719,-0.0857579294682811,669.3826684570313,-0.10006091601257155,638.7561267089844,-0.05691139341081464,585.3832456970215,0.02907561826610433,642.5412637821339,655.571241784511,1,1,0,30.025909499459175,0,0,-13.029978002377106,-6.994194002580887,-6.0357839997962195,0,709.03978554484,608.7810518575038,658.9104187011719,0.1521583675744022,-0.06360968401128048,19.830765712956968,0.032919399674733105,22.93147537932683,17.04519553763141,35.98479216548477,0,2.618084837634499,9.704263978703727,8194595.0,6020230.366666666,1.3611763173337261,0,1141474492.0,655.6368864556704,39579803.62558174,0.3861570643686724,0.29084805116206985,0.3403513159380991,0.8545524507828477,0.24963066881973098,0.8532680362717445,1.229575912142598,0.8532680362717445,1.3873607111056276,0.03440930758649089,0.017418226236401307,1.0,1.0,1.0,1.0,1.0,3069.804931640625,0.011355419423969337,-0.002532080369098799,0.21699700202777877,0.6953,0.9215424274162813
2024-08-07,616.9134780438335,621.305914056597,608.7702201336549,615.6303100585938,4839670.0,0,1,0.021956515549838462,-0.037574113043227664,-0.06470707253539121,-0.09602144062632667,-0.07558916202161803,0.0217189424906278,0.03333333333333333,0.03333333333333333,655.4754486083984,-0.060788147953363576,667.7717846679687,-0.07808277589221731,639.7022259521484,-0.03762987670978545,586.1778303527832,0.05024495670210691,638.4011170554354,652.6126542492578,1,1,0,36.305216051600624,0,0,-14.211537193822437,-8.437662640829197,-5.77387455299324,0,707.644355846742,603.3065413700549,655.4754486083984,0.1591788291967313,0.11811411567655976,19.764445916911164,0.03210440680711456,23.81317856199352,16.04133460933015,33.52657238884151,0,18.938527661377133,8.978220190712706,8024195.0,5979239.133333334,1.3420093796326615,0,1146314162.0,652.7064030380349,39686065.91519283,0.4362844021454542,0.2976940253328061,0.34268462373441944,0.8687113594087575,0.25018301249755676,0.8720028291783252,1.249899931796637,0.8720028291783252,1.4000000945827338,0.020362372869115176,0.024086595667134655,1.0,1.0,1.0,1.0,1.0,3182.9482421875,0.03685684043982773,0.03126864807433227,0.24312940089742283,0.7191,0.8712618725409044
2024-08-08,616.9134380223038,622.835807027318,605.0687000122756,606.1051025390625,5396272.0,0,1,-0.015472284850017615,-0.00040696689475805403,-0.0703255013099141,-0.07383105799023804,-0.10390372603045295,-0.015593229800998254,0.022222222222222223,0.022222222222222223,651.4161590576172,-0.06955777176928604,666.1707702636719,-0.09016557076023506,640.4361059570313,-0.05360566510638319,586.8680329895019,0.03277920838790127,633.4324994375319,649.1676504188731,1,1,0,33.94293305642684,0,0,-15.735150981341235,-9.897160308931605,-5.83799067240963,0,705.7508481658847,597.0814699493496,651.4161590576172,0.16682020656924376,0.08303749168171676,19.621778852491964,0.032373558266204125,24.76247527087102,15.00382816301048,32.70562531395553,0,7.2979257812424105,9.618179426751373,7835826.714285715,5921268.633333334,1.3233357916198094,0,1140917890.0,648.9647769356513,39602573.257680655,0.4377862723704273,0.2948659864899406,0.3440250083821504,0.8571062547941198,0.25205950602846633,0.8585109530152568,1.2305611240178618,0.8585109530152568,1.378338894329298,0.029313574395947787,0.002084250795884195,1.0,1.0,1.0,1.0,1.0,3164.565673828125,-0.005775327451363554,0.012401113276701015,0.2437263075930353,0.7304,0.8742773586407526
2024-08-09,617.4717622511732,621.9390016886817,610.3241670329971,618.365234375,3629264.0,0,1,0.020227732425577738,0.02649653523213935,-0.06441029696694389,-0.06816773336928972,-0.09671854773775668,0.020025869459693278,0.05555555555555555,0.044444444444444446,648.1796264648438,-0.04599711387482315,664.9294580078125,-0.0700288174512873,641.2131286621094,-0.03563229332933577,587.614600982666,0.05233129561605475,631.1144586586809,646.8859899711788,1,1,0,39.407862381049505,0,0,-15.771531312497928,-11.072034509644869,-4.699496802853059,0,702.2798905686552,594.0793623610323,648.1796264648438,0.16692985059981913,0.22445243490277833,19.351216016572486,0.031294152615373556,25.64396507197155,14.126920915617013,30.794126491338496,1,22.28083438533095,16.172429275983525,7132637.0,5838870.4,1.2215782354066294,0,1144547154.0,646.9178895502988,39675985.03877444,0.45381174659429885,0.2994333562151596,0.3466273448755505,0.8638480507724081,0.25253385195765593,0.8758766828572772,1.2554525851678133,0.8758766828572772,1.4062195646755578,0.018783130114719434,0.018753611650016044,0.0,1.0,1.0,1.0,1.0,3184.546875,0.006314042188198421,0.005726763215295971,0.24440291828045094,0.7334,0.8895313219588463
2024-08-12,614.4936227060294,629.7815335169479,612.0118229374267,624.7682495117188,3586449.0,0,1,0.01035474632268163,0.014843225396513171,-0.06019636879050794,-0.03143414545155887,-0.08247043253275177,0.010301503167805386,0.07777777777777778,0.05555555555555555,644.8659515380859,-0.031165705025101194,663.6859130859375,-0.05863867652887713,642.0541815185547,-0.026922855585103676,588.3598706054687,0.06188113895120508,630.1381187899175,645.2476388260336,1,1,0,42.10189994842676,0,0,-15.109520036116123,-11.879531614939122,-3.2299884211770014,0,695.9464978616883,593.7854052144836,644.8659515380859,0.15842221535117135,0.30327440216628204,19.238251342497392,0.030792620075576586,25.826963005924632,16.10668908418984,28.76244972717276,1,30.105855508092525,19.894871891555322,6383397.285714285,5796081.566666666,1.1013297884600657,0,1148133603.0,645.2712371672659,39713121.808368675,0.4609281972531169,0.3019688135899496,0.3473651481969914,0.8693123508714885,0.25518791471331786,0.8849461637182162,1.268452478207381,0.8849461637182162,1.4207806115417652,0.028442083273932252,-0.0062610435609041165,0.0,1.0,1.0,1.0,1.0,3148.780517578125,-0.011231223412867752,-0.020358985343444602,0.24655859661233773,0.7039,0.8533902083989593
2024-08-13,629.7815181498023,629.7815181498023,614.6921638067265,616.8761596679688,6793767.0,0,1,-0.012632027715745786,0.017770939534718755,-0.035626454041182476,-0.0408805159767065,-0.10045019771246655,-0.01271249009801577,0.15555555555555556,0.044444444444444446,641.6166564941407,-0.03855962368769623,663.210390625,-0.06986354799623462,642.7087237548828,-0.040193268166632434,589.0528482055664,0.04723398171685372,628.0978173865407,643.146047777288,1,1,0,39.75562892471775,0,0,-15.048230390747335,-12.513271370100766,-2.5349590206465695,0,691.0287017162456,592.2046112720358,641.6166564941407,0.15402357380214343,0.2496511557560053,18.941901556824423,0.030706165670302172,25.996889658881067,15.190204167871267,27.12584078826923,1,20.46106029654742,24.282583396656992,6394334.0,5839781.533333333,1.0949611665267434,0,1141339836.0,642.4937699940355,39627302.755330354,0.41491341364481665,0.3017514370006264,0.3271031825581762,0.922496181910303,0.255956045908973,0.8737674992511848,1.252429351346559,0.8737674992511848,1.4028332714787752,0.024460913437143666,0.00802420520249169,1.0,1.0,1.0,1.0,1.0,3089.28662109375,-0.018894265939543686,-0.021734310291083414,0.2510577798332111,0.723,0.8605068557542853
2024-08-14,622.2864322449561,629.3347797440831,607.1474540821747,616.92578125,8646288.0,0,1,8.044010333940754e-05,-0.002327836438694497,0.017438576737216716,-0.0333113491792667,-0.09634571929863778,8.04368682077833e-05,0.6,0.06666666666666667,638.3698425292969,-0.033591908405843494,661.8238159179688,-0.06783985947331603,643.3736328125,-0.04110807501837387,589.7288003540039,0.04611777630610931,626.3790425963036,641.2038058123037,1,1,0,39.77835332223888,0,0,-14.824763216000065,-12.975569739280626,-1.8491934767194387,0,685.1087010753806,591.6309839832131,638.3698425292969,0.14643191276360693,0.2705970797494618,19.17371756433042,0.031079455822839986,26.500914577076554,13.934653603434532,27.694405947919634,1,20.521702028489095,23.696205944376374,5707878.714285715,5932134.8,0.9621963941692145,0,1149986124.0,639.3626293352226,39627998.26363058,0.24106358833221178,0.3019161878668184,0.32625661851570353,0.9253948295068424,0.2588318814461668,0.8738377851991191,1.2525300968930064,0.8738377851991191,1.3971442921244943,0.03596433531591593,0.008770435511561089,1.0,1.0,1.0,1.0,1.0,3037.23583984375,-0.01684880285778456,0.0006254452959773005,0.2524781346244797,0.7143,0.8457143449199581
2024-08-15,622.2864322449561,629.3347797440831,607.1474540821747,616.92578125,8646288.0,0,1,0.0,-0.01255260373402134,0.024107019193232437,-0.06379187874666425,-0.09660691512233555,0.0,0.6777777777777778,0.06666666666666667,635.1649749755859,-0.02871567930251028,660.7876477050781,-0.06637815735117147,644.0128784179688,-0.04205986879409737,590.42251953125,0.04488863625965946,624.9246946968723,639.4054336225034,1,1,0,39.77835332223888,0,0,-14.480738925631158,-13.276603576550734,-1.204135349080424,0,678.2355300157944,592.0944199353773,635.1649749755859,0.13562005695249196,0.28826377198345043,19.38897528558599,0.03142837578663112,26.968937715400934,12.79566797986167,25.430730715957175,1,20.521702028489095,20.501488117841898,5933999.714285715,6022875.833333333,0.9852435744141134,0,1149986124.0,635.4602186796927,39627998.26363058,0.23389714929513106,0.30188684623673073,0.32561931032676966,0.9271159193039792,0.2635537423335246,0.8738377851991191,1.2525300968930064,0.8738377851991191,1.3927854960746673,0.03596433531591593,0.00868929644031817,1.0,1.0,1.0,1.0,1.0,3037.23583984375,0.0,-0.010609498819023955,0.24940155633129327,0.7291,0.8737969848943916
2024-08-16,629.3347691046014,637.3261518815266,625.612069619312,629.5333251953125,6566337.0,0,1,0.020436078906878263,0.020518162890516667,0.022583383094629372,-0.043584994048760484,-0.08777044336238848,0.020230064272055252,0.6666666666666666,0.08888888888888889,633.9205535888672,-0.006920785844088638,659.9473681640625,-0.046085558388330554,644.7781994628906,-0.023643594464386814,591.1948226928711,0.06484918512616693,625.6337147735553,638.6741663316004,1,1,0,45.802361064699575,0,0,-13.040451558045106,-13.22937317284961,0.18892161480450298,1,676.0769433019838,591.7641638757506,633.9205535888672,0.13300212297725045,0.4479648468072016,19.46121781029603,0.030913721373301714,26.675661825189326,14.77066127062997,23.52659084038811,1,35.92917734624554,25.65752713440794,6180666.428571428,6069264.633333334,1.0183550729731339,0,1156552461.0,634.0526373032955,39762188.44469173,0.2291222007244328,0.30705061527891553,0.3284820282675804,0.9347562084242645,0.26457418191761684,0.89169560312926,1.2781269007863518,0.89169560312926,1.4212485703728048,0.01860756499043203,0.02011423129287706,1.0,1.0,1.0,1.0,1.0,3105.870849609375,0.02259785324051622,-0.024215722881234525,0.25858748917351004,0.7486,0.8805469212155885
2024-08-19,631.8662017798162,655.4929227368455,631.8662017798162,654.053466796875,9510274.0,0,1,0.0389497118265425,0.06018177011770809,0.07910899290725282,0.003220112013013754,-0.04958860784753705,0.03821031039381369,0.9777777777777777,0.14444444444444443,633.4431549072266,0.032536955731516236,659.67546875,-0.008522375348863614,645.7063024902344,0.012927184192641258,592.0591275024414,0.10470970957909606,630.0059843156045,639.8133737734726,1,1,0,55.190511640123674,0,0,-9.807389457868112,-12.54497642985331,2.7375869719851984,0,674.3829994300298,592.5033103844233,633.4431549072266,0.1292613053141264,0.7517145842868138,19.925387791098668,0.03046446323215769,25.017672557904113,19.90853103095188,21.337205848795954,1,65.89484537427025,40.78190824966832,6768381.0,6298402.233333333,1.0746187285688704,0,1166062735.0,634.3964920005841,40132610.87638319,0.2679895299824147,0.32953685550295037,0.3378020037625361,0.9755325659187153,0.26985603623013504,0.9264268899081397,1.327909575249732,0.9264268899081397,1.476605792622711,0.03612353141821492,0.0037057237339736975,1.0,1.0,1.0,1.0,1.0,3099.626953125,-0.002010352904777135,-0.02052057925047568,0.25669554504642567,0.6919,0.8825706207076186
2024-08-20,658.1732698134767,669.3909921581986,656.2374539605688,668.001220703125,10295836.0,0,1,0.021325097433634754,0.08279024966283166,0.08026969106420334,0.010689199458369325,-0.042775884967265365,0.021100899307259943,0.9777777777777777,0.15555555555555556,634.5909820556641,0.05264846112252236,659.7506323242187,0.012505616477911508,646.7482189941406,0.03286132235824047,592.993171081543,0.1264905791154003,635.8514052982999,641.9013624349284,1,1,1,59.48920468062728,0,0,-6.04995713662845,-11.24597257120834,5.1960154345798895,0,678.1066200596828,591.0753440516454,634.5909820556641,0.13714546608606437,0.8838877261132592,19.59768333182902,0.029337795687260696,23.833977655650266,23.861109521915296,20.144426615278153,0,82.94016958498521,61.58806410183369,7720748.428571428,6458018.2,1.195529060071622,0,1176358571.0,635.7846177466763,40352170.58224392,0.2696037861166067,0.3331159324295111,0.34049286677229873,0.9783345407123584,0.2694773061368129,0.9461830336005701,1.3562273763249892,0.9461830336005701,1.50809455502146,0.01969088946242442,0.006298878036344383,1.0,1.0,1.0,1.0,0.0,3067.7568359375,-0.010281920266362654,-0.03667398962764523,0.2584179165013638,0.6575,0.8424640049453882
2024-08-21,664.030330622849,691.5286219422569,662.9383024354648,680.6087036132812,7815238.0,0,1,0.01887344292108617,0.08113212815560256,0.08937786794576086,0.02380127605468041,-0.005437449574377862,0.018697549197810304,0.9888888888888889,0.26666666666666666,636.4629547119141,0.06936106583194475,660.0591906738281,0.031132833584931963,647.8629095458984,0.050544325944411696,593.9019102478028,0.1459951414018865,642.7371435006048,644.7685728925841,1,1,1,62.94918049402208,0,0,-2.031429391979259,-9.403063935362525,7.371634543383266,0,684.5168924820957,588.4090169417325,636.4629547119141,0.15100309425528954,0.9593353942448439,20.240014487183526,0.02973810704995599,23.813194990457095,29.266124828025646,18.111905507941763,0,88.05198168176358,78.96233221367305,8324861.142857143,6540950.266666667,1.2727296193156312,0,1184173809.0,637.9707499527864,40499671.03055162,0.2733315063209384,0.33349934438746753,0.33507611776347224,0.9952942830228273,0.27122066404897155,0.9640407650781305,1.3818240563000732,0.9640407650781305,1.5365574915252582,0.042006984857832434,-0.0059444353650976185,1.0,1.0,1.0,0.0,0.0,3112.764404296875,0.014671165534415831,-0.011438114876597294,0.261626470380287,0.6684,0.846817810883876
2024-08-22,686.4657772654344,686.9621371911506,672.2698955081148,680.55908203125,6188728.0,0,1,-7.290765129486232e-05,0.04052515058773731,0.10323453316393083,0.06393019877152062,-0.009794704959089962,-7.291030918685887e-05,0.9888888888888889,0.24444444444444444,638.5816802978516,0.0657353679701852,660.2325170898438,0.03078697945839011,648.965751953125,0.04868258453245302,594.815830078125,0.14415092473558272,648.5559032745502,647.4197217176704,1,1,1,62.926400055394474,0,0,1.1361815568798193,-7.295214836914057,8.431396393793875,0,690.5337512548286,586.6296093408745,638.5816802978516,0.16271080915677144,0.9040012357559438,19.843745001172977,0.029158004830301846,23.793896801349156,27.718371982431837,17.15404882367728,0,87.99768827468598,86.32994651381163,8238427.0,6518698.8,1.2638146434990984,0,1177985081.0,639.9170977351806,40499219.824928634,0.23233567865119092,0.3332272534449429,0.3337816366753259,0.998339084091309,0.27267753635005526,0.9639704791301962,1.3817233107536258,0.9639704791301962,1.5364454647274717,0.021588488157683848,0.008605640246824043,1.0,1.0,0.0,0.0,0.0,3096.130126953125,-0.005343892175324272,0.0022152382406499527,0.2615535893865605,0.6718,0.8506786151350204
2024-08-23,685.0263412480542,689.6425129275399,672.8655227149969,680.1123657226562,7774920.0,0,1,-0.0006563960725649576,0.018130423484530978,0.1024216954341397,0.12164636076674062,-0.0043676452573540026,-0.0006566115947841164,0.9777777777777777,0.3,639.6391876220703,0.06327501329468183,660.3396594238282,0.02994323605533635,650.1401318359375,0.046101190218914574,595.7598426818847,0.1415881316556156,653.4107436511819,649.8413990513731,1,1,1,62.706396484255635,0,0,3.569344599808801,-5.122302949569486,8.691647549378287,0,694.1366989007381,585.1416763434024,639.6391876220703,0.1704007894865491,0.8713305172196785,19.624691087699404,0.028855071715755538,23.899570875536305,27.00136967964897,16.106558962438488,0,87.50891404787052,87.85286133477341,8113945.857142857,6649864.366666666,1.2201671206731817,0,1170210161.0,641.5937153429761,40494116.39797613,0.23422935783053295,0.3327776167550644,0.33334208254376707,0.9983066470803951,0.2729656414956182,0.9633377326936265,1.3747552320609626,0.9633377326936265,1.5354369479587142,0.02466796820363131,0.006564101978436451,1.0,1.0,0.0,0.0,0.0,3073.45166015625,-0.007324778309364066,0.011923940787674558,0.26218626534289985,0.6689,0.8437465968034418
2024-08-26,689.3446895911446,707.7100068565021,684.4803380791309,706.6676025390625,11517668.0,0,1,0.039045366846388596,0.03828763691595083,0.14546615495178328,0.1730799295344041,0.022612026749978087,0.03830237511609854,1.0,0.4,642.0614715576172,0.10062296811660919,660.9779064941406,0.06912439220134044,651.5134368896485,0.08465545378883091,596.8388522338868,0.1840174276424895,661.6041065570096,654.0507474578686,1,1,1,69.52690125022168,0,0,7.553359099140948,-2.587170539827399,10.140529638968347,0,703.8549137680947,580.2680293471398,642.0614715576172,0.1924845048265203,1.022758796648578,20.19418751956701,0.0285766426068057,24.750849991580438,30.756252405632647,14.534313647097807,0,98.98442025974823,91.49700752743495,8524143.0,6938844.366666666,1.2284672417425744,0,1181727829.0,645.2127307501203,40943827.97025104,0.25071882234827625,0.3495536952379694,0.3419623534435719,1.0221993494838026,0.27712858527663353,0.9985270742149461,1.4284330544207748,0.9985270742149461,1.5953886468612613,0.03287212926403705,0.013574703731020292,0.0,0.0,0.0,0.0,0.0,3066.1083984375,-0.0023892556417746125,0.009506195803100859,0.26120724952984026,0.6202,0.8265843205507671
2024-08-27,706.717288986791,707.7596327163433,697.6338780775253,698.37841796875,6465241.0,0,1,-0.011729962630987134,0.026183378354624365,0.10935893306693223,0.1344120108418323,0.024222432039448405,-0.011799301403489696,0.9888888888888889,0.4111111111111111,644.3826873779296,0.08379450852495038,661.5461145019531,0.0556760937134764,652.687377319336,0.07000448030276385,597.8292835998535,0.16819037997509215,667.2616929280465,657.3342786068227,1,1,1,65.50001046328984,0,0,9.92741432122375,-0.08425356761716918,10.01166788884092,0,711.0373568839027,577.7280178719566,644.3826873779296,0.20687914437055688,0.9050408695371424,19.47501374237065,0.027886047508475682,25.543236117778815,29.63221989791699,13.994534479724617,1,90.86461238537208,92.45264889766365,8509700.714285715,7002013.1,1.2153220213606448,0,1175262588.0,647.3151251954642,40867990.93492071,0.3123505162305614,0.34903078631882734,0.31027358923666276,1.1249129749570863,0.27600235850496035,0.9867451966544225,1.4116775880715522,0.9867451966544225,1.5766747976516775,0.014498951253775798,7.031091782045841e-05,0.0,0.0,0.0,0.0,0.0,3064.210205078125,-0.0006190887968416936,-0.01341351477524888,0.26054289798891217,0.6319,0.8430432197527165
2024-08-28,700.8602713456622,705.5260671399226,696.0456039162289,699.9171752929688,3599946.0,0,1,0.002203328861012377,0.029119908074702883,0.07012226190116255,0.15477855632779502,0.02647913088405729,0.002200905091565344,0.8888888888888888,0.4222222222222222,646.3317291259766,0.0829070332651854,662.4678662109375,0.056530000913443526,653.7340747070313,0.0706450870051929,598.8599818420411,0.16874928449899854,672.2856132918807,660.488567250241,1,1,1,65.89490331223405,0,0,11.79704604163976,2.292006354234217,9.505039687405542,0,717.1726840367196,575.4907742152336,646.3317291259766,0.21920927510874333,0.8782095133705343,18.76111727675087,0.026804767676829634,26.141472121091955,28.56265531908786,14.094104953350298,1,92.20526030761134,94.01809765091059,7665368.142857143,6969672.0,1.0998176302783176,0,1178862534.0,647.8420795279701,40875922.7998406,0.2711286257124128,0.34904536036517725,0.2767628355881324,1.2611713549741659,0.2747357488142746,0.9889193208246766,1.4147879780437946,0.9889193208246766,1.5801487307377744,0.013545121563455612,0.0035537372190434457,0.0,0.0,0.0,0.0,0.0,3025.14697265625,-0.012748222154321476,-0.024028691708742667,0.2630126416311613,0.6247,0.8256154424770328
2024-08-29,692.5710411630597,697.2367760768582,686.366541978953,695.4002685546875,5728640.0,0,1,-0.006453487494989085,-0.015944319428103593,0.04101646374646273,0.12457853368414074,0.021111083527224572,-0.00647440127183447,0.7666666666666667,0.3888888888888889,647.8624450683594,0.07337641477476305,663.0209289550781,0.048836074678124015,654.7356030273437,0.06210852951835815,599.859705505371,0.15927151327630057,675.8417141015433,663.0746191987184,1,1,1,63.593827413338985,0,0,12.767094902824851,4.387024063952344,8.380070838872507,0,721.644336611718,574.0805535250008,647.8624450683594,0.2277702376638716,0.8221510216933924,18.38893985084122,0.0264436766598618,25.882793646748038,27.059259132331007,17.111921065788973,1,87.71583686047084,90.26190318448478,7012911.571428572,6899243.166666667,1.0164754889798764,0,1173133894.0,648.3716298208489,40838953.0932373,0.27282738860168754,0.3496500618626254,0.2717329577563249,1.2867414565743338,0.2744979200424101,0.9825373423541814,1.4056576615194283,0.9825373423541814,1.5699512606637354,0.015631621944146978,-0.0104957191925375,0.0,0.0,0.0,0.0,0.0,3017.30419921875,-0.002592526415539309,-0.016446100332242253,0.2626912525200225,0.6246,0.8280574874501515
2024-08-30,693.9112120545982,703.3420511311629,690.039580197367,696.2440795898438,7404373.0,0,1,0.0012134177585378936,-0.003056134502429253,0.022972635955955223,0.11440374912455331,0.06390729903602343,0.0012126821622064948,0.6555555555555556,0.6333333333333333,650.6913909912109,0.07000659487632303,663.4329382324219,0.049456605885201156,655.7889996337891,0.06168917133200754,600.834776763916,0.1587945746745891,678.9805395612818,665.5316162647277,1,1,1,63.84780915671349,0,0,13.448923296554085,6.199403910472693,7.249519386081392,0,727.4293924370232,573.9533895453986,650.6913909912109,0.23586604190018806,0.7968065869606947,18.025620642480842,0.02588980096333416,25.945086222694087,28.052181144767893,16.209908008478237,1,88.55451369523495,89.49187028777241,6954216.571428572,6939143.1,1.0021722381584222,0,1180538267.0,650.9915682639968,40847937.69092634,0.25770776552337243,0.32785271472991157,0.2716354181195557,1.2069586396337049,0.26748080156860826,0.9837295706138206,1.4073633114883406,0.9837295706138206,1.5718562674034635,0.019106045313351003,-0.0021412941113527952,0.0,0.0,0.0,0.0,0.0,3016.50537109375,-0.00026474895212980076,-0.03092397004741143,0.24959915799298477,0.5799,0.7596364744455668
2024-09-02,701.5551434709189,701.5551434709189,678.2262265517314,678.921142578125,6186645.0,0,1,-0.024880551978156418,-0.029997881829454065,-0.0024067557047894317,0.10057931715751778,0.02308569755140666,-0.025195304696489604,0.4,0.4222222222222222,654.3198547363281,0.03759825972529976,663.4836828613281,0.023267278631814346,656.5304846191407,0.034104521394727534,601.7232333374023,0.1282947125251448,678.9714015638731,666.5234330286831,1,1,1,55.316031983036176,0,0,12.447968535189943,7.4491168354161434,4.9988516997738,0,729.0671971313874,579.5725123412689,654.3198547363281,0.2284734044183338,0.6645629600566441,18.40442751938846,0.02710834346607584,25.077166292911905,25.512314805389696,19.327076288152753,1,71.33697875375842,82.53577643648809,6953919.0,7035643.466666667,0.9883842228427493,0,1174351622.0,656.4714089230949,40694010.548433445,0.3100567417882207,0.3350794069105819,0.27645117089507826,1.2120744716894503,0.26643839609015446,0.959253835899714,1.3723473354647047,0.959253835899714,1.5327476158401407,0.03436174756702757,0.0076281637959548345,0.0,0.0,0.0,1.0,1.0,3039.28369140625,0.007551228163151125,-0.01836048008835378,0.25041015177348447,0.5485,0.7320416692617762
2024-09-03,682.6438799004587,687.6571033979487,672.617372314663,673.9575805664062,4457291.0,0,1,-0.007310955132241448,-0.030835029777666723,-0.00904965924227863,0.09244515474916581,0.0448231011432938,-0.007337811140153468,0.35555555555555557,0.5222222222222223,657.8975524902344,0.024411138201354328,663.4302221679687,0.015868071798170468,657.2603369140625,0.025404307417575038,602.5483767700196,0.11851198434751095,678.2000444873397,667.07411062407,1,1,1,53.12548282319898,0,0,11.125933863269665,8.184480240986849,2.9414536222828165,0,728.9399885392025,586.8551164412662,657.8975524902344,0.2159680812918747,0.6130312315381613,18.16409205966683,0.026951387718499132,23.867401019958724,24.003457374221234,20.38965699809435,0,66.40361772420897,75.43170339106747,6479972.0,6864124.966666667,0.9440346776126342,0,1169894331.0,659.7301831488207,40661423.4939211,0.3129176853650254,0.32457667835235265,0.2766739721290981,1.173137739898796,0.25315253325822423,0.9522407741450207,1.3623141656692712,0.9522407741450207,1.5215417667916835,0.022315545543157216,0.0054833132876037135,0.0,0.0,0.0,1.0,1.0,3033.239501953125,-0.0019886888052652596,-0.01308371259728247,0.2504235919925524,0.5608,0.7252647435362277
2024-09-04,661.7967460451632,668.8946569807566,656.4360343449993,661.9456176757812,5816848.0,0,1,-0.01782302512352474,-0.04926212361370119,-0.06328574382438756,0.07297447730999851,0.02919350882096028,-0.01798376804998307,0.07777777777777778,0.4666666666666667,660.2133178710938,0.0026238486225534314,663.3497253417969,-0.0021166929183428374,657.8700695800782,0.00619506538472639,603.3043298339844,0.09720017732664638,675.6993634394076,666.6942222575302,1,1,0,48.15551860121701,0,0,9.005141181877434,8.348612429164966,0.6565287527124681,0,728.417335860318,592.0092998818695,660.2133178710938,0.20661206353471653,0.5126993970132463,18.118195928362557,0.027371124522251596,22.6140291771748,22.345385922898767,25.360490440976868,0,44.2296115510483,60.656736009671924,5665569.142857143,6971015.433333334,0.8127322621846549,0,1164077483.0,661.4285130243994,40557749.66587738,0.15727324779652374,0.32924728513493917,0.2791678171263405,1.1793883998667893,0.25335021531791996,0.9352689629037894,1.3380336060684141,0.9352689629037894,1.494423289655663,0.018821217790521812,-0.01804391681598543,0.0,0.0,1.0,1.0,1.0,3009.511962890625,-0.007822507601929152,-0.01845871971640556,0.2503020681476666,0.5661,0.7431023790307448
2024-09-05,665.1223167467183,667.5048686848227,662.3923370884295,665.0726928710938,3749608.0,0,1,0.004724066617877609,-0.02039772933634587,-0.04769008354314086,0.05645351286964062,0.04213220408231977,0.004712943233156447,0.12222222222222222,0.5222222222222223,663.1616973876953,0.0028816433321257363,663.1235009765625,0.002939410067145508,658.4720837402343,0.010024129031206355,604.0848019409179,0.10095915463230058,674.0644910442825,666.574108969646,1,1,1,49.48052574776073,0,0,7.4903820746365,8.176966358259273,-0.6865842836227731,0,726.4372835259251,599.8861112494656,663.1616973876953,0.190830038548616,0.5151005751193181,17.221128434125333,0.025893603238741274,21.450183894589728,21.830140073615105,24.77572151012923,0,43.754104514064714,51.46244459644069,5277621.571428572,6890276.5,0.7659520733933641,0,1167827091.0,663.539427777392,40575463.063860305,0.1764616407665458,0.3283554377577204,0.2785557232127368,1.1787782852587483,0.25009715252149306,0.9396872357901801,1.3289752828206212,0.9396872357901801,1.5014830448313043,0.007687177132957567,0.004799033313478304,0.0,1.0,1.0,1.0,1.0,3012.509033203125,0.0009958658910333984,-0.016872593071232123,0.2503027795578869,0.5683,0.7437416429248906
2024-09-06,663.3850603022975,672.0713592587435,660.6054567543973,662.243408203125,6311131.0,0,1,-0.004254098383974947,-0.017381171606433266,-0.05382603602215419,0.012521822483961387,0.004979327902344011,-0.004263172805303546,0.1111111111111111,0.34444444444444444,665.3556060791016,-0.004677495534029611,662.6768395996094,-0.0006540614830393741,659.0265576171874,0.004881215405898923,604.8434777832031,0.09490047016840952,672.2458629148737,666.253316320274,1,1,0,48.278287480574896,0,0,5.992546594599617,7.7400824055273425,-1.747535810927726,0,725.0317575442836,605.6794546139196,665.3556060791016,0.17938122387470293,0.47392427460915965,16.81004086771254,0.025383477826262518,20.051034798044803,22.706940863926988,23.568636795763208,0,11.657026910732215,33.21358099194844,5664933.714285715,6942962.9,0.8159245261537713,0,1161515960.0,664.8410582685669,40548614.89167215,0.1663054586010523,0.3155022527097326,0.2785250346023351,1.132760841983888,0.2493686458865571,0.9356897138389633,1.2993593414442686,0.9356897138389633,1.4950955882367216,0.01731372840004074,-0.0025375159540994576,0.0,1.0,1.0,1.0,1.0,2972.646484375,-0.013232341675583292,-0.017354690121105576,0.22960909255019585,0.5159,0.7064609573447891
2024-09-09,659.166011828151,659.166011828151,646.2606531628409,653.7556762695312,5144488.0,0,1,-0.012816634833140328,-0.012372529083290007,-0.05988578688890922,-0.021325626349303906,-0.00678532178420721,-0.012899476492778976,0.1,0.25555555555555554,666.8049774169922,-0.019569891631598373,662.1334655761718,-0.012652719945744531,659.4586456298828,-0.00864795601383665,605.5495977783203,0.07960715136806723,669.4012188155903,665.3275652054042,1,1,0,44.764393614546094,0,0,4.0736536101860565,7.006796646459086,-2.9331430362730293,0,723.6725351241864,609.937419709798,666.8049774169922,0.17056728618758232,0.3852658556689688,16.750949022896226,0.025622644102274873,19.62264845973121,21.159397527528117,28.079206867130868,0,12.18723165994961,22.53278769491554,5581483.428571428,6913363.5,0.8073470212540435,0,1156371472.0,665.5074316541499,40482679.86757268,0.16843994537979518,0.31775830322246934,0.2797153660419235,1.1360058895543266,0.24987949207646137,0.9236973204595638,1.2827059272479475,0.9236973204595638,1.4759334940416524,0.01974033898864305,-0.004646926397235038,1.0,1.0,1.0,1.0,1.0,2961.357177734375,-0.003797729296088348,-0.018542055354863085,0.2294314134696929,0.5172,0.714050445079684
2024-09-10,660.0595033431455,661.9456348489402,648.9410280485703,654.6987915039062,3304741.0,0,1,0.0014426111598091484,-0.015598146606205954,-0.05967058005062209,-0.03806873460745064,0.004209943514164927,0.0014415715960007464,0.1111111111111111,0.35555555555555557,668.6961090087891,-0.020932255050251657,661.5122216796875,-0.010299779735710479,659.966791381836,-0.007982219630929578,606.2535238647461,0.0799092553397978,667.1393069214851,664.5402486349229,1,1,0,45.24131585506717,0,0,2.5990582865621263,6.125248974479694,-3.526190687917568,0,720.8966557685943,616.4955622489839,668.6961090087891,0.15612636609231145,0.3659274818586681,16.483353149858637,0.02517700256020755,19.019005214556227,21.17149916154514,26.496835327738378,0,13.720777811808139,12.52167879416335,4995821.714285715,6799693.2,0.7347128123789047,0,1159676213.0,667.5205269761897,40487447.323819555,0.16901726227828626,0.3165457418541352,0.2794035682673849,1.132933783978041,0.2507583368998256,0.9250298565223445,1.2845563731333487,0.9250298565223445,1.4780626921712932,0.019863495960481512,0.009642481591265418,1.0,1.0,1.0,1.0,1.0,2983.586181640625,0.0075063569073612335,-0.010913021991798666,0.2271356005763682,0.5425,0.7534892403961758
2024-09-11,653.8052905432758,653.8052905432758,640.7014365636173,642.9846801757812,3825823.0,0,1,-0.01789236742169109,-0.029081041485333525,-0.0529317179103882,-0.0552110799011325,-0.02716095191139245,-0.01805437115701959,0.14444444444444443,0.18888888888888888,669.9990539550781,-0.04032001779678353,660.7178930664063,-0.026839310811343133,660.1179400634766,-0.02595484662338944,606.8872814941407,0.059479576821530565,663.423210499069,662.9435398601717,1,1,0,40.55721879657574,0,0,0.4796706388973462,4.996133307363225,-4.516462668465879,0,717.8809669567614,622.1171409533948,669.9990539550781,0.1429312854071393,0.21790628145593122,16.305781849175087,0.0253595184331878,18.932087497933892,19.87334005663682,28.48155436705735,0,3.4048688201570423,9.770959430638293,4658561.428571428,6642167.566666666,0.7013616235685094,0,1155850390.0,670.1825820973698,40418994.2930132,0.1433932411432559,0.3181071567845945,0.2773754049908241,1.1468470205392503,0.2519490399063179,0.9084788824534126,1.261572618531372,0.9084788824534126,1.4516166514106705,0.020379729694455628,-0.0013647511989109257,1.0,1.0,1.0,1.0,1.0,2935.08203125,-0.01625699659325852,-0.03428494037950003,0.22679165212246866,0.5459,0.7633314875499131
2024-09-12,653.2097070267422,672.9648576609895,646.7570275500342,671.2772216796875,8594764.0,0,1,0.04400189052120429,0.02680136639139863,-0.003977043903068966,-0.012990712253233228,0.009764454220966723,0.043061300302872814,0.4222222222222222,0.4,672.7166259765625,-0.002139688899148902,660.4854675292969,0.01633912429710184,660.4463989257813,0.016399245679168787,607.6968022155762,0.10462523289954154,664.6315199114719,663.5608496245802,1,1,1,53.16888467275017,0,0,1.070670286891641,4.211040703268909,-3.1403704163772677,0,713.5690588709236,631.8641930822013,672.7166259765625,0.12145510105404914,0.4823828815703944,17.28252439460603,0.025745733411542317,17.633357639433303,25.329514081693073,24.952464868148393,0,45.595895610483474,20.907180747482915,5249629.0,6634288.8,0.7912873795907106,0,1164445154.0,673.2294953878119,40797180.15759679,0.3373874068445311,0.3423512520223269,0.28806272084382173,1.1884608012431386,0.2541944966865846,0.9484536707799536,1.2729553430584561,0.9484536707799536,1.5154905283848,0.03904173903797513,0.01590244241614838,1.0,1.0,1.0,1.0,1.0,2988.181884765625,0.018091437632838714,-0.014854619016562043,0.2289575687739613,0.5896,0.8814262233367115
2024-09-13,681.0058729736237,681.4029851825295,665.7179617929914,668.3486938476562,5977861.0,0,1,-0.004362620594667854,0.020849133251636065,0.00967311513347191,-0.05422479897723642,0.044841480289542046,-0.004372164591901932,0.6,0.6111111111111112,674.6573944091797,-0.009350969267961822,660.0503601074219,0.01257227363512666,660.7208959960938,0.01154465962524604,608.4704585266113,0.09840779364381612,665.2033928247309,663.9155047522155,1,1,1,51.940480243371155,0,0,1.2878880725154431,3.626410177118216,-2.338522104602773,0,710.2170574563443,639.0977313620151,674.6573944091797,0.10541546966458547,0.41129414593783004,17.16841717995832,0.025687814366959317,16.920115790847767,27.18723892383708,23.32414272047991,0,41.228751845742934,30.07650542546118,5272630.857142857,6609643.833333333,0.7977178483585247,0,1158467293.0,675.3120362627981,40771101.01808613,0.31715754216292424,0.3224076622032135,0.28716729736059277,1.1227171936586142,0.2523949392562776,0.9443159272627206,1.2600902045851738,0.9443159272627206,1.5088790181946443,0.02346832354715922,0.014492747526264796,1.0,1.0,1.0,1.0,1.0,2965.55322265625,-0.007572719125546135,-0.014606600929458646,0.2250058016345149,0.5681,0.8152436923500522
2024-09-16,675.1487644855649,682.5445396914765,671.6246210384243,680.1620483398438,4258546.0,0,1,0.017675435892869684,0.057819990600551874,0.022688279988778204,-0.026083809522477797,0.12172829770770832,0.017521042040170954,0.6888888888888889,0.8666666666666667,675.9628234863281,0.006212212724743929,659.8900146484375,0.030720321934567175,661.106123046875,0.02882430615699738,609.2930638122558,0.11631346019954876,667.5047244424406,665.1189524253732,1,1,1,56.324112611505825,0,0,2.3857720170674384,3.3782825451080605,-0.9925105280406221,0,710.2311831493315,641.6944638233248,675.9628234863281,0.10139125547248819,0.5612697090670662,16.956090655948458,0.02492948657946338,16.32394646414114,26.042305193440534,21.929338672030056,0,60.87286795992955,49.23250513871867,5345336.285714285,6303212.866666666,0.8480335979103724,0,1162725839.0,677.5614172847734,40846372.67490596,0.331791485122091,0.2801644475486497,0.28944310881559177,0.9679430569105253,0.24442630723146416,0.9610071228976687,1.2823628482155525,0.9610071228976687,1.53554911255084,0.016054877921674503,0.010174435441417481,0.0,1.0,1.0,1.0,1.0,2982.087646484375,0.005575493874736548,-0.010098355352117783,0.1969079438914276,0.4352,0.6250351828885955
2024-09-17,683.9840295213558,686.9621893015648,676.141517863812,678.0277099609375,3395470.0,0,1,-0.0031379851082778965,0.010056185526984951,0.02383459248109432,-0.031274365174520646,0.12553723329828692,-0.0031429189077107904,0.7111111111111111,0.9111111111111111,676.4641479492187,0.002311374544325662,659.4935192871094,0.02810367370078625,661.5257751464844,0.0249452635625558,610.0800743103027,0.11137494652230653,669.1236452914402,666.0751566872668,1,1,1,55.34194893527297,0,0,3.0484886041733716,3.312323756921123,-0.26383515274775116,0,710.5348866352316,642.3934092632059,676.4641479492187,0.10073183860313176,0.522945819081414,16.517846426077334,0.024361609685581966,16.03224269086625,26.734066649947753,20.903218358209006,0,59.587974439604444,53.89653141509234,4928813.285714285,6180947.166666667,0.7974203876543331,0,1159330369.0,678.7833061550684,40835717.74061036,0.33079904344850686,0.2792457648703865,0.28951829239613586,0.9645185544556408,0.23877733306978466,0.9579914968570667,1.2603951527010189,0.9579914968570667,1.530730582302626,0.015959040137719604,0.0056192214647094564,1.0,1.0,1.0,1.0,1.0,2972.396728515625,-0.0032497093035392943,-8.401801582791357e-05,0.1937814637165258,0.4669,0.6790981710072576
2024-09-18,680.0131115361924,682.9416472733793,668.4479008043978,680.2612915039062,3404940.0,0,1,0.003294233421665682,0.017823925992388245,0.04054361009241503,-0.021770162790195502,0.10498342981059716,0.00328881932169515,0.8111111111111111,0.8333333333333334,676.44677734375,0.005639045506484582,659.4121508789062,0.03161776833686029,661.9677630615234,0.027635074490300525,610.8516023254394,0.11362774348832412,670.8371293241273,667.1259814884994,1,1,1,56.20266598807382,0,0,3.711147835627912,3.3920885726624808,0.3190592629654314,1,710.5089721216433,642.3845825658567,676.44677734375,0.10070916417592425,0.5559933701428997,16.373267857713348,0.02406908648515881,15.200568845985691,25.043694673432476,22.937875278976115,0,63.15368266004387,61.20484168652598,4680306.428571428,6133122.833333333,0.7631196302043891,0,1162735309.0,678.765502475295,40846934.407757126,0.3110393777220986,0.2741120581770826,0.28767715186455023,0.952846120731011,0.23906068217278234,0.9611473444636849,1.241091698184583,0.9611473444636849,1.5357731661464131,0.02130614610885628,0.0029282012314352725,1.0,1.0,1.0,1.0,1.0,2953.5146484375,-0.006352476402957996,-0.002648288884515737,0.1574921831250185,0.4458,0.7833676858966873
2024-09-19,684.9766961140624,685.8204837497625,663.3354155144181,679.2189331054688,5134590.0,0,1,-0.0015322912114154041,-0.0013866037316797586,0.037452553631934116,-0.024452842018282572,0.12062896395381228,-0.0015334663702040968,0.7888888888888889,0.8666666666666667,676.379769897461,0.004197587412228793,659.2507116699219,0.030289267925045018,662.4284460449219,0.025346869025319962,611.5673316955566,0.11062003789893354,672.1266375981799,668.021755682349,1,1,1,55.663489419623865,0,0,4.104881915830902,3.5346472412961654,0.5702346745347362,0,710.4131630497635,642.3463767451584,676.379769897461,0.10063397714411833,0.5417114331695091,16.80982502754414,0.024748758034007747,14.156788008879612,22.650922322931823,22.918706379596355,0,63.2952345869827,62.01229722887703,4941713.428571428,6124400.1,0.8068893847368706,0,1157600719.0,678.5801692529259,40839066.72062591,0.31324547074124254,0.2686533120134684,0.28595598197955957,0.939491841204679,0.24078847399221295,0.9596745868348879,1.2391899842828942,0.9596745868348879,1.5334199144211993,0.03310430133703734,0.006931755002157254,1.0,1.0,1.0,1.0,1.0,2940.376708984375,-0.004448239137759269,-0.014482394684000699,0.15729503582214144,0.4443,0.766466407359035
2024-09-20,687.0614223073741,693.7126577918754,683.7358348605306,689.3447265625,9753966.0,0,1,0.014907996469908369,0.016691082732023688,0.07210132343129039,0.015353158608071293,0.11478570954791967,0.01479796451333516,0.8888888888888888,0.8555555555555555,676.8413879394532,0.018473070420695542,659.3756884765625,0.0454506264178146,662.9346185302734,0.039838179051167745,612.2638551330566,0.1258948585372433,674.7755743619215,669.6012350068046,1,1,1,59.707353627682295,0,0,5.174339355116899,3.8625856640603122,1.311753691056587,0,711.3352845477989,642.3474913311074,676.8413879394532,0.10192608555856035,0.6812398692588079,16.64438928889146,0.0241452333608044,13.631218694576651,24.628942681493434,21.493183448677108,0,91.7603648281036,72.73642735837676,5788591.0,6328556.833333333,0.9146778882526166,0,1167354685.0,679.3091903489218,40984478.81132151,0.2695529901351584,0.2663261337380364,0.2865045069911562,0.9295704857664152,0.23987111840798994,0.9739814121876832,1.2576638241941291,0.9739814121876832,1.5562801330922778,0.014472908179185378,0.01154633479671796,1.0,1.0,1.0,1.0,1.0,3005.66552734375,0.022204235994620625,0.024048219212357003,0.1710815170830866,0.4367,0.6867175646284684
2024-09-23,690.436680631407,692.9184803461137,682.9416576111554,685.522705078125,2808114.0,0,1,-0.005544426956646142,0.007734400942595032,0.021221461027371102,0.017160018442109015,0.09724318675587029,-0.005559854342218537,0.6666666666666666,0.8333333333333334,675.7841430664063,0.014410758393248896,659.2653076171875,0.039828271194552546,663.484496459961,0.03321586071076189,612.8961103820801,0.11849739860605314,676.4289790874911,670.7806031602357,1,1,1,57.57282806659924,0,0,5.648375927255415,4.219743716699333,1.4286322105560822,0,707.6228621156788,643.9454240171337,675.7841430664063,0.09422748188438591,0.6529358325730324,16.168134535039094,0.023585118939563797,13.08296280941536,23.543392075983412,20.89670171724923,0,84.55053001234266,79.86870980914301,4961926.714285715,6302612.333333333,0.7872809641238786,0,1164546571.0,677.2966175579638,40968909.42836258,0.15004611543458277,0.2668363840753225,0.2865220009272886,0.9312945714875077,0.23599480591976704,0.9685812433906775,1.2367706944410402,0.9685812433906775,1.5476514515702682,0.014553599262363336,0.0015840464528569084,1.0,1.0,1.0,1.0,1.0,3041.08203125,0.011783248529835255,0.017703121337449668,0.17312859127135496,0.4208,0.6551438794135677
2024-09-24,692.5213842461369,714.4605305883873,687.9548969012999,712.6239624023438,15201960.0,0,1,0.03953371219284452,0.04918153436056816,0.06624576207338206,0.07655968009049441,0.15521397809555637,0.038772258951999386,0.8777777777777778,0.9888888888888889,676.4964202880859,0.05340389251265058,659.8805456542968,0.07992873421620544,664.4889807128907,0.07243909694004544,613.6715217590332,0.16124659061849964,681.997438059007,673.8801112522438,1,1,1,66.6713732493628,0,0,8.11732680676323,4.999260334712113,3.118066472051118,0,710.9901066649146,642.0027339112572,676.4964202880859,0.10197743947304129,1.023683402805661,17.08025531898361,0.023968118138216896,13.832756804954322,29.703012496945714,18.3678623529802,0,97.51004508620076,91.2736466422157,6279655.142857143,6582885.433333334,0.9539365687665255,1,1179748531.0,679.6325307623835,41569899.33976971,0.2506158970883063,0.28164653377755067,0.2969845606443837,0.9483541271184155,0.24133305308104205,0.9974294336672019,1.2856648311236165,0.9974294336672019,1.608835858631485,0.037194418214248154,0.010209259468968727,1.0,1.0,1.0,1.0,1.0,3090.98486328125,0.01640956459524978,0.04229620283552049,0.17183256368109087,0.453,0.7509776787379654
2024-09-25,719.7219075386848,725.578979022566,710.3406926257078,713.2196044921875,9525319.0,0,1,0.0008358434760400435,0.03463416344496095,0.04860247088621228,0.07239345734260327,0.15608656044018665,0.0008354943534095284,0.8666666666666667,0.9888888888888889,677.1615417480468,0.05324883431959118,660.5076965332031,0.07980513813185312,665.3681420898438,0.07191727312348897,614.5320841979981,0.16058969552905064,686.8008482794963,676.7941477885358,1,1,1,66.83968989889973,0,0,10.006700490960498,6.00074836596179,4.005952124998707,0,713.9906811303891,640.3324023657045,677.1615417480468,0.10877504734622219,0.9895317043632667,16.948686110260372,0.023763629047084088,15.043948488318911,32.481238102043015,17.188273457366037,0,85.43858107536961,89.16638539130436,7032051.285714285,6612186.466666667,1.0634986356123257,0,1189273850.0,681.9238206735889,41577861.01551306,0.24721863372092026,0.28154484920633843,0.29679344938962615,0.9486221807972939,0.2360162932185199,0.9829661899149449,1.2740342271007683,0.9829661899149449,1.6101805935879412,0.021365490097132032,0.009960295346248291,1.0,1.0,1.0,1.0,1.0,3102.174560546875,0.0036201074287198765,0.04026941133137796,0.16439444601273734,0.4555,0.7889562466738412
2024-09-26,713.2196223231508,730.7907766232724,705.5260431191858,729.3016967773438,10573166.0,0,1,0.02254858417220129,0.06386220525581199,0.07562225859376781,0.1012592767909446,0.18215467555862297,0.022298122888851416,0.9111111111111111,1.0,678.8566131591797,0.074308893277785,661.4732678222656,0.10254145141554427,666.5472998046876,0.09414845276703478,615.4333277893066,0.18502145374067214,693.3394403560883,680.6835958617809,1,1,1,71.08555654691757,1,0,12.655844494307416,7.331767591630916,5.3240769026765005,0,721.8286001923111,635.8846261260483,678.8566131591797,0.1266010706831113,1.086953118775621,17.542689495533676,0.024054091157406796,16.39335463968667,31.261967230034724,15.420108562051348,0,98.3471076101316,93.76524459056735,8057436.428571428,6676415.733333333,1.2068506142215012,0,1199847016.0,684.7991738058402,41816270.93903072,0.25142136213421723,0.28560544029354706,0.30006355720696115,0.9518164849874056,0.23569302359648325,0.9979623718668027,1.3017292316886344,0.9979623718668027,1.6464878862349042,0.03464236216058052,2.500066347494974e-08,1.0,1.0,0.0,0.0,0.0,3119.707763671875,0.005651907325907812,0.04955968149978918,0.16498334912601578,0.4617,0.8081923335065236
2024-09-27,741.5121372623263,752.1838761274441,736.6974094198546,741.710693359375,12936973.0,0,1,0.01701490156524299,0.040816380716382605,0.09033205714177539,0.13453805493779236,0.17819131041118363,0.016871769432275075,0.9555555555555556,0.9888888888888889,681.1299438476562,0.08894154494148687,663.2190466308593,0.11834950628642497,667.789349975586,0.11069560092039732,616.3265351867676,0.2034378710217495,700.7811715873631,685.2041216023434,1,1,1,73.8661063864248,1,0,15.577049985019698,8.980824070308673,6.596225914711026,0,732.0504416147608,630.2094460805517,681.1299438476562,0.14951771898166188,1.094856218696029,17.924081628002725,0.02416586654133368,18.435959830663478,36.936567624296224,14.013996713526417,0,90.60553141010791,91.46374003186973,9419155.42857143,6888770.266666667,1.367320300133795,0,1212783989.0,689.9606383070388,42036392.26117793,0.24844467484544144,0.28427106084739623,0.301198999621429,0.9437981573799742,0.23626208249761238,0.9860762998244665,1.323878026430416,0.9860762998244665,1.674502715547556,0.020879389829810673,0.016742646478046515,1.0,1.0,0.0,1.0,0.0,3127.350830078125,0.002449930245150389,0.058857396130603146,0.15181448012668938,0.4437,0.8401268006933291
2024-09-30,744.5398879913695,758.8847019514988,743.9939041916714,750.6947631835938,8566640.0,0,1,0.012112633543852391,0.052543646382362974,0.10523238766523946,0.1466261629400223,0.14775748664708477,0.012039862640348044,0.9777777777777777,0.9444444444444444,684.7186248779296,0.09635510983424207,664.9609130859375,0.12893066105161627,669.0432629394531,0.12204218287081067,617.2646629333497,0.21616351666100717,708.460185679091,690.0552802379916,1,1,1,75.6889159885574,1,0,18.404905441099345,10.865640344466808,7.539265096632537,0,744.3544915963802,625.0827581594791,684.7186248779296,0.17419087067795855,1.053158207770727,17.870504982582798,0.02380528792660872,20.542591775369566,37.07939535994646,13.05201054772389,0,93.07013667203614,94.00759189742524,9909448.285714285,6857315.8,1.4450914285899281,0,1221350629.0,694.0858802466391,42140156.832200035,0.22917809354047392,0.2677129614079796,0.3018918774167807,0.8867842477205343,0.2300581555891027,0.9892079274403025,1.3331023601250322,0.9892079274403025,1.6947853533091692,0.019836021896139956,0.00381441801678822,0.0,0.0,0.0,0.0,0.0,3132.895751953125,0.001773041202052017,0.0654742783060771,0.1517158014317741,0.4908,0.874888530717224
2024-10-01,749.5034953657602,759.927053910582,739.7748528420888,756.0057983398438,4402151.0,0,1,0.007074826436415549,0.0366159871566194,0.09670208418037407,0.17577575585963334,0.13174313894828948,0.007049917268218416,0.9444444444444444,0.9222222222222223,688.8210357666015,0.09753587519067425,667.1801354980469,0.13313595251976282,670.2204876708985,0.12799565552980952,618.1829539489746,0.22294830925125309,715.7748953192067,694.9405038010918,1,1,1,76.72254211768703,1,0,20.8343915181149,12.859390579196427,7.9750009389184715,0,756.1341913901709,621.5078801430321,688.8210357666015,0.19544454111699813,0.999046300465802,18.033483274433543,0.02385363090340616,22.129351761797857,34.1196968471442,13.681309754390202,0,96.53507585281852,93.40358131165421,9144903.285714285,6660859.633333334,1.372931391610462,0,1225752780.0,696.5418270744142,42171301.286471926,0.2331427446807392,0.263244442146174,0.3009999024893757,0.8745665362980164,0.23221110813515142,0.9948399579268044,1.3343477300247166,0.9948399579268044,1.7067756655308108,0.026656146173411114,-0.0015868870761554098,0.0,0.0,0.0,0.0,0.0,3183.098388671875,0.016024355961238967,0.059032803122618605,0.1547484253977194,0.5371,0.9229645312995564
2024-10-02,749.5034953657602,759.927053910582,739.7748528420888,756.0057983398438,4402151.0,0,1,0.0,0.019273154760278466,0.10281657009987177,0.12621994896258526,0.11077891647034055,0.0,0.9555555555555556,0.8555555555555555,693.5240447998046,0.09009313232690488,669.4368664550781,0.1293160508819614,671.3281243896485,0.12613455458488607,618.9741606140137,0.22138506975783376,721.9642650146893,699.4638589521105,1,1,1,76.72254211768703,1,0,22.500406062578804,14.787593675872904,7.712812386705901,0,765.8852407329446,621.1628488666647,693.5240447998046,0.20867681942888652,0.9317352189547199,18.18482025972352,0.02405381056554937,23.60277174919556,31.41890817741359,12.598348011287124,0,95.94037782581606,95.1818634502236,9372622.857142856,6547090.066666666,1.43157078361605,0,1225752780.0,699.9100613349249,42171301.286471926,0.2161322848080559,0.25980570259893576,0.29785104631932463,0.8722672148023928,0.2251873638700613,0.9948399579268044,1.2958558480048834,0.9948399579268044,1.7067756655308108,0.026656146173411114,-0.00860086389332247,0.0,0.0,0.0,0.0,0.0,3183.098388671875,0.0,0.04669928530783518,0.149465355492893,0.5191,0.9117977779132763
2024-10-03,744.5399226795407,767.0250525807884,739.2785193441014,741.6610107421875,5649089.0,0,1,-0.018974441239943962,-0.012033855682028971,0.04074666285702255,0.10969171866331506,0.08978196063237864,-0.019156765974255478,0.7888888888888889,0.7888888888888889,697.3534606933594,0.06353671781419765,671.5063952636718,0.1044734882248872,672.2957684326171,0.10317667545533972,619.6507063293457,0.1969017434606023,724.9945335881506,702.5895738995237,1,1,1,67.70543918315246,0,0,22.404959688626946,16.311066878423713,6.093892810203233,0,771.4601792708038,623.2467421159149,697.3534606933594,0.21253703539023716,0.7989442178749624,18.867799758078057,0.025439924014876908,25.23204075650242,30.805747452107198,11.275003150486583,1,75.53849877749529,89.3379841520433,8007927.0,6529102.1,1.2264974382924723,0,1220103691.0,702.9892881888762,42064112.97918221,0.21653184369318365,0.26785054672673175,0.3008267677340211,0.8903813604896835,0.23109775214525666,0.9669319251656003,1.271267707361477,0.9669319251656003,1.6743905509554302,0.037411341347067424,-0.015166385873602554,0.0,0.0,0.0,0.0,0.0,3113.064208984375,-0.02200188971121353,0.007143142616262033,0.16262207896642505,0.5584,0.9286369498357266
2024-10-04,737.2434209818017,752.0349103951836,734.6623130168144,742.4552001953125,4624509.0,0,1,0.0010708254062461453,-0.01792393414744675,0.04099101527634086,0.09158575078911779,0.09166549178445482,0.0010702524816857877,0.7888888888888889,0.8,701.3640502929687,0.058587476625269676,673.1762548828125,0.10291353090664226,673.2506256103516,0.10279169740424951,620.3285087585449,0.19687422021144588,727.6807899892524,705.5425832547672,1,1,1,67.93016627307102,0,0,22.138206734485152,17.476494849636,4.661711884849151,0,776.1491202897465,626.5789802961909,701.3640502929687,0.21325606855823054,0.7747282974002313,18.76099958809885,0.02526886414582796,26.297234601270542,28.768177648582167,12.286769765081887,1,76.30442821422062,82.59443493917735,7307811.285714285,6424088.4,1.137563936030875,0,1224728200.0,706.2230198982594,42069065.02091083,0.2163145595107647,0.2676999205392304,0.30043283685519667,0.8910474745084441,0.230702206483118,0.9679673404371782,1.2657759250660596,0.9679673404371782,1.676183530897372,0.02339884934983158,-0.005956346223411514,0.0,0.0,0.0,1.0,0.0,3107.71923828125,-0.0017169484290427972,0.0017873519449522757,0.16116317262504368,0.5589,0.9374150835431888
2024-10-07,747.5180460169865,747.5180460169865,717.2400906338283,725.9760131835938,5862059.0,0,1,-0.0221955304608058,-0.039721633381905375,-0.004560093043037727,0.07071732101541794,0.027323186424785817,-0.022445557832295224,0.3888888888888889,0.5111111111111111,704.9750671386719,0.0297896294831529,674.5313366699219,0.07626728917836184,674.0406909179687,0.07705072255340381,620.9458769226075,0.1691453960231012,727.4185166345356,707.0561706569025,1,1,1,58.78869287897256,0,0,20.36234597763314,18.05366507523543,2.308680902397711,0,777.0046434988606,632.9454907784832,704.9750671386719,0.20434645058452863,0.6457800191681349,19.58363928774595,0.026975601028285487,25.80272890540692,25.591175857516497,17.284396141640652,1,60.411627855424264,70.75151828238009,6634796.0,6235568.1,1.0640243027736318,0,1218866141.0,709.3569096961805,41938953.51181329,0.23796430734911284,0.2555588855903834,0.30358129336284995,0.841813679490888,0.23458160978096393,0.9464827918474396,1.2376813569647012,0.9464827918474396,1.6389797482794384,0.04170655067566418,0.006819059009004446,0.0,1.0,1.0,1.0,0.0,3015.156494140625,-0.02978478332290324,-0.03351316131232562,0.18334434462189847,0.6646,0.9332245159122217
2024-10-08,718.2328630350945,726.6709823658455,702.8457042554899,716.5452270507812,5418558.0,0,1,-0.012990492745698412,-0.033864236258385305,-0.03392895172457833,0.05333823341125177,0.026012844347151898,-0.013075607118551436,0.2222222222222222,0.5,708.0673889160156,0.011973208013074036,675.8231591796875,0.060255508142872845,674.3598846435547,0.06255612673272287,621.4835182189942,0.15295934010319143,725.7457028524196,707.7590637231158,1,1,1,54.28632706516889,0,0,17.986639129303853,18.040259886049114,-0.05362075674526068,0,776.2145207855083,639.9202570465229,708.0673889160156,0.1924877008495463,0.5622024574049675,19.88661348936093,0.02775346585059532,24.350126768205584,23.401199878008832,20.97544005969951,0,51.31642181590849,62.677492628517825,5560736.714285715,6200678.666666667,0.896794853147104,0,1213447583.0,710.9314427890205,41868563.773422144,0.21172780495015003,0.2561360620988468,0.30352253435490373,0.8438782400233628,0.2403462749645328,0.9341875140060171,1.2216032662755651,0.9341875140060171,1.6176885937490677,0.03325020837612407,-0.010665848468661535,1.0,1.0,1.0,0.0,0.0,3157.721923828125,0.04728292875164142,0.009711444414198134,0.2297509101984909,0.4311,0.48413735442445804
2024-10-09,704.8311346666858,730.393672297203,704.8311346666858,722.2533569335938,3733320.0,0,1,0.007966182269200983,-0.02720951143773309,-0.037886778548159694,0.06335869294951268,0.03191260684705388,0.007934619750275174,0.18888888888888888,0.5555555555555556,712.0308227539062,0.014356870310964946,677.0494995117188,0.06676595648394329,674.82548828125,0.07028167945040181,622.1679008483886,0.1608656697793771,725.208418864908,708.8327150720402,1,1,1,56.459865737248016,0,0,16.375703792867853,17.707348667412862,-1.3316448745450096,0,773.0924078361023,650.9692376717102,712.0308227539062,0.17151388150875127,0.5837067541395033,20.292036642300666,0.028095454936274362,23.213502936446112,22.605936961653963,19.088051265991293,0,46.75322557638867,52.8270917492405,4870262.428571428,6205124.466666667,0.7848774758240565,0,1217180903.0,713.0158840993896,41898304.0810114,0.19895499166165895,0.25693550280299343,0.303865604497403,0.84555638742979,0.24709713398239205,0.9416294220162007,1.2313347805553674,0.9416294220162007,1.6305753959416802,0.03539275710540938,-0.016348015368561366,1.0,1.0,1.0,0.0,0.0,3150.778564453125,-0.002198850798927343,0.005708077738894257,0.2262317865035731,0.4353,0.4979277187855976
2024-10-10,726.5717325134505,732.8258558812088,721.01246461592,724.83447265625,3890250.0,0,1,0.0035736984783492076,-0.001572421824707071,-0.04123159604336979,0.051483306865526934,0.04232699559167297,0.0035673279908982904,0.18888888888888888,0.6222222222222222,714.7086853027344,0.014167712750302725,678.2504699707031,0.06868259551306925,675.3934008789063,0.07320336815995658,622.8777738952637,0.16368652572620174,725.1508886789607,710.0180304486483,1,1,1,57.445165712223535,0,0,15.132858230312308,17.19245057999275,-2.059592349680443,0,772.8738133331252,656.5435572723435,714.7086853027344,0.16276597507907276,0.5870434545267827,19.686419115371248,0.02715988250838541,22.299562790474123,22.519458128177753,18.26988528358939,0,49.8229347901858,49.29752739416102,4797133.714285715,6143844.8,0.7808032055571642,0,1221071153.0,716.6873841659648,41912206.6615168,0.19063904241182664,0.2560277957692894,0.3038770016072756,0.8425375872971608,0.24720261959110915,0.9449945216488289,1.2357351997869768,0.9449945216488289,1.6364025807529907,0.01629805384669016,0.0059790315107580054,0.0,1.0,1.0,0.0,0.0,3171.209228515625,0.006484322412561028,-0.003735090375642014,0.22635029455750053,0.4334,0.493701909952029
2024-10-11,730.6418332614376,744.4902877355744,727.7132974909363,741.9091796875,5224383.0,0,1,0.02355669835718155,0.035397559957399904,-0.018646177956967103,0.08225325607989742,0.06558777508680214,0.023283521123401776,0.32222222222222224,0.7777777777777778,718.3867095947265,0.03274346501488525,680.2953503417968,0.0905692348400542,676.1671008300781,0.09722756220572613,623.690294342041,0.18954741867543948,727.729087295659,712.3803377996744,1,1,1,63.353226084828286,0,0,15.348749495984634,16.82371036319113,-1.4749608672064944,0,773.4277008217866,663.3457183676664,718.3867095947265,0.15323499305300659,0.7136813815337776,19.68423311279647,0.026531863537647124,22.09402823452641,25.14594341368844,16.966777488065578,0,68.23596377488394,54.9373747138195,4914595.428571428,6071178.466666667,0.8094961226316493,0,1226295536.0,719.6363999378129,42035275.87595019,0.26004631384986354,0.26377483777897914,0.29501171831305906,0.8941164753973192,0.24815007582668902,0.9672554725444994,1.26484504113771,0.9672554725444994,1.6749508227387022,0.02261326683099508,0.008011981803108428,0.0,1.0,0.0,0.0,0.0,3134.244140625,-0.011656464530385935,-0.015348016957546506,0.22961889203762867,0.3737,0.4323051936443371
2024-10-14,740.5690410300829,749.5035200773626,734.0667378416142,737.5908813476562,2540789.0,0,1,-0.005820521511356258,0.021235656804946768,-0.00548785676418162,0.03503519424346324,0.086416131550624,-0.005837526765091071,0.37777777777777777,0.8,721.2581512451172,0.022644777149961652,682.9201306152344,0.0800543845195626,676.8522131347656,0.0897369721694286,624.5273683166504,0.18103852411745702,729.2462863805818,714.2477854698952,1,1,1,61.044939362300674,0,0,14.998500910686516,16.458668472690206,-1.46016756200369,0,773.8398127253548,668.6764897648796,721.2581512451172,0.1458053857400854,0.655308235254962,19.380843764435895,0.026275872241024796,22.15902331325547,25.562963373354922,16.001492781059167,0,54.137628378614075,57.3988423145613,4470552.571428572,5949649.933333334,0.751397581626103,0,1223754747.0,721.4432970558221,42020487.15891987,0.23576690651585386,0.2520637220138698,0.2944044932707445,0.8561816404821759,0.24377364801595167,0.9616255412595771,1.2574829833672356,0.9616255412595771,1.6486691966884157,0.020928651134547355,-0.001806337883542038,0.0,0.0,0.0,0.0,0.0,3098.17822265625,-0.011507054444571119,-0.004781779407300291,0.23179946568881563,0.4286,0.47008592399666993
2024-10-15,740.5690160716533,744.5398955143968,715.4035918395914,721.65771484375,3056619.0,0,1,-0.02160163161832296,-0.004382735551826555,-0.028011771412054798,0.011831012914417016,0.07077616700632072,-0.021838362249897506,0.2777777777777778,0.7777777777777778,723.4396514892578,-0.0024631448412311308,685.3052124023437,0.05304571128821892,677.3439404296874,0.06542285502096788,625.2931666564941,0.15411098877431664,728.0788138364537,714.7966691272178,1,1,1,53.324811673894985,0,0,13.282144709235922,15.823363719999351,-2.541219010763429,0,771.9306871670467,674.9486158114689,723.4396514892578,0.13405689217605435,0.48162612304933694,20.077662329462285,0.027821586212529312,20.890412997295623,22.913215995070573,20.982473365026788,0,29.31162605907098,50.561739404189694,4246568.285714285,5902960.866666666,0.7193963134152156,0,1220698128.0,722.6826368292767,41954459.201284304,0.2662831266972993,0.26047611733089,0.2918458354794288,0.8925127093316021,0.2505434640848133,0.9408528605625173,1.230319299194227,0.9408528605625173,1.613055252041076,0.04037413177397244,0.0040376512227967174,1.0,0.0,0.0,0.0,0.0,3101.77490234375,0.0011609014811344576,-0.0019127647904215728,0.23165672474756374,0.4102,0.464737340200653
2024-10-16,723.1964521180807,733.5207633853304,720.7642762282097,727.762939453125,3207796.0,0,1,0.008460000473627494,-0.01906734762377993,0.0024614122740709288,-0.0021099050379537188,0.09943010425605814,0.008424415229549332,0.4777777777777778,0.8666666666666667,725.8147338867187,0.002684163706588985,687.5478649902344,0.05849058154440168,677.6598248291016,0.07393549504968644,626.069256439209,0.16243200247893091,728.0302177774801,715.7571335958035,1,1,1,55.639818956896086,0,0,12.273084181676609,15.113307812334805,-2.840223630658196,0,769.849546168167,681.7799216052705,725.8147338867187,0.12133898700469466,0.5221211975874261,19.554721245723595,0.026869630460185187,19.712417703904336,21.84554491270301,20.00476774512575,0,38.82438174868962,40.75787872879159,3867387.8571428573,5815992.466666667,0.6649575079933662,0,1223905924.0,724.0246217481363,41981597.1569636,0.23986411606718144,0.2537833165042533,0.29197709967899665,0.869189113746475,0.2502669622281876,0.94881247620849,1.2407278010481229,0.94881247620849,1.6267017002373307,0.01752835499799767,0.002132225905274085,1.0,0.0,0.0,0.0,0.0,3082.992431640625,-0.006055394506201184,0.022498313978669415,0.23113808115054418,0.3897,0.4312488104691601
2024-10-17,735.7046846991535,741.8595601224032,727.0183856798775,729.4505615234375,6213860.0,0,1,0.0023189172996094243,-0.011036361796319283,0.0180104953399427,-0.016529533611560288,0.09679824377456692,0.0023162327602370743,0.6444444444444445,0.8444444444444444,728.3263153076172,0.0015436023554160564,690.0147741699219,0.05715209127363438,678.0927722167969,0.07573858830369705,626.869083404541,0.16364099113290773,728.248732199935,716.7714615904431,1,1,1,56.28525390394246,0,0,11.477270609491939,14.386100371766233,-2.9088297622742942,0,766.5126922050573,690.139938410177,728.3263153076172,0.10486062660336988,0.5147205143190176,19.21803933120946,0.026345910668809567,19.114899265262547,23.739844482282574,18.901287227714633,0,41.453922425479675,36.52997674441345,3981002.4285714286,5898134.2,0.6749596217345187,0,1230119784.0,726.3784281612794,41996006.58441495,0.22068936669892056,0.25375091529196264,0.2912560824394677,0.8712295831442427,0.2523721013192757,0.9510126938736551,1.2436049462100798,0.9510126938736551,1.6206409085854867,0.02034568924250372,0.010912544202919037,0.0,0.0,0.0,0.0,0.0,3010.910400390625,-0.023380541097092866,-0.04649286003611097,0.24161566258565143,0.3758,0.3978548435219317
2024-10-18,729.4505905705914,750.9430012361659,719.7715712779739,748.0144653320312,5474367.0,0,1,0.025449159665904553,0.03652250914270061,0.035667689393385604,-0.003570423004145784,0.12951590920569545,0.025130721158898032,0.7444444444444445,0.9333333333333333,731.2598022460937,0.02291205264459349,692.6077587890625,0.07999723629986535,678.7686083984376,0.10201688186049161,627.7365599060058,0.1916057039023428,731.2896142202576,719.0857581638941,1,1,1,62.712200834978134,0,0,12.20385605636352,13.94965150868569,-1.7457954523221701,0,765.6642056838264,696.8553988083611,731.2598022460937,0.09409625233619608,0.7434959105781506,20.0718529474225,0.026833509079952,19.057566569691673,24.338903744593058,16.80460504267489,0,70.3789649710989,50.21908971508943,4229723.428571428,5870242.066666666,0.720536458383771,0,1235594151.0,729.9264219894152,42135324.62426771,0.25908897572279094,0.2605685874988793,0.28856780505895313,0.9029717900985048,0.261228080925885,0.9752151677643478,1.275253647047489,0.9752151677643478,1.6358759057771821,0.04167222881760115,3.9820593008368496e-08,0.0,0.0,0.0,0.0,0.0,2999.171630859375,-0.0038987442235833836,-0.04811729243818319,0.23863841855764178,0.3432,0.3777106958178841
2024-10-21,754.4670853302212,759.8774206260804,731.6345288004908,734.215576171875,2981749.0,0,1,-0.018447356033457374,0.008866399165089023,0.012942408052485144,-0.028822824131533253,0.12307334807624937,-0.018619630467067067,0.5777777777777777,0.9111111111111111,733.6944458007813,0.0007102825625522127,694.7967053222657,0.05673439518013516,679.2413092041015,0.08093481097636622,628.5715632629394,0.16806998452257907,731.7397622128142,720.2064854237445,1,1,1,56.108805795727136,0,0,11.533276789069646,13.466376564762482,-1.9330997756928365,0,760.530022708804,706.8588688927586,733.6944458007813,0.07315191511020204,0.5097096919674924,20.655498581577294,0.028132743640870376,19.45260555936832,25.051411750168874,15.163358764500073,0,48.87845192410533,53.57044644022799,4099937.5714285714,5798150.766666667,0.7071112388106474,0,1232612402.0,731.1890255397028,42080319.238862306,0.295856231994251,0.26430433833006706,0.29161740031966366,0.9063393955242153,0.2672115018989094,0.957225026355371,1.2517285889874388,0.957225026355371,1.5684549256518177,0.038466756552408145,0.00862633050194516,0.0,0.0,0.0,0.0,0.0,2934.882080078125,-0.02143576917031209,-0.07452272348113709,0.24667736231137447,0.383,0.41344149395689594
2024-10-22,727.6636477744815,740.3704496965831,713.0706539069539,715.0064697265625,5672302.0,0,1,-0.02616276073229995,-0.019801330698421715,-0.03626145988956386,-0.05423150021245082,0.09211515128067327,-0.02651109477791801,0.2111111111111111,0.7888888888888889,733.8135711669922,-0.025629263588734918,696.7593115234375,0.02618861047328992,679.9848510742188,0.05150352775803409,629.2863380432129,0.13621800840281897,729.1654095226216,719.8212990758052,1,1,1,48.45919783945457,0,0,9.344110446816444,12.641923341173275,-3.297812894356831,0,760.273850256043,707.3532920779414,733.8135711669922,0.07211717016072819,0.14461634404657384,21.13009123929529,0.029552307753768995,18.51398453874731,22.739548211657862,20.039380207307552,0,18.948097461873182,46.068504785692504,4163926.0,5877069.466666667,0.7085037914928167,0,1226940100.0,734.2641565332519,41931916.15883496,0.29510655655470786,0.2785666167617375,0.2964705329956661,0.9396097951016591,0.27292061198022377,0.9321813770238659,1.2189799134119812,0.9321813770238659,1.5149615327096169,0.0381811870878167,-0.00892371206772068,0.0,0.0,0.0,0.0,0.0,2821.1396484375,-0.03875536683831515,-0.09989792694485622,0.2695264427860373,0.4643,0.4828060440222324
2024-10-23,710.7874269105894,725.8271571772152,708.1070711434623,711.87939453125,6522834.0,0,1,-0.004373492167851767,-0.04830798397025848,-0.0348587373659347,-0.040155294372471784,0.10714829836479778,-0.004383083861069319,0.23333333333333334,0.8555555555555555,733.7465606689453,-0.029802069692509876,698.6583837890626,0.018923426740384046,680.2410998535156,0.04651041327045285,630.0807289123535,0.12982251617201102,726.5060226008721,719.2330098502825,1,1,1,47.327990885570806,0,0,7.273012750589601,11.568141223056541,-4.29512847246694,0,760.4322638711536,707.060857466737,733.7465606689453,0.0727382031688962,0.09028311954159428,20.886519438899402,0.02933996910059816,17.334651594230913,21.361534471886575,20.522462593210694,0,15.839765749042984,27.888771711673858,4732789.571428572,5966969.833333333,0.7931646553648973,0,1220417266.0,734.6829510209008,41903388.59542376,0.29511944596270867,0.27236337137882755,0.2956202641551497,0.9213284892942377,0.2740340299295329,0.9281044890724347,1.213648714307905,0.9281044890724347,1.5083358603117145,0.024891977728082687,-0.005900705790237954,0.0,0.0,0.0,0.0,0.0,2832.87841796875,0.004161002642230516,-0.08563090488062464,0.2664392103780393,0.4376,0.45022980313157984
2024-10-24,709.7947117416634,709.7947117416634,661.8959776975581,685.671630859375,14909729.0,1,0,-0.03681489290630746,-0.06611674675386647,-0.049865861951141954,-0.0764808022369563,0.021443315391619366,-0.03750966645150591,0.16666666666666666,0.45555555555555555,731.5650573730469,-0.06273321292636516,700.03330078125,-0.02051569533313214,680.4104742431641,0.007732327492552177,630.7704847717285,0.08703822929748337,720.2238084867956,716.746981776882,1,1,0,39.091777558411806,0,0,3.4768267099136665,9.949878320427965,-6.473051610514299,0,765.8360056857979,697.2941090602959,731.5650573730469,0.09369214116325736,-0.16956750211368682,22.964869252813152,0.033492517728975484,18.058526695186806,18.040553598382548,31.705153681561722,0,24.26546543018486,19.684442880367037,6426091.0,6177468.666666667,1.040246636081683,1,1205507537.0,729.5344150197424,41354488.51902669,0.34352895930544775,0.2704913440118721,0.3059102523809085,0.8842179753919,0.2917248218769972,0.8939364217013698,1.168968366864782,0.8939364217013698,1.4528066371475956,0.06985666591466265,-0.0029284213106903034,1.0,0.0,0.0,0.0,0.0,2827.533447265625,-0.001886763183771789,-0.08841436394075652,0.2601889843328104,0.356,0.370191926561854
2024-10-25,689.443993735972,689.8411059456525,663.5836515894526,673.8086547851562,4091651.0,0,1,-0.017301249665748197,-0.0576188002287048,-0.07413716987088204,-0.07185823973669603,0.00816932985395269,-0.017452665280126872,0.022222222222222223,0.4,728.169955444336,-0.0746546877589971,700.9188073730469,-0.03867802133815754,680.4330877685547,-0.009735612659759064,631.3900682067871,0.06718285369746524,713.0830156096204,713.56636496268,1,1,0,36.03487943399917,0,0,-0.48334935305967974,7.863232785730436,-8.346582138790115,0,770.6736984000431,685.6662124886288,728.169955444336,0.11674127073746393,-0.1394883941848283,23.200053903055064,0.034431219810396166,18.730696431788708,16.582124066126376,29.142054262148353,0,12.158095177561794,17.421108785596573,6552356.0,6114595.0,1.0715928037752296,0,1201415886.0,725.7657133523111,41283697.84353058,0.32851581338122265,0.2752408040257937,0.2973551034216225,0.9256299988082842,0.29668635232805607,0.8784702044842089,1.1487437532982923,0.8784702044842089,1.4235033170033584,0.038968710433931845,0.005501704761897369,1.0,1.0,1.0,0.0,0.0,2690.912109375,-0.04831820398897313,-0.12717524643969957,0.2929078554034984,0.3968,0.3729084830271708
2024-10-28,676.0422606561353,691.9257792618596,675.8437045554008,687.8556518554688,2587719.0,0,1,0.02084716034820211,-0.03374692800541046,-0.05702224641667142,-0.04003874998008927,0.011311427231795346,0.02063283194189715,0.13333333333333333,0.4444444444444444,725.0279998779297,-0.05127022408613117,701.5948510742187,-0.019582810788468193,680.6351599121094,0.010608461579169235,632.0798866271973,0.08824163908440921,709.2018827243662,711.6618676954793,1,1,0,41.834936589007604,0,0,-2.4599849711130446,5.7985892343617405,-8.258574205474785,0,769.753212829562,680.3027869262974,725.0279998779297,0.12337513298565725,0.08443632160387217,22.836987515458514,0.03320026149942428,19.21926645155523,16.29451709860368,27.490691144634344,0,26.49448036486693,20.972680324204557,6034335.857142857,6058900.766666667,0.9959456491416803,0,1204003605.0,722.5530674071222,41337644.43645967,0.37482696826956996,0.2770771079333289,0.2776337539501485,0.9979950347935016,0.29817821863631133,0.896783813698209,1.1726917985222973,0.896783813698209,1.4531793189091249,0.023380013907100875,0.003314896380621996,0.0,0.0,1.0,0.0,0.0,2796.01318359375,0.03905778782316349,-0.07137283685658502,0.31661032641349546,0.4347,0.3805332660411133
2024-10-29,687.855620639404,691.1315840850028,671.5253666958257,688.5504760742188,4293867.0,0,1,0.0010101308564895994,0.004198577110789303,-0.07949577449871559,-0.04666351569823679,0.015519669710678086,0.0010096210176230782,0.022222222222222223,0.45555555555555555,721.6552337646484,-0.045873370193315936,702.0058361816406,-0.01916702029232178,680.8782342529297,0.011268155501706048,632.8506632995606,0.08801414931644408,706.0247432397282,709.9499127605711,1,1,0,42.11453501100543,0,0,-3.9251695208429283,3.853837483320807,-7.779007004163735,0,766.7168568803614,676.5936106489354,721.6552337646484,0.12488407485286486,0.1326723783848122,22.60621822072413,0.032831606405406666,19.843873230061302,15.285079779292472,27.152115904100725,0,27.20361895068759,21.9520648310388,5865693.0,6088847.333333333,0.9633503155660224,0,1208297472.0,719.6048394986065,41341981.80401003,0.30582237447958044,0.27688028585955254,0.27706153491257746,0.9993458166140525,0.30109086678758046,0.8976896827000261,1.173876370693137,0.8976896827000261,1.4499605505468316,0.02847462614645519,-4.5381708543756085e-08,0.0,1.0,0.0,0.0,0.0,2845.916015625,0.017847852908586592,-0.051099314776614335,0.32172266142344597,0.4284,0.3687031624190571
2024-10-30,685.9197901901216,693.7126167503309,680.4102071591423,683.3883666992188,3284187.0,0,1,-0.007497067469086405,0.014217258632744922,-0.06922654751846058,-0.057180097692024257,0.004596873634246101,-0.007525311734059843,0.06666666666666667,0.37777777777777777,718.0243621826172,-0.04823791128495079,702.0614294433594,-0.026597477031242003,681.0603100585937,0.003418282648749213,633.4784159851074,0.0787871369484587,702.5422237719574,707.9823908301005,1,1,0,40.55479691833383,0,0,-5.440167058143061,1.9950365750280337,-7.435203633171095,0,763.1343778265293,672.9143465387051,718.0243621826172,0.1256503762819099,0.11609417566148843,21.941660461471592,0.032107161214128224,20.23853839696975,15.463393132334295,25.976307746639584,0,21.93516278111906,25.21108736555789,5908898.428571428,6084822.233333333,0.9710880946039516,0,1205013285.0,717.0546571530401,41317360.03248994,0.3027112283674928,0.2777110125492724,0.27474684625645496,1.010788718171675,0.3006616062114676,0.8909596425825212,1.1650757403416843,0.8909596425825212,1.4390900984718684,0.019465373189537245,-0.0038206144291643564,0.0,1.0,0.0,0.0,0.0,2966.502197265625,0.0423716585375562,0.010773896982824605,0.34514677440414476,0.3686,0.29665749937593855
2024-10-31,681.849644765492,684.5300006360097,674.3049976988932,681.0554809570312,4478581.0,0,1,-0.0034137042066656464,-0.009886043503595898,-0.047483470719523746,-0.08202311064017431,0.0027039114518871976,-0.003419544189307585,0.23333333333333334,0.35555555555555557,714.9940856933594,-0.04746697268609772,702.071357421875,-0.0299341031971701,681.1519372558594,-0.00014160761138947515,634.0843867492675,0.0740770395697146,699.2365710311996,705.9878049135768,1,1,0,39.8367472448461,0,0,-6.751233882377278,0.2457824835469713,-6.9970163659242495,0,761.5382236385448,668.4499477481739,714.9940856933594,0.13019446979075255,0.13541483165616608,21.104756352589085,0.030988307036208425,20.866825463810127,14.928262440349283,27.143658424974642,0,19.554216274861393,22.89766600222271,5738366.857142857,6062955.266666667,0.9464636641295452,0,1200534704.0,713.5021201945044,41302071.48169035,0.28157692467209816,0.27786429053286743,0.27259074597296773,1.0193460146311155,0.29617050588739013,0.8879181699026679,1.1610985163857959,0.8879181699026679,1.4034024750043887,0.0150134654562183,-0.0022516068588623794,1.0,0.0,0.0,0.0,0.0,2944.47314453125,-0.007425935080944912,0.043717614674643634,0.34561591257970514,0.3697,0.2973038223862602
2024-11-01,682.4949064489838,688.8483378144336,682.1971026079684,685.8701782226562,472898.0,0,1,0.007069464089561883,-0.003892667196810695,-0.036535987006225956,-0.07012112599670539,-0.0050403639949057055,0.0070445925783450035,0.2777777777777778,0.3111111111111111,712.1648345947266,-0.036922149332231355,702.186513671875,-0.023236469415935275,681.2630865478516,0.006762573469450819,634.7144309997559,0.08059647728872896,697.1802029068083,704.4976103438789,1,1,0,42.114679983329005,0,0,-7.317407437070642,-1.2668555005765514,-6.050551936494091,0,758.5594591293752,665.7702100600779,712.1648345947266,0.1302918152678812,0.2166195800072394,20.15390638864718,0.029384433131169833,21.117860440328986,16.04644306013628,26.39397517458784,0,24.468103151519593,21.985827402500046,4874090.285714285,5753586.333333333,0.8471395062721666,0,1201007602.0,711.9068394967139,41305414.61711937,0.2940248565576309,0.275193852893409,0.27020041644699383,1.0184804913037384,0.2955780817239051,0.8941952755192643,1.1693068606518287,0.8941952755192643,1.4133237784046344,0.009697513345311274,0.002113521632525191,1.0,0.0,0.0,0.0,0.0,2946.72119140625,0.0007634801761311483,0.04018625462900327,0.3393237713550988,0.3501,0.2839826035795228
2024-11-04,683.9839853088386,684.8774574214739,656.7834368381709,669.3909912109375,5245661.0,0,1,-0.024026685420880156,-0.020482314552541903,-0.023744076487505317,-0.07242591959836397,-0.02353199062217648,-0.024320034562587724,0.3888888888888889,0.23333333333333334,709.3355834960937,-0.05631268642732087,701.4409814453124,-0.04569164203713368,681.2094439697265,-0.01734922036593821,635.2586247253417,0.05372987497864056,692.904939568982,701.8971200377351,1,1,0,36.9569647111061,0,0,-8.99218046875319,-2.811920494211879,-6.180259974541311,0,758.9720523054642,659.6991146867232,709.3355834960937,0.13995200569165825,0.09762858596404271,20.791966031207046,0.031061018603782065,22.355794369615637,14.443012132156982,32.48716604698634,0,12.22918536032473,18.750501595568597,3493509.1428571427,5834837.9,0.5987328530338679,0,1195761941.0,708.4182692312539,41179378.77044779,0.23884387322813397,0.28362969097648977,0.27478470644395,1.0321887802527465,0.3033882032263474,0.8727107269295257,1.1412122925504702,0.8727107269295257,1.3793662925830565,0.04196952297263589,-0.0027500727888556393,0.0,0.0,0.0,0.0,0.0,2894.669921875,-0.01766413113091636,0.02374383039546335,0.34083638625365137,0.3799,0.3160855912676029
2024-11-05,670.6815272212867,696.3433724940387,669.8873634348222,692.4717407226562,4931994.0,0,1,0.034480221297817915,0.01676259876740538,0.027697901778140244,-0.048492712141934846,-0.02827889987273491,0.033899098927230684,0.7333333333333333,0.18888888888888888,708.1319091796875,-0.022114761747104746,701.3228479003906,-0.01262058865504329,681.4344812011718,0.016197095723757528,635.9115596008301,0.0889434706255847,692.8382935926242,701.1989437921737,1,1,0,46.78671981485942,0,0,-8.360650199549582,-3.9216664352794197,-4.438983764270162,0,758.1979371954444,658.0658811639305,708.1319091796875,0.1414031125182717,0.343604844665303,21.23199569205663,0.03066117278648677,22.68552398430369,16.990777267844766,29.541455180083375,0,34.61725172819516,23.771513413346522,3613558.1428571427,5492505.7,0.6579070355552189,0,1200693935.0,706.8345370131372,41349435.0150073,0.30249582620087206,0.2780186130113627,0.2812687847200181,0.9884446057109014,0.30374295394252787,0.9028019859230352,1.1805615449454006,0.9028019859230352,1.4269271476020708,0.038205182252790994,0.0019279255730864126,0.0,0.0,0.0,0.0,0.0,2912.802978515625,0.006264291656742582,0.08245935211617228,0.3374762070505397,0.3503,0.28822105308504037
2024-11-06,700.8602545739953,709.0501938094563,682.8423640196553,703.0442504882812,5500043.0,0,1,0.015267785158411762,0.02503982941805316,0.022081084297034925,-0.03620027514956925,-0.014266789555162473,0.015152405439609494,0.6666666666666666,0.2777777777777778,707.1714538574219,-0.005836213193600882,701.3853894042969,0.002365120672663632,681.9266278076171,0.030967587742624043,636.5675105285644,0.1044299918865147,694.4084408073406,701.3356331770706,1,1,1,50.587358016105306,0,0,-6.927192369729937,-4.5227716221695236,-2.4044207475604136,0,756.8322050903234,657.5107026245203,707.1714538574219,0.14044897022360314,0.4584460236033822,21.58741241332409,0.030705624003512025,22.17520012313553,19.721835525004398,26.979719485361038,0,44.872466802020746,30.572967963513573,4029604.4285714286,5358329.833333333,0.7520262010568832,0,1206193978.0,705.8524668650559,41433408.48989333,0.29134743632566845,0.2818899429056071,0.2825394098495813,0.9977013226426714,0.30853250001348,0.9165857726846957,1.1985861049799096,0.9165857726846957,1.4487131647283649,0.03727763902712963,0.012113871740939109,0.0,0.0,0.0,0.0,0.0,3043.3798828125,0.044828608477809784,0.08847122061878365,0.363327721426806,0.3821,0.29607752107072516
2024-11-07,677.0349411920927,682.6934564844411,641.5948302461331,643.3817138671875,26671445.0,1,0,-0.08486313141691537,-0.0388551350186217,-0.06559978356933494,-0.13988065246625814,-0.11781130263349393,-0.08868164174214757,0.07777777777777778,0.011111111111111112,703.0988159179688,-0.08493415249578305,700.3450183105468,-0.08133606001906432,681.6829736328125,-0.05618632303739466,636.9651246643066,0.010073689994036307,686.5581751242402,697.0427502652275,1,1,0,35.2757437403575,0,0,-10.484575140987317,-5.715132325933082,-4.769442815054235,0,759.5552725643228,646.6423592716147,703.0988159179688,0.1605932348858936,-0.02887752436228931,24.43469868681152,0.03797854082600729,23.1454629149891,16.179170426794713,34.190967041550664,0,1.5106903013491095,27.000136277188364,7226401.285714285,5894939.133333334,1.2258652926290805,1,1179522533.0,693.8228758133102,39169986.1477793,0.6248093854197418,0.37281258290835284,0.3383917469321287,1.1017188991406694,0.3211252047095598,0.8388014338024795,1.096870334838511,0.8388014338024795,1.3257708290446062,0.06387907109027949,-0.03699526634080925,1.0,0.0,1.0,0.0,1.0,2967.3017578125,-0.024997906252075652,0.04265260869296661,0.3697054620129682,0.4073,0.4024720537075454
2024-11-08,649.9833440274269,655.6418594842017,642.2897649266823,645.7146606445312,7886228.0,0,1,0.0036260694500021007,-0.06752200462264324,-0.055127812954517186,-0.12053805230989312,-0.12942517018334476,0.0036195111093916027,0.18888888888888888,0.011111111111111112,698.2890899658203,-0.07529034904993635,699.3344299316407,-0.07667257179422828,681.3836840820312,-0.05234792712354673,637.3139457702637,0.01318143895959219,680.2745575119773,693.2406695525833,1,1,0,36.09032310479686,0,0,-12.966112040606049,-7.165328268867675,-5.800783771738374,0,757.1624639438039,639.4157159878366,698.2890899658203,0.16862177806863737,0.05349569959291097,23.6430841061478,0.03661537447910513,24.046421221710272,15.526530729975255,32.81176268339604,0,4.170898063023323,16.85135172213109,7883835.714285715,5726580.966666667,1.3767090276337688,0,1187408761.0,688.8797603757141,39198582.15820585,0.6299900487081331,0.368261182222419,0.336000868373032,1.0960125906983407,0.3210806138145106,0.8418429860562086,1.1008476628502823,0.8418429860562086,1.3305781661455087,0.020678010538264374,0.010260829641176597,0.0,0.0,0.0,1.0,0.0,2926.34033203125,-0.0138042670157843,-0.01353845794262154,0.3712301507534271,0.399,0.38773852266375225
2024-11-11,642.7365284285718,652.812599326458,634.0502290730755,650.5789794921875,4933389.0,0,1,0.007533232779322052,-0.0746258446173983,-0.04474892621379045,-0.09010756260571151,-0.13336416956850605,0.00750499968360028,0.26666666666666666,0.011111111111111112,693.9384948730469,-0.062483225388428494,698.7675866699219,-0.06896228173287802,681.125634765625,-0.0448473140846455,637.7048558044434,0.020188216493198675,675.7060070473942,690.0805443629243,1,1,0,37.84675781234752,0,0,-14.37453731553012,-8.607170078200165,-5.767367237329955,0,753.4397952732177,634.4371944728762,693.9384948730469,0.17148868621578994,0.13564228773784082,23.29446168809314,0.035805739844646904,25.12413140111061,14.633263473678936,33.45056303743401,1,18.00970108779059,7.8970964840543685,7948808.285714285,5605472.6,1.4180442672602283,0,1192342150.0,686.0751675707284,39235746.5259338,0.6367728919454839,0.36670973509195925,0.3270243691303786,1.1213529317925504,0.3232328067996559,0.8481847852338096,1.1091406045491063,0.8481847852338096,1.3279074166951015,0.028839496578920494,-0.004612148983866655,0.0,0.0,0.0,1.0,1.0,2900.914306640625,-0.008688676813259133,-0.014793423391049276,0.37155680529623597,0.3911,0.37805642383442745
2024-11-12,663.1368908965129,668.596850327547,643.4314251862879,646.9059448242188,12009560.0,0,1,-0.005645793644971087,0.005477667271343689,-0.05680992502022508,-0.09127030534408742,-0.14431086871979504,-0.00566179137959914,0.17777777777777778,0.011111111111111112,690.2009063720703,-0.06272805663994932,698.2265539550781,-0.07350137120989696,680.8283880615235,-0.04982524793639965,638.0527238464356,0.013875375258038912,671.2752282438287,686.8824258785758,1,1,0,37.01942037024161,0,0,-15.60719763474708,-10.007175589509547,-5.600022045237534,0,751.7275147562524,628.6742979878883,690.2009063720703,0.17828608399715595,0.14816066832815755,23.42810193474785,0.03621562318632561,25.152923717839577,18.32288864190121,30.884055386567002,1,16.97247812410593,13.051025758306642,9596902.857142856,5859052.9,1.6379614625331094,1,1180332590.0,682.0926276884577,39167943.0284069,0.6299146797858156,0.364995660442569,0.3242049288245331,1.1258177405443233,0.32672685355458014,0.8433961089635754,1.1028786255725636,0.8433961089635754,1.3204103254408144,0.0389012117489463,0.019302670083388717,0.0,0.0,0.0,1.0,1.0,2867.2958984375,-0.011588900825566406,-0.02695378619476596,0.3683295494942848,0.3823,0.3710481207236665
2024-11-13,643.2824992738316,645.1686913321023,618.0177655406702,622.0382690429688,7867492.0,0,1,-0.03844094490120542,-0.036666956853557475,-0.07074000515350087,-0.0928044255479149,-0.1772043674678977,-0.03919929607988209,0.044444444444444446,0.011111111111111112,684.9146728515625,-0.09180180583198073,697.4284069824218,-0.10809731462709583,680.3890661621094,-0.08576092712406702,638.2399794006348,-0.025384981951273058,663.7003114436964,682.0791550018641,1,0,0,31.930207756332734,0,0,-18.378843558167773,-11.681509183241193,-6.69733437492658,0,750.8613663376399,618.9679793654851,684.9146728515625,0.19256907787218516,0.023278571791714064,23.818107459662183,0.03829042141781295,25.9509215608441,16.73551623453613,35.82981788003547,1,4.416561854669451,13.132913688855352,9971450.142857144,5974564.266666667,1.6689836610328108,0,1172465098.0,677.9204775411225,38865509.20192423,0.6517025539278906,0.3776109879795139,0.33117298772159165,1.140222789839857,0.3319072183446658,0.8109751656090156,1.0604829290942115,0.8109751656090156,1.2696525048735614,0.043648320598031524,-0.005601193773805449,1.0,1.0,1.0,1.0,1.0,2814.046142578125,-0.018571419813487977,-0.027852494920958537,0.3708437945942361,0.3969,0.39603724372490134
2024-11-14,625.4135077270988,631.8165629005623,620.5988406737782,622.7827758789062,6937416.0,0,1,0.0011968826887178707,-0.04272533311017479,-0.10063799104787052,-0.07572755046092361,-0.16028648282902003,0.0011961669956427738,0.011111111111111112,0.022222222222222223,679.5812835693359,-0.08357868155536788,696.5826086425782,-0.1059455574228084,679.8530548095703,-0.0839450209525787,638.3862928771973,-0.024442124106340467,657.4053059721901,677.6868306223857,1,0,0,32.23058903927108,0,0,-20.281524650195593,-13.401512276632074,-6.880012373563519,0,747.5837862016235,611.5787809370484,679.5812835693359,0.2001305929884382,0.08237928390990013,22.918079943028033,0.03679947620690817,26.691919557919732,16.150406222492148,34.57712959259213,1,5.234409790944685,8.874483256573384,10257939.0,6017508.5,1.7046820955882322,0,1179402514.0,672.7466379082215,38873812.475039065,0.5842118524142617,0.37628885019271363,0.3312065527383179,1.1361153548493188,0.32714188366580593,0.811945807745713,1.0617522027537252,0.811945807745713,1.2711721299773318,0.01801225509320323,0.0054260949078310085,1.0,1.0,1.0,1.0,1.0,2824.136474609375,0.0035857024085630407,-0.030440268209089405,0.3673514058355238,0.3898,0.39110761685882767
2024-11-15,625.4135077270988,631.8165629005623,620.5988406737782,622.7827758789062,6937416.0,0,1,0.0,-0.037290071513977785,-0.11416276365766653,-0.09460251696853905,-0.16118470755531766,0.0,0.011111111111111112,0.022222222222222223,673.3196990966796,-0.07505635626816404,695.7933959960938,-0.1049314646234403,679.2351177978516,-0.08311163607377879,638.5819596862793,-0.02474104313115087,652.0787628809156,673.6198636043501,1,0,0,32.23058903927108,0,0,-21.54110072343451,-15.029429965992563,-6.511670757441948,0,737.7596965447126,608.8797016486467,673.3196990966796,0.19140980884559042,0.10787612337718953,22.082340106153467,0.03545753184164353,27.379989126632818,15.564382762818928,33.32248566411927,1,5.234409790944685,4.961793812186302,10463278.0,6094605.4,1.716809754410023,0,1179402514.0,667.7064866798089,38873812.475039065,0.5576704998336433,0.37613122905589763,0.3312162465671571,1.1356062178539108,0.32609686458136394,0.811945807745713,1.0617522027537252,0.811945807745713,1.2711721299773318,0.01801225509320323,0.004224156399444301,1.0,1.0,1.0,1.0,1.0,2824.136474609375,0.0,-0.07203944845706023,0.3674365705883649,0.3904,0.39145503635670476
2024-11-18,637.2268914898021,658.2725036898031,635.2414518037032,646.3102416992188,13618683.0,0,1,0.03777796485638074,0.039020063337249944,0.004551773494507083,-0.06134660543092407,-0.1097360932560566,0.03708185517297672,0.6111111111111112,0.08888888888888889,668.9244323730469,-0.03380679427959155,695.6444873046875,-0.07091876167468376,678.8889764404297,-0.04798831012403341,638.9389408874512,0.011536784409366644,651.1912980837315,671.5969286484145,1,1,0,41.66516236839026,0,0,-20.405630564683065,-16.104670085730664,-4.300960478952401,0,727.6105261090321,610.2383386370617,668.9244323730469,0.17546404614880934,0.307329222016684,23.040010656492278,0.03564853095305689,26.474419295566697,22.053772032936887,29.65617428260315,1,31.079557797811344,13.849459126566932,8598597.714285715,6353159.533333333,1.3534364545973017,1,1193021197.0,664.2897858111136,39388298.60280325,0.35565127492434817,0.3925308674278528,0.3305991691977888,1.1873316813842685,0.3240404066386023,0.8426194679360162,1.10186304015554,0.8426194679360162,1.319194426030026,0.035634669544379854,0.02319286301794641,0.0,1.0,1.0,1.0,1.0,2816.044189453125,-0.0028654015940816624,-0.05097478473873929,0.3585130072191745,0.3511,0.3775470909324251
2024-11-19,646.3598642410012,650.7774796516285,633.0078308521537,635.3406982421875,5015887.0,0,1,-0.016972566345523354,0.02016420949593356,-0.016065861648531854,-0.07030799878713556,-0.1133278483241349,-0.017118251132352706,0.4888888888888889,0.08888888888888889,664.9411437988281,-0.04451588810933307,695.2573254394531,-0.08617906637573929,678.3847735595704,-0.0634508276055861,639.5981440734863,-0.006656438688492587,648.7527442619554,668.911281951657,1,0,0,38.94298818116572,0,0,-20.158537689701575,-16.915443606524846,-3.2430940831767288,0,721.2228691018598,608.6594184957963,664.9411437988281,0.16928332929285325,0.23703324305299786,22.663556238133886,0.035671500819698304,25.720149733922895,20.81866205028688,28.699264483727596,1,19.029408564570943,18.44779205110902,8188549.0,6339737.166666667,1.2916227888837557,0,1188005310.0,661.2176950166255,39303166.1279141,0.3698579016756541,0.3935279051202254,0.3314862624542445,1.1871620326183037,0.3224242235948254,0.8283180531124426,1.08316159660282,0.8283180531124426,1.2968043111115866,0.02796869277954098,7.677820740083891e-05,1.0,1.0,1.0,1.0,1.0,2818.841552734375,0.0009933662588559322,-0.036734886274234935,0.32689354690368644,0.4128,0.48807875390886535
2024-11-20,646.3598642410012,650.7774796516285,633.0078308521537,635.3406982421875,5015887.0,0,1,0.0,0.02016420949593356,-0.02342264618185841,-0.06712343412992505,-0.12033541673022263,0.0,0.4777777777777778,0.07777777777777778,661.114208984375,-0.03898495962109415,695.1044458007813,-0.0859780827466067,677.9111694335937,-0.06279653310178468,640.268698425293,-0.0076967688647370264,646.6893525666064,666.4245720472519,1,0,0,38.94298818116572,0,0,-19.73521948064547,-17.479398781348973,-2.255820699296496,0,714.2799543047919,607.948463663958,661.114208984375,0.16083679520998911,0.2576116859938969,22.313991421086808,0.03512130024540135,25.019756569539364,19.63445849026349,27.066797849244015,1,19.029408564570943,23.046124975651107,8200334.428571428,6382489.4,1.284817555446536,0,1188005310.0,658.0786278068473,39303166.1279141,0.36418762504484137,0.3921045920959597,0.3314098143835921,1.1831411596100654,0.3200536402581403,0.8283180531124426,1.08316159660282,0.8283180531124426,1.2968043111115866,0.02796869277954098,0.01734371185302738,1.0,1.0,1.0,1.0,1.0,2818.841552734375,0.0,-0.02829202976398626,0.3270359388275446,0.414,0.48747455595381806
2024-11-21,636.3334293997797,649.1395398127926,629.6821942286088,643.3320922851562,7910597.0,0,1,0.012578123934258834,-0.004607925454241046,-0.005524531916357045,-0.06202060869264203,-0.11244274858012437,0.012499676463163875,0.5111111111111111,0.1111111111111111,658.9972320556641,-0.02377117688589113,694.5455432128906,-0.07373663459249427,677.5155053710937,-0.0504540675673751,640.9525588989258,0.0037124953371248325,646.1728509848449,664.7140179908004,1,1,0,42.137074019547235,0,0,-18.541167005955458,-17.69175242627027,-0.8494145796851882,0,711.4122522760314,606.5822118352968,658.9972320556641,0.15907508460047648,0.35056630995612287,22.109945289879455,0.03436785690473412,24.51329964250077,18.40025486704395,26.43978726092251,0,27.808031957295377,21.95561636214578,7614768.285714285,6516500.966666667,1.1685363548115004,0,1195915907.0,654.1380314714053,39402666.597374074,0.3755460216346567,0.39450407506951213,0.3325005755655384,1.1864763674424146,0.32317181449038984,0.8387367402414748,1.09678573740572,0.8387367402414748,1.3131156764552292,0.03024463697290478,0.0015625178118429815,1.0,1.0,1.0,1.0,1.0,2181.592529296875,-0.22606769891672207,-0.2391463572051602,0.721718835726414,0.0718,0.038543065822828806
2024-11-22,648.1964483378725,652.514755516749,642.6868652021573,647.3526000976562,3586402.0,0,1,0.0062495060649296885,0.01890623706100114,0.04069577759843401,-0.032923047072105804,-0.12745034322081306,0.0062300588833649785,0.7888888888888889,0.07777777777777778,657.674429321289,-0.015694435975387968,694.1256213378906,-0.06738408697561375,677.0879907226563,-0.04391658253052671,641.644183807373,0.008896544898779864,646.3543508483543,663.4279870357527,1,1,0,43.731910835853114,0,0,-17.073636187398392,-17.568129178495894,0.494492991097502,1,709.8503689386148,605.4984897039633,657.674429321289,0.15866798917869016,0.4010863120114728,21.23265564878748,0.032799212740606015,23.828051397108663,18.92736033270552,25.565637375146625,0,32.224598546762685,26.354013022876362,7003184.0,6461901.6,1.0837651876345502,0,1199502309.0,653.3322869193014,39425079.83842435,0.2622318211906149,0.38729475789075607,0.33282117458528254,1.1636722284071956,0.3218134149907989,0.8439784305864932,1.1036401065235655,0.8439784305864932,1.3213220008391904,0.015181665004680845,0.007561189797694981,1.0,1.0,1.0,1.0,1.0,2225.900634765625,0.020309982214245403,-0.20900350527787115,0.727486402029509,0.0834,0.043560645133452466
2024-11-25,655.2943835889763,658.173295543365,649.6855524927561,655.0462036132812,5760810.0,0,1,0.011884718644003867,0.031015651013091894,0.0518052665937061,-0.05404630240985442,-0.11191119605974142,0.011814649993142263,0.8333333333333334,0.13333333333333333,656.0339569091797,-0.001505643550148057,693.6233044433594,-0.05561678880013515,676.7566595458984,-0.032080151153864964,642.3910568237304,0.01970006689091151,647.6915589660354,662.8071141896437,1,1,0,46.75616814793934,0,0,-15.11555522360834,-17.077614387518384,1.9620591639100446,0,706.2403511088556,605.8275627095037,656.0339569091797,0.15306035204707083,0.49016307273561593,20.48894420571043,0.03127862445838471,22.83019879117839,20.18604193918305,24.60122187262548,0,40.67609617451853,33.56957555952556,6835097.428571428,6569235.633333334,1.0404707351170461,0,1205263119.0,652.7920881461603,39493545.44443591,0.26231419757878677,0.3901512438633892,0.3300619770342669,1.1820544958527104,0.32056535727128194,0.8540088767756217,1.1167565586738364,0.8540088767756217,1.3370255410572964,0.01295747231842575,0.012268095455431855,0.0,1.0,1.0,1.0,1.0,2255.372802734375,0.01324055867923013,-0.2013938338279737,0.7306248273008454,0.0936,0.049068752515512494
2024-11-26,658.0740163223709,665.3704830225863,654.450564614159,661.2506713867188,3604133.0,0,1,0.009471801743469621,0.02785276735987874,0.061767757551618896,-0.05944658401307723,-0.08370594842197498,0.009427225486587558,0.8333333333333334,0.24444444444444444,654.6689666748047,0.010053485115300161,693.287763671875,-0.04621038184126825,676.3906414794922,-0.022383470681464842,643.1724069213867,0.028107960277502543,649.7775762615252,662.6918221301678,1,1,0,49.13066734804388,0,0,-12.914245868642638,-16.244940683743238,3.3306948151005997,0,702.5852658741462,606.7526674754631,654.6689666748047,0.14638329182676268,0.5686791845561033,19.805442363047348,0.029951489231024985,21.457135494273682,21.986733197261255,23.632356379306344,0,66.84568068029655,46.58212513385928,6358914.142857143,6587486.1,0.9653020964791323,0,1208867252.0,652.0466701205693,39527683.077669,0.2574768896187675,0.3882171437995575,0.33038759823696146,1.1750354609894267,0.31426706553345307,0.8620978795436036,1.1273342553933146,0.8620978795436036,1.3496895819081465,0.016514037536668157,0.004622288767399919,0.0,1.0,1.0,1.0,0.0,2148.4736328125,-0.04739756096742509,-0.239245818278074,0.7380649838708714,0.0851,0.04392989280619147
2024-11-27,662.3427371907339,664.9237847247748,655.3440739315564,656.287109375,2910507.0,0,1,-0.007506324343398485,0.013801611789302948,0.01543665415165174,0.020058691799370143,-0.09821306665029583,-0.007534638575500243,0.6,0.2,653.3139038085938,0.0045509601878568505,692.8082800292968,-0.052714685587696014,676.1102154541015,-0.029319341175443676,643.92795211792,0.019193385248194264,650.7790428943674,662.2173989631183,1,1,0,47.312829069778815,0,0,-11.438356068750863,-15.283623760744764,3.8452676919939,0,699.3046494524548,607.3231581647327,653.3139038085938,0.14079218389736056,0.5323239547954918,19.075032965202425,0.029065073338661332,20.18214814714788,21.198018794282046,22.78460970928179,0,75.6623889016258,61.06138858548032,4829174.714285715,6577576.466666667,0.7341875444183177,0,1205956745.0,651.4014385624708,39505835.86812327,0.17627091274770768,0.38692012697853523,0.3286907637311772,1.1771554593939897,0.31379826618286283,0.8556266932439932,1.0953703087554996,0.8556266932439932,1.339558374143438,0.014596829126114354,0.0016515156071221892,1.0,1.0,1.0,1.0,0.0,2395.541015625,0.11499670232818815,-0.14932406792586117,0.8235223888148648,0.0597,0.027532109932176724
2024-11-28,656.1878521782487,658.3222241939741,642.885381316827,645.51611328125,4686850.0,0,1,-0.016412018368008985,-0.014548729966623153,0.01601568271514009,-0.0003074846760998673,-0.11506530074758281,-0.016548187470349994,0.6,0.1111111111111111,651.5369354248047,-0.009240952916397763,692.1342236328124,-0.06735414715786985,675.6924676513672,-0.04465989457453465,644.5834968566894,0.0014468512289074963,649.9693614154263,660.9802666903873,1,1,0,43.5474204291824,0,0,-11.010905274961033,-14.429080063588017,3.4181747886269847,0,695.7255606695743,607.3483101800351,651.5369354248047,0.13564426770666016,0.43187362007525487,18.815162244627047,0.029147471081685177,19.70409948703072,19.95574377169416,26.179086422675827,0,54.36703304626515,65.62503420939585,4782169.428571428,6526676.133333334,0.7327113113745168,0,1201269895.0,650.4148588248473,39428915.19983517,0.1736623981543827,0.3883392115359107,0.3302335747251304,1.1759531472811162,0.31454393823731486,0.8415841322383141,1.0756210494305496,0.8415841322383141,1.3175735175019758,0.02391395436851212,-0.00015124050942554878,1.0,1.0,1.0,1.0,0.0,2434.803955078125,0.016390009270152772,-0.13623951203774476,0.8246907514958274,0.054,0.024969497947844824
2024-11-29,647.7497148917872,653.8052818598146,644.3744430989381,651.4227905273438,3412007.0,0,1,0.00915031728033755,-0.014862564659125166,0.0253125485737824,0.0012970155227192137,-0.12913075786818118,0.009108706767486695,0.7,0.07777777777777778,649.814566040039,0.002474897565170335,691.3757849121093,-0.057787668091159115,675.375736694336,-0.03546610407449819,645.2823941040039,0.009515828231864344,650.1929658941829,660.2723054931248,1,1,0,46.08162710713797,0,0,-10.079339598941942,-13.559131970658804,3.4797923717168615,0,690.9483009388515,608.6808311412266,649.814566040039,0.1266014553951318,0.5195487291788708,18.14485342435915,0.027854188843577946,19.260197159779068,19.214882762542903,25.207182563433445,0,66.04513531122801,65.35818575303968,4553043.714285715,6457930.8,0.7050313568373502,0,1204681902.0,650.2866085202413,39460136.1464479,0.17722522551372885,0.380567163238441,0.33071899398469357,1.1507266596730592,0.30680929182396854,0.8492848940663922,1.0854633233062487,0.8492848940663922,1.3296297332272893,0.014477293238761334,0.0034601794820945785,1.0,1.0,1.0,1.0,0.0,2460.8291015625,0.010688805737355533,-0.1270069439783128,0.8260377283133116,0.0598,0.02703443015492308
2024-12-02,651.4228130516158,658.5704084777958,648.2957211180325,657.7761840820312,2174126.0,0,1,0.009753102972563044,0.0022689379172011748,0.0224519994728829,0.016803430768851824,-0.1041102839146929,0.009705848467372142,0.6333333333333333,0.18888888888888888,649.2338256835938,0.013157599096817001,690.8208544921876,-0.047833921334709796,675.0430810546875,-0.025578955561885674,646.0786979675293,0.018105357987038745,651.3596148461596,660.0874076108215,1,1,0,48.746806058392586,0,0,-8.7277927646619,-12.592864129459423,3.865071364797524,0,689.5231228103288,608.9445285568587,649.2338256835938,0.12411336419298083,0.6060127503784248,17.582698705459453,0.026730518877020812,18.495393881581226,20.348650489206047,24.155028460949016,0,83.9622743014584,68.12481421965055,3733547.8571428573,6431010.033333333,0.5805538846605838,0,1206856028.0,649.612772693064,39481340.621201225,0.17203022550352273,0.38036001106675443,0.3302776824568171,1.1516370353497483,0.30088988924765675,0.8575680570912639,1.096049958871395,0.8575680570912639,1.3425977489308363,0.015620339575082545,3.457704021679856e-08,1.0,1.0,1.0,0.0,0.0,2454.735107421875,-0.0024763987620090022,0.12520329734216396,0.8246124900722116,0.054,0.024435570295435874
2024-12-03,660.5558131862501,664.7251880883978,652.2169422003323,662.6901245117188,3306465.0,0,1,0.007470535645107246,0.02660508525987182,0.023692689906163578,0.06535265994372752,-0.0731690515120107,0.0074427693937938605,0.6666666666666666,0.32222222222222224,647.7447448730469,0.023072946182837863,689.822177734375,-0.03933195263708067,674.851361694336,-0.018020615905825935,646.8768690490723,0.024445541677649403,653.1027701793226,660.2802014553324,1,1,0,50.7735412298475,0,0,-7.17743127600977,-11.509777558769494,4.332346282759724,0,683.2190881505552,612.2704015955386,647.7447448730469,0.10953185975892711,0.7106505470976208,17.220237789931314,0.025985354471095335,17.342846229671483,21.84585910441689,22.901781143508906,0,94.01326739371015,81.34022566879888,3693556.8571428573,6352148.8,0.5814657328466325,0,1210162493.0,648.5631723093319,39506041.68584302,0.17308629281275362,0.37533479166223904,0.3306104519025259,1.1352780576123445,0.2955530577136265,0.8639745498298697,1.104238039157962,0.8639745498298697,1.352627673271265,0.01887495440992395,0.004225797727988639,1.0,1.0,1.0,0.0,0.0,2511.831298828125,0.023259614136621032,0.1284561671786426,0.8218099626562294,0.0392,0.0175457191403277
2024-12-04,662.6901398239853,666.3632154762441,654.8476891732404,658.222900390625,2785457.0,0,1,-0.006741045257593448,0.010438857777414157,0.004849576655540977,0.056906076860753885,-0.07537301199166768,-0.006763868730378019,0.5222222222222223,0.32222222222222224,645.5036773681641,0.019704338593886133,688.7222436523438,-0.04428395270055247,674.6149700927734,-0.02429840787537547,647.6786145019531,0.01628012049893008,653.8904825195231,660.1278087838726,1,1,0,48.88115379452889,0,0,-6.237326264349576,-10.45528729988551,4.217961035535934,0,670.3350948516754,620.6722598846527,645.5036773681641,0.07693656397049066,0.7561114972777289,16.81275839800792,0.02554265187071176,16.154991405324196,21.472996746530438,21.781347750433525,0,82.21255043741904,86.72936404419589,3268506.4285714286,6227569.566666666,0.5248446273593232,0,1207377036.0,646.795021195775,39487264.79414294,0.1707843133912759,0.3755001679536092,0.32875197861903693,1.1421989596258668,0.2939752022322798,0.8581504582880576,1.096794320560842,0.8581504582880576,1.34350954890907,0.017494873387373516,2.3106224144261573e-08,1.0,1.0,0.0,0.0,0.0,2492.3994140625,-0.007736142460956996,0.10509420484310095,0.8217038018872561,0.0403,0.018022842513413108
2024-12-05,659.1660183604965,669.0435935549953,653.9046149706616,665.9661254882812,5156111.0,0,1,0.011763834246819815,0.012450954601951114,0.007131114274218753,0.06933934476340031,-0.0287389830411916,0.011695178262583957,0.5333333333333333,0.37777777777777777,646.6328979492188,0.02989830489660727,687.4555322265625,-0.03125934075863837,674.4644000244141,-0.012600034243208717,648.5217904663086,0.02689861046832299,655.7482737454859,660.5602766879028,1,1,0,52.20630955568234,0,0,-4.812002942416939,-9.326630428391796,4.514627485974858,0,673.0607656936148,620.2050302048227,646.6328979492188,0.0817399418687525,0.865773503296762,16.69320269703119,0.025066143844466357,15.148478453011204,21.228922081413582,20.370391262350154,0,92.18150746828003,89.46910843313644,3490217.5714285714,5902448.966666667,0.5913168569756609,0,1212533147.0,645.4171203656445,39547920.42930514,0.17611572760431185,0.3626227884017032,0.3174534147539174,1.1422866208032445,0.2705907739063948,0.8682455980381907,1.109696827150773,0.8682455980381907,1.359314372551456,0.022732355302957665,0.001432824608976442,0.0,0.0,0.0,0.0,0.0,2520.17333984375,0.011143449009233919,0.17300640852858384,0.8227009649547301,0.0479,0.02065619473488219
2024-12-06,668.5472036631701,671.5749871262866,662.3923283961784,665.271240234375,2723680.0,0,1,-0.0010434243234169749,0.0038949059706572253,0.013689330067645056,0.029337301673118654,-0.012670384225776044,-0.0010439690695435305,0.5555555555555556,0.4222222222222222,647.610726928711,0.027270260623104395,685.9267431640625,-0.030113278328247114,674.572894897461,-0.013788954067743673,649.2862286376953,0.0246193602938703,657.2133455130073,660.9092369506044,1,1,0,51.880166447101125,0,0,-3.6958914375970835,-8.200482630232854,4.50459119263577,0,675.3120458117188,619.9094080457031,647.610726928711,0.08554928981606325,0.8187666511520704,16.156735270822406,0.02428593676337247,14.404666723957165,21.486229237451305,19.543428088233348,0,84.952669765159,86.4489092236194,3463528.0,5856849.933333334,0.5913636236926405,0,1209809467.0,645.7591712817687,39545078.47534394,0.1669488581731394,0.3592452174129113,0.3173368143611678,1.1320628466511506,0.26311816026393703,0.8673396494624979,1.1085389424897052,0.8673396494624979,1.3578960308719654,0.013802879449400424,0.0038756898828696484,1.0,0.0,0.0,0.0,0.0,2504.038330078125,-0.006402341263805789,0.045291361636243144,0.8112593980152639,0.0252,0.01090802468744684
2024-12-09,662.0945523648836,667.6041357162001,649.4869974607047,666.0158081054688,5079369.0,0,1,0.0011191944368909024,0.011839314174908022,0.031757061369104944,0.048281355103097834,-0.03175062048423638,0.0011185686057047818,0.7222222222222222,0.35555555555555557,648.382568359375,0.027195733825342884,684.2331640625,-0.026624485502674683,674.5970385742188,-0.012720527927141127,650.0255178833008,0.024599480762290092,658.5675705272321,661.2875014805944,1,1,0,52.224568483107646,0,0,-2.7199309533623364,-7.10437229485875,4.384441341496414,0,677.2670798829422,619.4980568358078,648.382568359375,0.08909712547224916,0.8052369386912878,16.2967640554419,0.02446903490444056,14.011932565587045,19.780066746893272,23.647933137301678,0,86.72998710208695,87.95472144517537,3519602.1428571427,5939904.933333334,0.5925350964972474,0,1214888836.0,646.4589494124116,39550763.27687166,0.10801820513945298,0.35371491188750875,0.31522510955652694,1.122102590066924,0.2642894463611623,0.8683103711730711,1.1097796131072166,0.8683103711730711,1.3594157805555935,0.027202264623464208,-0.004775026601739528,0.0,0.0,0.0,0.0,0.0,2493.49853515625,-0.0042091188442575644,0.024106491184109125,0.8023383263995334,-0.0015,-0.0006583909092403265
2024-12-10,670.0859013447808,671.078621198625,659.8608989683487,664.0303344726562,3950822.0,0,1,-0.0029811208812901002,-0.002906740961044707,0.019353857630781235,0.045156301665933096,-0.03561124776409197,-0.0029855732730917467,0.5888888888888889,0.34444444444444444,649.2387878417969,0.022782906548189256,682.3936547851563,-0.026910156892184928,674.7868951416016,-0.015940678081319437,650.7689456176757,0.02037802962830916,659.4079957496051,661.4906742948211,1,1,0,51.1727878095824,0,0,-2.0826785452160266,-6.100033544930206,4.017354999714179,0,678.9426107732029,619.534964910391,649.2387878417969,0.091503537643361,0.7489838877813295,15.933975353644358,0.023995854596459698,13.364175050934929,20.34293073941226,22.458758346746244,0,81.99057133273978,84.55774273332861,3596575.714285714,5928470.1,0.60666169409975,0,1210938014.0,646.4093680524502,39538985.398909196,0.11053177458234631,0.3536997837686691,0.3152193206267508,1.1220752048618328,0.2611525994436109,0.8657218329941263,1.1064712259289526,0.8657218329941263,1.3553631977858238,0.016893388220260947,0.00611110605751201,0.0,0.0,0.0,0.0,0.0,2464.87548828125,-0.01147907106077617,0.001644318460059191,0.8003941633643908,-0.0022,-0.000960622345503554
2024-12-11,666.1150733441403,674.850996614097,663.186537431096,665.6187133789062,3418716.0,0,1,0.002392027628544069,0.0005223029698515624,0.01192279302088095,0.034642483036384064,-0.026002276576846506,0.0023891712845186155,0.5111111111111111,0.3888888888888889,651.4178100585938,0.021799992418130437,680.5859130859375,-0.021991638997002457,675.0113897705078,-0.013914841340373343,651.4963787841797,0.021676766064427894,660.3634907694976,661.7964549677164,1,1,0,52.00554060782882,0,0,-1.4329641982187695,-5.166619675587919,3.7336554773691493,0,679.0411304534174,623.7944896637702,651.4178100585938,0.08480984083729291,0.7570455527673206,15.629009912884118,0.02348042445132885,12.456759542118386,20.98253005346614,21.261491800676204,0,71.29633902763005,80.00563248748563,3774374.285714286,5932954.4,0.6361711267685263,0,1214356730.0,648.6038907655171,39547163.062035345,0.0993091246588083,0.35332822530802804,0.31518038094179174,1.121034958623524,0.2607411142579309,0.8677926635372821,1.1091179356715637,0.8677926635372821,1.3586052640016395,0.017524235645041044,0.00313952354773024,0.0,0.0,0.0,0.0,0.0,2454.934814453125,-0.0040329314301618124,8.135583780344291e-05,0.7885371642539937,0.0077,0.0033708430219636628
2024-12-12,670.0859101526372,674.8509533955602,657.1805518830308,663.831787109375,6585440.0,0,1,-0.0026846094222023886,-0.0032792329694191213,0.0017227698971633565,0.025456276856280047,-0.025289707416278673,-0.0026882194485319233,0.4444444444444444,0.3888888888888889,653.4702606201172,0.015856156146149845,679.0293286132812,-0.02238127406800345,675.2678619384766,-0.016935612478687044,652.1667581176757,0.017886574018840834,660.8970748217864,661.9472203115429,1,1,0,50.952709612612146,0,0,-1.05014548975646,-4.343324838421627,3.2931793486651673,0,678.0696520048105,628.8708692354239,653.4702606201172,0.07528848018683948,0.7106053423684533,15.774823598573064,0.02376328447190486,12.07820971322078,19.303680712676773,22.279838972348085,0,65.52792930076006,72.93827988704332,4242799.285714285,6003183.033333333,0.7067582750943419,0,1207771290.0,651.4015571783136,39529483.727762,0.09308230614224758,0.3532888722741677,0.31520758588750225,1.1208133563138822,0.2635006622833404,0.8654629791762318,1.1061403872111262,0.8654629791762318,1.354957939508847,0.026618793880712296,0.00671134492456493,0.0,0.0,0.0,0.0,0.0,2501.74072265625,0.019066049301008414,-0.004017218901835706,0.7915510368816258,0.0059,0.0025609413033546857
2024-12-13,658.1732572530989,660.7046807397563,643.2824595776895,657.27978515625,4198819.0,0,1,-0.00986997320760341,-0.01016602550509571,-0.0014328204530946742,0.0034098076298254565,-0.04168484645373349,-0.009919004283529634,0.43333333333333335,0.3111111111111111,655.1951110839843,0.0031817607259258876,677.3258203125,-0.029595852623780547,675.2510375976562,-0.02661417967655801,652.8043774414062,0.006855664375880283,660.3405687193962,661.6014843741137,1,1,0,47.1810803548413,0,0,-1.2609156547175644,-3.7268430016808147,2.4659273469632503,0,675.1300386094038,635.2601835585649,655.1951110839843,0.0608518811821968,0.5522869739457908,16.115859593795385,0.024519025166678886,12.656041723957486,17.545529480952048,26.410523836418946,0,45.03089868772955,60.618389005373245,4444708.142857143,6127380.4,0.7253847244178185,0,1203572471.0,653.4308840231441,39488041.49672842,0.10430963362404845,0.35341429300235244,0.3141920100977898,1.1248353925115888,0.2670410757963775,0.8569208827595899,1.0952228112255042,0.8569208827595899,1.3415845409484652,0.026506552545085844,-0.008524041731891035,0.0,0.0,0.0,0.0,0.0,2525.168701171875,0.00936467088833659,0.013147686893395072,0.7924006263781574,0.0009,0.00038548131898391634
2024-12-16,656.4856344678288,661.7470376330564,647.3029757185162,648.742431640625,2619582.0,0,1,-0.012988918430825391,-0.025354277755520904,-0.02586271761950054,-0.018916033340068306,-0.030846784377780434,-0.013074012084657733,0.3111111111111111,0.3333333333333333,655.3167205810547,-0.010032231337849026,675.7811486816406,-0.040011055492986995,675.1562426757813,-0.03912251619043468,653.4141159057617,-0.0071496531088264545,658.5562399380468,660.6489619494109,1,0,0,42.74146776767539,0,0,-2.092722011364117,-3.4000188036174754,1.3072967922533585,0,675.0521108281613,635.5813303339481,655.3167205810547,0.06023160901375338,0.3334390944867794,15.996445473848583,0.024657621721142352,13.096533264654957,16.879341192612973,24.70713094332583,0,18.32297069626015,42.96059956158328,4082346.8571428573,6039844.433333334,0.6759026498452126,0,1200952889.0,654.512324200846,39454015.95980756,0.09059607601546187,0.3485514707716915,0.31505505081965507,1.1063192602844847,0.25975228279894597,0.8457904073117546,1.080997051466917,0.8457904073117546,1.3241588087780292,0.022264709706149664,-0.0012082384189441755,0.0,0.0,0.0,0.0,0.0,2510.03271484375,-0.005994049554432057,-0.004023780761298279,0.7913468566209291,-0.0086,-0.003709185110614619
2024-12-17,644.7715614357087,648.8416887034427,632.4618106993023,634.7947387695312,4800541.0,0,1,-0.021499584720889864,-0.0437415756577193,-0.045810640264724034,-0.032748427172273,-0.0832914883904633,-0.021734067742304533,0.2111111111111111,0.24444444444444444,655.2894226074219,-0.031275773926491154,674.1461389160156,-0.05837221022990494,674.9846490478516,-0.05954196193204262,653.97755859375,-0.029332535302079243,654.9006243736598,658.7338343064569,1,0,0,36.670501304362254,0,0,-3.8332099327971036,-3.486657029453401,-0.3465529033437025,0,675.1423136835285,635.4365315313153,655.2894226074219,0.06059274082926964,-0.016163710346359297,16.023833511726572,0.02524254303491351,14.35487931254978,15.646884421610277,29.518788129066646,0,5.503592531638375,22.952487305209388,4379041.285714285,6035462.666666667,0.7255518802061933,0,1196152348.0,654.4925232214445,39350806.32187195,0.1375761583628101,0.3371955512328715,0.3067910919546676,1.0991047656712816,0.2547678215906254,0.8276062647936395,1.0577560637758718,0.8276062647936395,1.2956899442847933,0.025803424325618614,-0.00612087326379169,0.0,0.0,0.0,0.0,0.0,2485.25634765625,-0.009870933968700202,-0.00750067688512146,0.7910151797592687,-0.0169,-0.007013292631310061
2024-12-18,637.2765173386447,637.3757650869329,623.6762433285585,628.3916625976562,3753662.0,0,1,-0.01008684505527968,-0.04395102848283461,-0.05649137009951333,-0.026528308637483455,-0.10618476410094668,-0.010138061979385786,0.14444444444444443,0.17777777777777778,654.9419708251953,-0.04053841318809811,672.2689050292969,-0.0652673983630531,674.6592022705078,-0.06857912782800868,654.6173159790039,-0.04006257204199719,650.8223225619669,656.4862660317309,1,0,0,34.26435547658872,0,0,-5.663943469764035,-3.922114317515528,-1.7418291522485072,0,676.4399537626574,633.4439878877332,654.9419708251953,0.06564851206703298,-0.11750696111291563,15.85781124362999,0.02523555321863549,15.94601404173933,14.681362805384143,31.65456953192872,0,9.214346853393232,11.013636693763948,4189654.5714285714,5977249.966666667,0.700933471879714,0,1192398686.0,654.2683338685368,39312943.71488806,0.12687334917765392,0.33337584979401347,0.307192979362994,1.0852326458935135,0.24907739307386328,0.8192583286338874,1.047086642254282,0.8192583286338874,1.2826205205771086,0.021800928582889074,0.003909576462344414,1.0,0.0,0.0,0.0,0.0,2455.084716796875,-0.01214024898792787,-0.015405590906821143,0.777610569748212,-0.047,-0.019656545149704007
2024-12-19,616.0819503216093,628.6398813870647,609.6292709232422,624.7682495117188,5198027.0,0,1,-0.005766169893086981,-0.036954854437803886,-0.05912694484374381,-0.04091742168561141,-0.02893067047800979,-0.005782858434268841,0.12222222222222222,0.3333333333333333,654.0137786865234,-0.04471699240578602,670.2675805664062,-0.06788233889551762,674.2590252685546,-0.07340024219493972,655.14888671875,-0.04637211147406463,646.8140036311595,654.1367833265448,1,0,0,32.9469070824977,0,0,-7.322779695385293,-4.602247393089481,-2.720532302295812,0,678.9503673172893,629.0771900557576,654.0137786865234,0.07625707421897687,-0.08639795538678059,16.083011187929458,0.025742363189068862,18.003785654447473,13.44180428654924,35.22055309583618,0,23.21155784842919,12.643165744486963,4367826.714285715,5261469.366666666,0.8301534058066545,0,1187200659.0,653.4444479468978,39282971.00809721,0.12299645477753865,0.21561834485496628,0.3030252813267246,0.7115523295974919,0.23068794349928642,0.8145343459246578,1.0410489627822619,0.8145343459246578,1.2752247127471013,0.030428259564534703,-0.019589235517799328,0.0,0.0,0.0,0.0,0.0,2417.070556640625,-0.015483848641217879,-0.019394461045965095,0.7760613960265491,-0.1524,-0.04226480592121691
2024-12-20,624.7682402381664,635.9363390311083,616.1812495207481,618.1170654296875,5964142.0,0,1,-0.010645842017787288,-0.02627254499961873,-0.07136465215661425,-0.06029272511240369,-0.04273961379055069,-0.01070291441111082,0.05555555555555555,0.2777777777777778,652.552001953125,-0.052769643523231546,667.79173828125,-0.07438647411154597,674.0435443115234,-0.08297161118716734,655.6111740112304,-0.05718955086159145,642.3990900617022,651.4686560749257,1,0,0,30.619586702920557,0,0,-9.069566013223493,-5.495711117116284,-3.5738548961072096,0,682.1285780250232,622.9754258812268,652.552001953125,0.09064894746586893,-0.08213189450545273,16.345302496674513,0.02644370041023214,19.22268843867241,15.469917421095113,32.179988911223695,0,13.013753341450528,15.146552681091014,4731459.0,5197399.833333333,0.9103511662995334,0,1181236517.0,651.5213451222161,39219477.694593556,0.09537337770007494,0.21695587010066417,0.30072626355289017,0.7214397157649887,0.23441733961799321,0.8058629419598823,1.0299661199917005,0.8058629419598823,1.2616488719180174,0.03196011017205513,-1.4843187604293088e-08,1.0,0.0,0.0,0.0,0.0,2342.740478515625,-0.030752134198477,-0.04570155397893649,0.7791806084796539,-0.1366,-0.037984685938417896
2024-12-23,620.9958980212285,631.2705849551141,620.9958980212285,629.5333251953125,2921238.0,0,1,0.01846941365012933,0.001816800994680401,-0.0516673991515435,-0.05003364029430302,-0.032349115111745985,0.018300925453357875,0.2111111111111111,0.3,651.2763580322265,-0.03338526351948146,665.6305871582031,-0.054230173100971384,674.2753588867188,-0.06635573004666649,656.1374517822265,-0.04054657528639901,640.4197416207192,649.8438167505099,1,0,0,38.63248477224083,0,0,-9.424075129790708,-6.281383919651169,-3.142691210139539,0,682.5519374989447,620.0007785655084,651.2763580322265,0.09604395762565215,0.15239600340495893,16.11731799872824,0.025602009224416907,20.35452673830985,14.56811964737136,30.30410027079537,0,30.517521671250726,22.24761095371018,4208001.571428572,5130328.133333334,0.8202207465226016,0,1184157755.0,650.4251783848215,39273431.247586034,0.1971403638075031,0.22300268991503094,0.3023365014011472,0.737597639985738,0.23063146938680915,0.8207467579802495,1.048988990307446,0.8207467579802495,1.2849507868146905,0.016321116806164153,0.004657422926092148,0.0,0.0,0.0,0.0,0.0,2336.74609375,-0.0025587062760886736,-0.06595192995502153,0.7792055429804907,-0.1283,-0.03668079210313732
2024-12-24,630.3771028043293,633.4545100935063,621.1944442201717,622.882080078125,4830151.0,0,1,-0.010565358259825186,-0.0030189905377999704,-0.05233342916509731,-0.053691265210503714,-0.03713656511940333,-0.010621567924797803,0.2111111111111111,0.2777777777777778,649.3579284667969,-0.040772349467086993,663.6550744628906,-0.06143702648211353,674.4801434326172,-0.07650049279715675,656.6181350708008,-0.05137850021312336,637.7216398449355,647.8466510710739,1,0,0,36.022206314575165,0,0,-10.12501122613844,-7.050109380948625,-3.0749018451898156,0,682.6964143378897,616.0194425957042,649.3579284667969,0.10268138544118023,0.10292365269610691,15.841799989771554,0.025433064293300257,21.186502775989776,14.747511271959077,28.628919664551255,0,20.319623583251932,21.283632865317756,4298191.857142857,4891014.5,0.8787935217004279,0,1179327604.0,648.5049862666513,39222398.97182198,0.19753534872432615,0.22434434040206358,0.302013004712658,0.7428300665910391,0.22335767289445055,0.8120752744415982,1.0379060458142357,0.8120752744415982,1.271374821405749,0.01968280396154099,0.00134032238683316,0.0,0.0,0.0,0.0,0.0,2370.214599609375,0.014322696825680659,-0.06136386115137149,0.7811741719798386,-0.1379,-0.039565462856631255
2024-12-25,630.3771028043293,633.4545100935063,621.1944442201717,622.882080078125,4830151.0,0,1,0.0,0.007708919418241811,-0.03986227861973035,-0.064694049383619,0.0013565259199477264,0.0,0.3,0.4777777777777778,647.6876770019531,-0.03829870137200919,661.5574572753907,-0.05846110080377498,674.5526611328125,-0.07659977349717124,657.1274435424805,-0.052113731972208616,635.4386306500415,645.9974235901146,1,0,0,36.022206314575165,0,0,-10.55879294007309,-7.751846092773517,-2.8069468472995727,0,682.8611470926963,612.51420691121,647.6876770019531,0.10861244189037467,0.14738200609958613,15.585961838597488,0.025022331412460314,21.95905195383542,13.91890179479752,27.020363907753875,0,20.319623583251932,23.718922945918226,4613987.428571428,4789769.8,0.963300455185013,0,1179327604.0,646.8110607634877,39222398.97182198,0.19811290456970848,0.19337085294218073,0.302013004712658,0.6402732661335498,0.21317938478334353,0.8120752744415982,1.0379060458142357,0.8120752744415982,1.271374821405749,0.01968280396154099,0.01203281161221436,0.0,0.0,0.0,0.0,0.0,2370.214599609375,0.0,-0.05570370234918576,0.7802289494392708,-0.1893,-0.04712700035403169
2024-12-26,625.4135072378231,628.838402848002,622.1871677163581,624.172607421875,4476967.0,0,1,0.002071864619364483,-0.008515383632430207,-0.016733174834192677,-0.06177725764610076,0.0022316473685504157,0.0020697212678428716,0.4222222222222222,0.4777777777777778,646.6205017089844,-0.03471571691244061,659.4518981933594,-0.05349789858537957,674.7333361816407,-0.07493438673994095,657.584721069336,-0.050810355801952964,633.7053963072467,644.3807705406155,1,0,0,36.980378613797704,0,0,-10.675374233368757,-8.336551720892565,-2.3388225124761917,0,683.3328609868832,609.9081424310856,646.6205017089844,0.11355148554946824,0.19427333561993038,14.947767073815093,0.023948130526836746,22.676419047549235,13.476514226357693,26.161569639086906,0,22.298300672948983,20.97918261315098,4567762.571428572,4707754.833333333,0.9702634765698622,0,1183804571.0,645.5069464199167,39231674.64135134,0.1667604050145729,0.19343259988719305,0.3003597541521486,0.6440030570447494,0.21169726517056964,0.8137577844709744,1.0400564466287827,0.8137577844709744,1.2740089379161703,0.0106560830330518,0.004064055205088842,0.0,0.0,0.0,0.0,0.0,2397.988525390625,0.011717894989688782,-0.03511421360936229,0.7813077857446877,-0.1877,-0.04667452620678405
2024-12-27,624.1726197525733,628.2427469929648,611.2176375363086,612.9052734375,3391148.0,0,1,-0.01805163163265744,-0.016017167550194555,-0.024644485409208605,-0.07974365476255829,-0.015860269140338,-0.01821655004727399,0.3888888888888889,0.4111111111111111,644.6946258544922,-0.049309163039567595,656.7497143554688,-0.06675974113060332,674.6787365722656,-0.09155981919425586,657.9459326171875,-0.06845647483604629,630.5053774042087,642.049252236681,0,0,0,32.41571666295876,0,0,-11.543874832472284,-8.978016343208509,-2.565858489263775,0,684.2753547410952,605.1138969678892,644.6946258544922,0.12278907656207562,0.09842386293507542,15.09614867258946,0.024630476073279967,23.948024084305246,12.390905596850924,29.244425147812,0,5.022870032273868,15.880264762824957,4515974.857142857,4589545.9,0.9839698644571475,0,1180413423.0,644.16809980651,39170458.88684352,0.18815475350916672,0.200567130302532,0.3018748017856818,0.6644050086861045,0.2147794882510434,0.7990681287074969,1.0212817307770692,0.7990681287074969,1.2510109978721946,0.02777771736433314,1.9755269811665563e-08,0.0,0.0,0.0,0.0,0.0,2407.67919921875,0.004041167722663053,-0.0193091168112417,0.7815812614553126,-0.1891,-0.048714549535885415
2024-12-30,610.9198192654163,615.7841101706674,594.788121720368,596.723876953125,8023050.0,0,1,-0.02640113764011376,-0.041995433745210864,-0.04488764046590321,-0.10136051626765374,-0.0767222326784206,-0.026755905797704618,0.2777777777777778,0.23333333333333334,641.6420104980468,-0.07000497599908721,653.9998803710937,-0.08757800289729266,674.3982928466797,-0.11517587858309353,658.2262371826172,-0.09343650671346465,625.3082234886573,638.6918170304917,0,0,0,27.21940280831309,0,1,-13.383593541834443,-9.859131782933696,-3.524461758900747,0,686.0923573568778,597.1916636392159,641.6420104980468,0.13855185954650404,-0.005261901415263856,15.517565799568738,0.02600460011555345,25.840549250661354,11.193371901532634,33.98069804674618,1,2.4177938093359277,9.912988171519622,4919549.571428572,4403024.8,1.1173113472875673,0,1172390373.0,640.0989391970625,38958641.2395,0.2348301683182572,0.18090720130277776,0.3031752187382871,0.5967084053098154,0.21432150562526953,0.7779718210576622,1.003254529070214,0.7779718210576622,1.2179828843280747,0.03518543376796816,-0.0032394144056685802,0.0,0.0,0.0,0.0,1.0,2589.90771484375,0.07568637702403636,0.0715068733629951,0.8150130618136823,-0.3175,-0.07021442133077087
2024-12-31,597.0217431876971,601.4889825213871,593.100487654407,598.0640869140625,3807525.0,0,1,0.0022459465972446413,-0.04182900722871019,-0.03244203992602124,-0.10149147718806395,-0.05867184556452798,0.0022434282292276256,0.37777777777777777,0.26666666666666666,638.4107086181641,-0.06319853529937117,651.6610327148437,-0.08224666369491877,674.2101721191407,-0.11294116931778106,658.4594479370118,-0.09172221799257511,621.1168178617966,635.6823555403859,0,0,0,28.245364709336116,0,1,-14.565537678589294,-10.800412962064817,-3.765124716524477,0,685.7224283834655,591.0989888528627,638.4107086181641,0.14821718723267446,0.07360859101879473,15.008346447240983,0.025094879922789234,27.66225560926021,10.746498922885726,33.42727501379679,1,6.071646460549612,4.504103434053165,4611461.428571428,4362746.066666666,1.0570089017568678,0,1176197898.0,637.529888564938,38967192.737317674,0.23806443709811437,0.17610096375963552,0.3026836113664789,0.581798806234073,0.21025980312435508,0.7797191042219188,1.0083689009922847,0.7797191042219188,1.2207184088426335,0.014026080232076446,0.000499169290984306,0.0,0.0,0.0,0.0,1.0,2526.267333984375,-0.02457245117060647,0.07833853435828875,0.8177300268501355,-0.3288,-0.07055143513444095
2025-01-01,597.1209822383015,599.3546018726094,583.2229045137193,588.6332397460938,9217246.0,0,1,-0.015768957498569658,-0.039601606876827344,-0.06496889650207083,-0.11327952174560652,-0.073515609224028,-0.01589461020085133,0.1,0.25555555555555554,634.9312255859375,-0.07291811140193688,649.1961096191407,-0.09328902156942515,673.9272467041015,-0.12656263324438266,658.6504397583008,-0.10630403592822411,616.1193443055346,632.1972358519198,0,0,0,25.519238952120887,0,1,-16.077891546385217,-11.855908678928898,-4.221982867456319,0,686.1799110119828,583.6825401598921,634.9312255859375,0.16143066638044515,0.04830074708302266,15.08858579807306,0.025633254765873404,29.711189272269287,9.925825266408589,35.55054334777472,1,6.890028603247477,5.126489624377701,5510891.142857143,4502791.366666666,1.22388329684854,1,1166980652.0,632.3012684853096,38821846.37688981,0.1807470166601412,0.1804909184234941,0.30294209085567814,0.5957934663806098,0.21010092885657536,0.7674237468066205,1.0092766165226064,0.7674237468066205,1.2014689521358723,0.027405345586410376,-0.0015769291224746443,0.0,0.0,0.0,0.0,1.0,2552.44287109375,0.010361348839551088,0.09230646749369376,0.818526748065339,-0.3307,-0.07265643238508868
2025-01-02,590.5690938302616,596.1779249210675,584.3149099761313,594.6392211914062,8525001.0,0,1,0.010203265870447842,-0.003493501504184815,-0.045342224138437914,-0.09530273922839827,-0.07568854667391123,0.010151563941509017,0.28888888888888886,0.24444444444444444,631.3648803710937,-0.05816867602471241,647.3754614257813,-0.08146159898960119,673.7043811035156,-0.11735883293886566,658.8586297607421,-0.09747069503006511,612.8147099802841,629.4151606918817,0,0,0,30.14331167139585,0,0,-16.60045071159766,-12.804817085462652,-3.7956336261350074,0,683.4406067952474,579.28915394694,631.3648803710937,0.16496237926172086,0.1473821711044494,14.858187879991862,0.024986895163461163,31.613770530777717,9.359758286912221,33.523106016147096,1,14.538608990865265,9.166761351554145,6038726.857142857,4523271.5,1.335035241007058,0,1175505653.0,627.1731377420682,38908829.22863864,0.21544285380075034,0.17891149579290014,0.3038888015217452,0.5887400091644965,0.20630179065624477,0.7752539753305838,1.0195745341778126,0.7752539753305838,1.213727859289603,0.019949936906562896,0.003288727094315833,0.0,0.0,0.0,1.0,1.0,2595.25244140625,0.01677199940391061,0.09494407883318345,0.4681993511387589,-0.2052,-0.07810643828336097
2025-01-03,594.6392012432732,595.3837411446628,585.7047224265963,586.8463745117188,6291674.0,0,1,-0.01310516764110159,-0.018756706259066225,-0.05785317433098491,-0.09540929359649775,-0.0934671855443383,-0.013191798053675131,0.15555555555555556,0.2111111111111111,627.443637084961,-0.06470264446676512,645.6362158203125,-0.09105722366255177,673.2775115966797,-0.12837371751803983,659.0278555297851,-0.1095272080116257,608.8195814466586,626.2619172711289,0,0,0,27.73707653833118,0,1,-17.44233582447032,-13.732320833264186,-3.7100149912061333,0,680.5694445492046,574.3178296207174,627.443637084961,0.16934049315110022,0.11791392440890182,14.488247225568628,0.02468831342380443,33.38045312796412,8.913123979782604,31.923431241501394,1,5.522001120171504,8.983546238094776,6247515.857142857,4613447.233333333,1.3541968816729844,0,1169213979.0,623.7860380340848,38826375.78612548,0.2129199496714442,0.17941417091227205,0.2994216124840421,0.5992024738088473,0.20658303990541818,0.765094142019446,1.0062128389848142,0.765094142019446,1.1978217522229375,0.016493275137159924,-3.3546615069067975e-08,0.0,0.0,0.0,1.0,1.0,2562.18359375,-0.012742054348413023,0.08099224187221798,0.4693473294667131,-0.1984,-0.07558198075096313
2025-01-06,588.2857893684017,589.5266892452256,567.4386714377582,569.9204711914062,11202314.0,0,1,-0.02884213663992652,-0.03179020023191215,-0.08691848310126182,-0.10219723576139828,-0.12995378333973306,-0.029266245779484053,0.03333333333333333,0.06666666666666667,622.6388702392578,-0.08466930281367395,643.2775122070312,-0.11403638340153245,672.436181640625,-0.1524541856137167,659.0712420654297,-0.1352672748922232,602.8351029458506,622.0884768207791,0,0,0,23.37291864819636,0,1,-19.253373874928457,-14.83653144159704,-4.416842433331416,0,678.3931351925854,566.8846052859302,622.6388702392578,0.17909021623369978,0.027225414127667134,15.03108798141854,0.02637400960522857,35.61932703925748,7.977571318006947,37.252765934526735,1,3.5486172275008747,7.8697424461792425,7208279.714285715,4794830.7,1.5033439479491348,1,1158011665.0,617.0393973333983,38503277.115054116,0.22984255157649675,0.18866677524537623,0.3038830796055689,0.6208531764593805,0.21583372441889065,0.7430271922329138,1.00437368808044,0.7430271922329138,1.1632740135750472,0.03875631587911359,0.0024527967100087416,1.0,0.0,1.0,1.0,1.0,2472.118408203125,-0.03515172986298609,0.030913360104767085,0.4828223695415978,-0.1029,-0.03997141665645086
2025-01-07,568.8780966023154,584.1163826188896,567.8853767546224,580.2447509765625,5379682.0,0,1,0.01811529907598075,-0.024207064892227126,-0.05328804282880428,-0.07661927184403305,-0.12250410308132842,0.01795317210383653,0.23333333333333334,0.1111111111111111,618.4495910644531,-0.061775188535792884,641.1113977050782,-0.09493926788136019,671.5586169433594,-0.13597303893205576,659.15341796875,-0.11971214112088316,599.3596641813448,618.9889415730594,0,0,0,30.55084994774049,0,0,-19.629277391714595,-15.795080631620552,-3.834196760094043,0,673.6974776616004,563.2017044673058,618.4495910644531,0.1786657712944934,0.1542416150099096,15.116796401622018,0.02605244834387588,37.69828138545845,7.365744751975654,34.395727000203145,1,18.695643207634593,9.255420518435685,7492356.0,4854015.666666667,1.5435376633518625,0,1163391347.0,613.3604301511414,38600731.66341779,0.2899051671303949,0.1956788676705406,0.30501298002844257,0.6415427554994331,0.2194551710797898,0.7564873520417993,1.0225682178240632,0.7564873520417993,1.184347070238276,0.027972688829929333,-0.00182898253665427,0.0,1.0,1.0,1.0,1.0,2518.17529296875,0.018630533478006805,0.045893196147499316,0.45971743100656004,-0.0033,-0.001393913570356838
2025-01-08,578.5075185654445,583.3221858178232,573.2461152423429,582.379150390625,4077369.0,0,1,0.0036784467424655354,-0.007612254782711547,-0.024039136217816948,-0.06784771658006394,-0.11261528365955498,0.00367169780259416,0.4666666666666667,0.16666666666666666,614.2876129150391,-0.0519438482130475,639.0912133789062,-0.08873860538379458,670.5763214111328,-0.1315244338405945,659.2196154785156,-0.11656277101541267,596.747277444311,616.2771051891754,0,0,0,31.9696472284227,0,0,-19.529827744864406,-16.542030054269325,-2.9877976905950803,0,667.0597586222054,561.5154672078727,614.2876129150391,0.17181575730215867,0.197677040635464,14.756744556897614,0.025338724003082312,39.62873899264507,7.006500961180201,32.71817072167419,1,21.811660860576854,14.685307098570803,6928687.285714285,4892911.066666666,1.41606646663098,0,1167468716.0,610.4187660756902,38615730.048133664,0.2626480980307549,0.19678938172522945,0.30436521197281635,0.6465567482226097,0.2200962890683765,0.759270050477634,1.0263296805538669,0.759270050477634,1.1887036278607426,0.017301564743040544,-0.002993964888427253,0.0,1.0,1.0,1.0,0.0,2512.880126953125,-0.002102778956814544,-0.029741441152188686,0.32261712735199083,0.0414,0.02513881501113973
2025-01-09,575.7775459402843,592.5048521334305,574.4373983024387,584.960205078125,7595188.0,0,1,0.004431914648333146,0.02638917997677548,-0.02191049775878018,-0.05364171644171212,-0.09381006446967022,0.004422122635524754,0.4888888888888889,0.24444444444444444,610.3440338134766,-0.04158937800497773,637.1693078613281,-0.08193913633166673,669.6203326416015,-0.12643004317013304,659.2930422973633,-0.11274627889325076,594.933881695667,613.957334810579,0,0,0,33.7326745873804,0,0,-19.02345311491206,-17.038314666397874,-1.985138448514185,0,659.167469306314,561.5205983206391,610.3440338134766,0.15998660685772537,0.2400446273483206,14.993223790761483,0.025631185951801708,40.156003261237224,10.778095239731291,29.901974517699696,1,26.541408845437967,22.349570971216497,7469782.0,4989855.666666667,1.4969936004160975,0,1175063904.0,605.3582678713746,38649391.27308771,0.2649559210285992,0.19452623194485816,0.3045739516851573,0.6386830878628218,0.22280506789459392,0.7626350705363864,1.0308782860991326,0.7626350705363864,1.1939718608815852,0.030886637542426945,-0.011335578284203215,1.0,1.0,1.0,1.0,0.0,2475.565185546875,-0.014849471332122222,-0.02006998537147442,0.3230379017155801,0.051,0.030543707505981513
2025-01-10,581.733846774508,584.9601863683939,567.4386563375807,570.2679443359375,10613705.0,0,1,-0.025116684202860062,-0.01719413510218548,-0.031199895232009167,-0.09414176896987614,-0.12458091330472065,-0.02543749125154389,0.4111111111111111,0.1111111111111111,605.993441772461,-0.05895360407206804,634.8572631835938,-0.10173833173737787,668.5218884277343,-0.14697191788719996,659.3310101318359,-0.13508095998410555,591.1391221018624,610.7210836643093,0,0,0,29.10833427999262,0,1,-19.58196156244685,-17.54704404560767,-2.0349175168391795,0,652.6665095724343,559.3203739724877,605.993441772461,0.15403819441827604,0.11727930988346214,15.173818430031686,0.02660822615183326,40.95259748607891,9.889116060872345,30.730211718068023,1,4.285770519332005,17.546280075115636,7669276.142857143,5229912.266666667,1.466425391442604,1,1164450199.0,600.8170185109183,38382810.19638039,0.2892822520791572,0.2010601310795013,0.301761881748654,0.6662873717329546,0.22760591579519984,0.7434802063076981,1.004986068479398,0.7434802063076981,1.1639832467047213,0.03072508319087896,-0.005515517595228657,1.0,1.0,1.0,1.0,1.0,2372.162841796875,-0.041769186428091354,-0.07063038759399265,0.34410450211476035,0.1409,0.08187848634587817
2025-01-13,567.4386395403525,569.7715675321293,557.9085532583841,559.6458129882812,7689295.0,0,1,-0.018626562220721454,-0.03903528721297045,-0.05884813338247852,-0.10152205226695932,-0.14918504723714987,-0.01880222133427138,0.14444444444444443,0.044444444444444446,601.5386108398437,-0.06964274129149159,632.6623596191406,-0.11541155486919584,667.0516705322266,-0.16101579875851063,659.2825537109375,-0.15112904195905957,586.2939976228499,606.9377302808998,0,0,0,26.301088392906323,0,1,-20.643732658049885,-18.166381768096116,-2.477350889953769,0,648.0393152176274,555.03790646206,601.5386108398437,0.15460588411061857,0.04954663147449749,14.972787904854663,0.02675404257007849,42.06198975824056,9.306041840854428,33.4647134547352,1,2.2996064947441988,11.042261953171417,7549889.571428572,5413751.233333333,1.3945763752391673,0,1156760904.0,597.3034616383884,38239585.064629406,0.2795729435201877,0.20061357580301403,0.30179854591465544,0.6647267805582631,0.22890297854575276,0.7296317259850329,1.0031138790035588,0.7296317259850329,1.1423022403360985,0.02119736089939013,-0.0049613603985397955,1.0,1.0,1.0,1.0,1.0,2223.053466796875,-0.06285798444049995,-0.14341532587392436,0.3880522705677115,0.2203,0.11325843502301261
2025-01-14,565.7510879357891,587.6405493297744,564.2123236380213,586.5982055664062,8506497.0,0,1,0.04815973237467852,0.0028001913191042505,-0.0004228857092607452,-0.058251594759585745,-0.1148227748246261,0.047035990672704885,0.5777777777777777,0.17777777777777778,599.1287841796875,-0.020914666335782567,630.5448889160157,-0.06969635964405198,665.9338684082031,-0.11913444653511124,659.3106228637695,-0.11028552366035134,586.3407988449355,605.431098820567,0,0,0,41.67230533592224,0,0,-19.09029997563141,-18.351165409603176,-0.739134566028234,0,643.3104642017373,554.9471041576377,599.1287841796875,0.1474864209121326,0.3581925969425835,15.902927078900273,0.02711042571898896,41.116980529801914,16.161823728741954,29.256881483834746,1,40.44792492020378,15.677767311426686,7866292.857142857,5587085.633333334,1.407942060206032,0,1165267401.0,594.529721940183,38649255.68359541,0.4310941954215691,0.24948128208152737,0.3162083927929834,0.7889774204850368,0.23731440909695548,0.7647705946405469,1.0514235749576957,0.7647705946405469,1.1973152105216807,0.039939136310741634,0.01090917649308971,1.0,1.0,1.0,0.0,0.0,2378.30712890625,0.06983802433374442,-0.07176553049995504,0.43597603449018857,0.4344,0.2495340679693054
2025-01-15,589.6755839250183,591.859579687347,582.279809011837,587.243408203125,4390121.0,0,1,0.0010999055752238807,0.02976752250550385,0.030395358453269017,-0.059165043098070025,-0.10783503908079917,0.0010993011222735212,0.8111111111111111,0.24444444444444444,597.0713714599609,-0.016460282181683817,628.2288720703125,-0.06523970114923391,664.8071307373046,-0.11667101471694138,659.270602722168,-0.10925285341351235,586.4796618231186,604.0838624785342,0,0,0,41.984249300333865,0,0,-17.60420065541564,-18.201772458765667,0.5975718033500286,1,639.3047735619757,554.8379693579461,597.0713714599609,0.14146852158979098,0.3836470332996562,15.451273050086687,0.026311530847770978,39.843773263082454,17.396472207553572,27.961222107293967,1,41.70781434623599,28.151781920394683,6893122.428571428,5640574.433333334,1.2220603610575693,0,1169657522.0,593.2302425261785,38654084.40215922,0.3801856607432322,0.24978298339476718,0.31632771565707285,0.7896335699700558,0.23707431003867863,0.7656117700813592,1.0525800416097135,0.7656117700813592,1.1986321441970338,0.016313117425741243,0.005246143492103868,1.0,1.0,1.0,0.0,0.0,2385.899658203125,0.0031924090898918234,-0.034876464539038254,0.43575917971338496,0.4343,0.24991874524003238
2025-01-16,591.6610249490581,602.5809431947621,586.2506897000699,598.2129516601562,4959410.0,0,1,0.018679721736845734,0.06891347666114411,0.030966588932261674,-0.02397160281382693,-0.10173666682888549,0.018507398395186548,0.8111111111111111,0.2777777777777778,595.7436065673828,0.004144979594496306,627.3254968261718,-0.04640739984793334,663.8352575683593,-0.09885330006209492,659.2854302978516,-0.09263435202883831,588.284783336509,603.6489801956914,0,0,0,47.15857106206772,0,0,-15.364196859182357,-17.634257338849007,2.2700604796666504,0,635.9308346029427,555.5563785318229,595.7436065673828,0.13491450883414366,0.5307230084467187,15.514057367558511,0.02593400447867939,37.73429047655204,21.024737164794754,25.85891747656261,1,69.63975908319608,50.59849944987864,6833083.571428572,5634017.733333333,1.2128260674440259,0,1174616932.0,592.1863253468487,38746724.80093815,0.38103656673920183,0.254197292894064,0.31117258562096317,0.816901310206355,0.2385457627919355,0.7799131849049329,1.0722419438927404,0.7799131849049329,1.221022259115473,0.02729839507715875,0.007522633177697629,1.0,1.0,0.0,0.0,0.0,2425.562744140625,0.01662395390398408,-0.03677764176573317,0.4373831148156603,0.4412,0.25741881391177823
2025-01-17,599.4538877808536,614.4936185122696,599.3050161502422,612.5081787109375,6414327.0,0,1,0.023896552241320146,0.044169881357739804,0.051734386954106704,0.026451600761154825,-0.07931060044749427,0.023615498312292895,0.9,0.34444444444444444,595.4631622314453,0.028624804287837972,626.6613671875,-0.022585066221782572,662.9978985595703,-0.07615366497891898,659.3934490966797,-0.07110363387742405,592.0114595479596,604.3052171227466,0,0,0,53.036870833616206,0,0,-12.293757574787037,-16.566157386036615,4.272399811249578,0,635.067041357763,555.8592831051276,595.4631622314453,0.133018737810432,0.7151937746442296,15.568815187883855,0.025418134367853534,35.18409462350551,24.9197522963351,23.927398716089968,1,96.49122998723462,69.27960113888894,7166934.714285715,5757039.3,1.2448993902622334,0,1181031259.0,591.5581667058376,38900005.10118656,0.39794535562887706,0.2661005906137839,0.31398594035019256,0.8474920575010412,0.24130390507925983,0.7985504210717079,1.097864829520308,0.7985504210717079,1.2502004813182406,0.024797387022639866,0.002074405305424319,0.0,0.0,0.0,0.0,0.0,2397.5390625,-0.01155347628434722,-0.045899946923841695,0.4381990566424706,0.4003,0.24408409987194057
2025-01-20,612.5578130447307,617.4221648773588,607.7927695583529,613.6498413085938,2995173.0,0,1,0.0018639140461094161,0.04496675950142781,0.04904544955607215,0.026060341584715152,-0.07862571152152364,0.0018621791138323414,0.8888888888888888,0.35555555555555557,594.6689880371093,0.03191835063425227,625.9227844238281,-0.019607759009015523,662.345185546875,-0.07351958661566356,659.4378350830078,-0.06943489035422185,595.3404413572879,604.9974115068834,0,0,0,53.48194270194226,0,0,-9.656970149595509,-15.184319938748395,5.527349789152886,0,631.9660443263369,557.3719317478817,594.6689880371093,0.12543804045453316,0.7544551120106306,15.14457091153543,0.02467949943446574,33.017379063487176,25.169216942797565,22.840699148782573,1,93.66141044687949,86.5974665057701,6509789.714285715,5687566.1,1.1445651091924391,0,1184026432.0,591.2419655311395,38905587.84621178,0.3989924986592435,0.2662033460773616,0.3106504315005296,0.8569225054397125,0.23808169080043995,0.8000388504180701,1.0999111551967804,0.8000388504180701,1.2525307475558225,0.015692003274165967,8.10345649549096e-05,0.0,0.0,0.0,0.0,0.0,2440.498291015625,0.017918051550255054,-0.014165207499273857,0.44150781877276757,0.4042,0.2447286806602443
2025-01-21,621.4922495879181,623.7754931233362,608.9840037220197,610.4730834960938,3529837.0,0,1,-0.005176824955622328,0.020494594444860015,0.07050219034663452,0.03710263416218318,-0.08065482583577344,-0.005190271139702078,0.9333333333333333,0.34444444444444444,594.0485382080078,0.027648490370217587,625.1941271972656,-0.02354635634081539,661.7103405761719,-0.07743154963463965,659.4853387451171,-0.07431894595607683,597.6685401478734,605.4030168394174,0,0,0,52.00504765576659,0,0,-7.734476691544046,-13.694351289307527,5.959874597763481,0,629.7480919372008,558.3489844788148,594.0485382080078,0.12019069632553386,0.7300385239081423,15.119350803662652,0.024766613324008077,31.43348261186594,26.411913057223295,21.24459906407696,1,79.80411773415224,89.98558605608882,5497808.571428572,5673533.266666667,0.9690272909351711,0,1180496595.0,590.5641383108364,38887314.497940905,0.3450457600879925,0.2662984378402245,0.3106620315230992,0.857196602155175,0.2399308880983449,0.7958971893317585,1.0942171076795904,0.7958971893317585,1.2460466151241913,0.02422955213128768,0.012779940205965965,0.0,0.0,0.0,0.0,0.0,2382.053466796875,-0.023947906226325588,0.00416945448505035,0.44569909257924895,0.4044,0.24258805064337266
2025-01-22,610.5227124502463,610.919824629628,600.9429415876698,608.9840087890625,4426051.0,0,1,-0.0024392143524224474,-0.005753669982483944,0.08815968002572072,0.024123514034132043,-0.08508580580967562,-0.0024421940822036228,0.9555555555555556,0.32222222222222224,593.3536346435546,0.02634242588721563,624.9330419921876,-0.0255211872815719,661.1807244873047,-0.07894470265859123,659.5253970336914,-0.076632967391318,599.4093814772871,605.6682755023542,0,0,0,51.29006943948819,0,0,-6.258894025067093,-12.207259836459441,5.948365811392348,0,627.182035895899,559.5252333912102,593.3536346435546,0.11402441740385105,0.731024428688078,14.752031677826622,0.024224005006568856,29.336790675246792,25.136018255355047,24.111765074212,1,77.54338615912489,83.66963811338557,5031630.857142857,5707111.1,0.8816423526682103,0,1176070544.0,589.7842453079738,38876518.410817154,0.29912923601693975,0.265847619132983,0.3104508895556429,0.8563274517058018,0.23972320587474732,0.7939558254844878,1.0915480776058721,0.7939558254844878,1.2430072403367929,0.01638283255055712,8.129589247139793e-05,0.0,0.0,0.0,0.0,0.0,2374.31103515625,-0.0032503181597498543,0.06804045454530483,0.4456549452289281,0.4062,0.2433408077741438
2025-01-23,606.5518792305667,611.7140350017561,602.7795556022878,603.8218994140625,6826419.0,0,1,-0.008476592653499426,-0.01601555355017026,0.02936199545824625,0.028926692980710822,-0.09039923797054494,-0.00851272328632629,0.7666666666666667,0.32222222222222224,592.3360992431641,0.0193906807057243,624.5538244628906,-0.0331947771941951,660.5682165527344,-0.0859053095754596,659.5201501464844,-0.08445268991410029,600.0882303906371,605.5315069032214,0,0,0,48.78604632315785,0,0,-5.443276512584248,-10.854463171684403,5.411186659100155,0,623.3701430015892,561.302055484739,592.3360992431641,0.10478525215018213,0.6850516204125067,14.336492229372455,0.023742915325337354,27.448188310088348,24.412807874501482,23.038449784541612,1,69.70620807618383,75.68457065648703,4791619.714285715,5715143.733333333,0.8384075603101276,0,1169244125.0,589.4202400172597,38818653.637672044,0.19340661733291326,0.2663306071764014,0.310731226347826,0.8571092461697959,0.2366224720783639,0.787225785366983,1.0822954691902966,0.787225785366983,1.2324707742951075,0.014796547472256514,-0.003993749463687908,0.0,0.0,0.0,0.0,0.0,2382.7529296875,0.0035555133283935447,0.0018693131459832646,0.44191791911592404,0.4067,0.24613848481275372
2025-01-24,604.2686342462979,610.8701854343614,595.5327109698043,602.4817504882812,4608870.0,0,1,-0.002219444056404174,-0.013090393702613778,0.02594893713968327,0.05713302283879429,-0.08337094172908732,-0.0022219106727176937,0.7555555555555555,0.35555555555555557,591.8149230957031,0.01802392433225822,624.1478039550781,-0.034713017220447034,659.970599975586,-0.08710819768248977,659.4985787963867,-0.08645481603942745,600.4564642518131,605.3055990206332,0,0,0,48.12910978218936,0,0,-4.849134768820022,-9.653397491111527,4.804262722291504,0,621.7242323756482,561.905613815758,591.8149230957031,0.10107656334008469,0.6783195207341437,14.407990960457074,0.023914402301447504,25.837370879078026,22.556542246772818,24.879356924168377,1,67.67157745795717,71.64039056442198,4822869.571428572,5728812.1,0.8418620627177792,0,1164635255.0,589.1672113008983,38808424.508543804,0.1965957498025551,0.26556595042268233,0.3101581998215154,0.8562274045164879,0.23618975490083277,0.785478581776602,1.079893374943929,0.785478581776602,1.2297353743604063,0.02545716024116388,0.000739845362794718,0.0,0.0,0.0,1.0,0.0,2312.9189453125,-0.029308109751924105,-0.030588341232081984,0.4480162256745896,0.4067,0.24209139114490053
2025-01-27,595.6815493480539,597.2202530373618,581.0885550558169,582.6273193359375,2919161.0,0,1,-0.03295441087842532,-0.04327977265861893,-0.026053652434247065,0.004106143752899305,-0.10191273004524604,-0.03350963973674233,0.4111111111111111,0.2777777777777778,591.1100952148438,-0.014350585360622477,622.8741455078125,-0.06461470019607708,659.25931640625,-0.11623953604182398,659.3589810180664,-0.11637311978924339,597.71351888014,603.6257264513964,0,0,0,39.61762540482106,0,0,-5.912207571256431,-8.905159507140509,2.9929519358840775,0,621.196185026217,561.0240054034706,591.1100952148438,0.1017952156626192,0.35902495252640604,14.906934137029026,0.025585710869204584,25.291531305909857,20.24430806803403,29.250125578833472,1,37.528335350381546,58.30204029484087,4531405.428571428,5738798.066666666,0.7896087954186298,0,1161716094.0,588.2572450411459,38712225.27752953,0.2667990652803588,0.278650303020489,0.31351609071903247,0.8887910741085708,0.23786916715961007,0.759593597856533,1.0443061249611374,0.759593597856533,1.1892101695619992,0.027687850270961146,-0.01128698277535571,1.0,0.0,1.0,1.0,1.0,2257.57080078125,-0.02392999747934177,-0.06925895599492904,0.4522134547639483,0.4259,0.26305125757138964
2025-01-28,585.8040009571495,587.3427653068563,564.1627188044808,569.6723022460938,6250865.0,0,1,-0.022235512582227557,-0.056555744667602936,-0.06993519099613421,-0.021818858274730957,-0.10258817936908082,-0.022486448358078105,0.08888888888888889,0.2777777777777778,589.6905059814453,-0.033946966302322384,621.5607775878906,-0.08348093575524825,658.4090515136719,-0.13477449780432663,659.1879214477539,-0.13579681345656297,593.3994855518251,601.1106579917443,0,0,0,35.23856516919005,0,0,-7.71117243991921,-8.666362093696248,0.9551896537770386,0,621.0474899114696,558.333522051421,589.6905059814453,0.10635064872830405,0.1808015117138841,15.497870734553775,0.027204887219282117,25.661138237374175,18.08150403577622,33.92617970723275,1,17.85986871688437,41.019927175074386,4508053.714285715,5787142.2,0.7789775261243304,0,1155465229.0,587.2588112508654,38573234.090172224,0.20405555121253538,0.27908437438561584,0.3069251517369784,0.909291313553798,0.24395316790787155,0.7427036448540146,1.0210854429798668,0.7427036448540146,1.1627674718737904,0.040690141351407846,0.005452338940838996,1.0,1.0,1.0,1.0,1.0,2283.89599609375,0.011660850372174458,-0.04739988106293891,0.453731637462436,0.3965,0.24443195427860578
2025-01-29,572.3030094168232,583.5703557908727,567.4386577804245,579.84765625,4618198.0,0,1,0.01786176713136145,-0.037568099315767545,-0.0550838324776739,-0.008739994248740723,-0.07725119417877735,0.017704120235681582,0.2111111111111111,0.43333333333333335,589.2512268066406,-0.01595850823697365,620.4509167480469,-0.06544153518357212,657.777681274414,-0.11847471758760221,658.9478106689453,-0.1200400898800241,591.3145887361597,599.5356208256892,0,0,0,40.77574122644074,0,0,-8.221032089529444,-8.577296092862888,0.3562640033334432,0,620.9152247944503,557.5872288188309,589.2512268066406,0.10747197985283127,0.35151005630652077,15.543144111403377,0.026805565123646867,26.004344673733897,16.74106296326758,31.41112096970159,1,33.30821659029237,29.56547355251945,4739914.428571428,5815960.066666666,0.8149840050892994,0,1160083427.0,586.6301417387465,38655723.26741474,0.2587164637895129,0.2850261629738497,0.30762249755548327,0.9265452469790249,0.24589342690272867,0.7559696444060103,1.0393238333835961,0.7559696444060103,1.1835365536843219,0.02782057983087379,0.004617930624952557,0.0,1.0,1.0,1.0,1.0,2316.41552734375,0.014238621769826487,-0.05084320858927438,0.45526040691976555,0.4047,0.25394703235020455
2025-01-30,582.6273380954444,597.4684522436715,577.4651824569758,583.5703735351562,4604752.0,0,1,0.006420164408754925,0.0016186233771076086,-0.04406862593657601,0.023326629755963335,-0.06594105255630434,0.006399642940538221,0.32222222222222224,0.5,588.6977844238281,-0.008709750612855097,619.2556823730469,-0.05762613061722921,656.9006127929688,-0.111630645229621,658.673505859375,-0.11402179024375865,590.1231710129284,598.3530099152794,0,0,0,42.70583098680147,0,0,-8.229838902350934,-8.507804654760498,0.277965752409564,0,620.3521922542411,557.0433765934151,588.6977844238281,0.1075404347288104,0.4190095275807758,15.861724516781408,0.027180482827964952,25.158266377068696,21.491643723140573,28.581645134898658,1,38.96009186002403,30.04272572240028,4893473.714285715,5796184.233333333,0.8442577939713835,0,1164688179.0,586.244729560623,38685286.53231628,0.2731245691123308,0.2860587792553815,0.2513572596875129,1.138056563836706,0.2472246586895742,0.760823093811125,1.0459964632678562,0.760823093811125,1.1848093866767335,0.034277390857798115,0.004793814056990817,0.0,1.0,1.0,1.0,1.0,2250.4775390625,-0.02846552680332859,-0.055236345266130416,0.4602423446386854,0.3805,0.23696437531834008
2025-01-31,585.7047054789195,592.0581366899304,580.0461902739272,589.973388671875,3750965.0,0,1,0.010972138797812114,0.03563642877798068,-0.031216944686264014,0.054190659484535164,-0.045531305203890926,0.010912381595114455,0.4222222222222222,0.5222222222222223,588.854135131836,0.0019007313921442616,618.1080981445313,-0.045517458122798386,656.116859741211,-0.10081050362800408,658.4188778686523,-0.10395432375563125,590.1001275758433,597.7322972305827,0,0,0,45.96751560478609,0,0,-7.632169654739414,-8.332677654756282,0.7005080000168675,0,620.5009286947137,557.2073415689582,588.854135131836,0.1074860196262101,0.5176835219943411,15.586740366725822,0.026419395630392892,24.37262224445101,20.30860303452469,27.008324379271304,0,43.29721299219973,38.52184048083873,4797032.857142857,5722411.666666667,0.8382886685845782,0,1168439144.0,586.1136999085402,38726442.64092202,0.2924044749941803,0.28738098626497655,0.25244930921873787,1.1383710541904144,0.24367141383467425,0.7691709503970015,1.0574732816448518,0.7691709503970015,1.1978092797163014,0.020360149536649455,0.0036573685720780007,1.0,1.0,1.0,1.0,1.0,2285.64453125,0.01562645775267324,-0.037344097969209455,0.45463841187830806,0.3803,0.24079916691922149
2025-02-03,570.813945637722,572.4022732501272,553.540595046446,569.870849609375,8169543.0,0,1,-0.034073636961412856,-0.017205910092225163,-0.05622692690946285,-0.028515866223763342,-0.09477254530953905,-0.03466767641369963,0.2,0.32222222222222224,588.8516540527344,-0.032233592811916525,616.4045910644531,-0.0754922045189836,655.0139477539062,-0.12998669484290148,658.0600354003906,-0.13401389090185012,586.9879309656174,595.6684862956785,0,0,0,38.547872378843145,0,0,-8.680555330061111,-8.402253189817248,-0.2783021402438628,0,620.5047048053693,557.1986033000994,588.8516540527344,0.10750772468680296,0.2001741697555121,17.075744170918906,0.029964235199297674,24.97104880750663,17.213573133080818,33.97966169087382,0,23.250912310075986,35.169405720766605,4988907.714285715,5897355.166666667,0.8459568015310108,0,1160269601.0,585.6434936817138,38448076.59859937,0.3447839671998556,0.2964430419765633,0.2606812662575885,1.137185829393806,0.24892034291684648,0.7429624986719091,1.02950145790402,0.7429624986719091,1.1569955611702365,0.033098162884818864,-0.03247509701629764,1.0,1.0,1.0,1.0,1.0,2259.71923828125,-0.011342661824396472,-0.05163510235296864,0.4557074844729725,0.393,0.2557206576546629
2025-02-04,576.2738957674871,591.5618062997976,575.976091918845,579.6987915039062,5318376.0,0,1,0.01724591089589489,-0.006634301888556626,-0.03781518521666516,-0.01284751194109457,-0.06932819221384967,0.01709888812839293,0.37777777777777777,0.5111111111111111,588.8243560791016,-0.015497940057984627,614.7735534667969,-0.057053140567122636,654.030658569336,-0.1136519612521338,657.7782168579101,-0.11870174984963086,585.8665248945849,594.4855459407323,0,0,0,43.36116894305389,0,0,-8.619021046147395,-8.445606761083278,-0.17341428506411738,0,620.5095856213713,557.1391265368318,588.8243560791016,0.10762200719160893,0.3559965525415979,17.405402208026313,0.030024906836310056,24.15870856874646,23.54401508115032,30.954938343150072,0,37.24387330757332,34.5973328699497,5090265.714285715,5913629.333333333,0.8607684769137343,0,1165587977.0,585.8847007098972,38539796.83720623,0.3769953909391161,0.3013554676493651,0.2635505973478067,1.1434444493087885,0.2509261164160298,0.7557755637229964,1.0472561483142269,0.7557755637229964,1.1769490035251244,0.026885883857923433,0.011235960152201492,1.0,1.0,1.0,1.0,1.0,2299.33154296875,0.0175297461810473,-0.0058745691764456875,0.4567211823933116,0.4162,0.2746173466204914
2025-02-05,580.2447731404652,600.0991708527138,580.2447731404652,596.2275390625,3974704.0,0,1,0.02851264794896924,0.010600733034254572,0.023342914544521642,-0.0033189060720707486,-0.04279227460241242,0.028113727506306002,0.8,0.5555555555555556,589.5167755126953,0.011383498873239771,613.5723620605469,-0.02826858585969898,653.1903210449219,-0.08720702090517414,657.5790420532227,-0.09329905466445364,587.4605270742642,594.6145824682707,0,0,0,50.397855416745145,0,0,-7.154055394006491,-8.187296487667922,1.033241093661431,1,621.2142200765503,557.8193309488403,589.5167755126953,0.10753704009962448,0.6058565389441058,17.61932914665354,0.029551350771817638,22.8790048703462,25.05789474111226,28.39487458077777,0,60.77739867910411,40.424061432251165,5241057.571428572,5885114.433333334,0.8905617096828536,0,1169562681.0,586.3348402119426,38653126.17305959,0.36589796444066636,0.3140453647110074,0.25884442634229615,1.2132591346421866,0.25541375801440597,0.7773247262998638,1.077116194183504,0.7773247262998638,1.2105069361165264,0.033300034653661485,0.0009418367686131084,0.0,0.0,1.0,1.0,1.0,2322.409912109375,0.01003699062503527,0.028720743245654434,0.45776385460156105,0.4173,0.28649009108739065
2025-02-06,596.6742582352348,602.3823974158887,586.9456157498478,591.1150512695312,3571342.0,0,1,-0.008574726019880852,0.03727897588500695,0.03764049777195311,-0.03492708862505223,-0.05296220269724261,-0.008611700498783334,0.9111111111111111,0.5444444444444444,589.8245178222656,0.0021879955957586766,612.4843408203125,-0.034889527987214994,652.3092822265625,-0.0938116820109529,657.3688641357422,-0.10078635676381839,588.0227615658438,594.3553579350307,0,0,0,48.39508044170354,0,0,-6.332596369186945,-7.816356463971727,1.483760094784782,0,621.455135920662,558.1938997238693,589.8245178222656,0.10725433461186744,0.5204000668474296,17.463432898038356,0.02954320459364439,21.551779424818527,24.40963979794431,26.60204478650634,0,53.49827116136811,50.50651438268187,4858268.571428572,5854926.933333334,0.829774415077569,0,1165991339.0,586.7371235941118,38622502.8938863,0.3328096973897757,0.3145282675136918,0.2593165205959151,1.2129125702863006,0.2587188202529208,0.7706593797433636,1.0678802179268034,0.7706593797433636,1.2001271707941619,0.0261146821297944,0.0007492427696936026,1.0,1.0,1.0,1.0,1.0,2310.271240234375,-0.005226756832076518,0.011548356048495911,0.45653719871482845,0.4171,0.28761732171569215
2025-02-07,591.1150735170756,606.1547435698315,589.6756175513548,602.9780883789062,4687823.0,0,1,0.020068913968434465,0.040157573581629746,0.03989053310742996,-0.017390622813378775,-0.016196932036359857,0.019870187728073776,0.9222222222222223,0.7222222222222222,591.4600250244141,0.0194739506765765,611.5154467773438,-0.013960985684709949,651.4456158447266,-0.07439995954684986,657.1901171875,-0.08249063306155409,590.3235810755457,594.9940787086512,0,0,0,53.056750550695554,0,0,-4.6704976331054695,-7.187184697798476,2.5166870646930066,0,622.203154960636,560.7168950881922,591.4600250244141,0.10395674647649385,0.6873274350787791,17.39312526378395,0.028845368677566704,20.084341059062826,24.306910724891853,24.801750369120345,0,70.38878774813364,61.55481919620198,4868215.0,5898149.433333334,0.8253800713300566,0,1170679162.0,588.6267417269275,38716582.41037255,0.33644024988135496,0.31663194603125944,0.2627754863972077,1.204952373497439,0.2587475576694223,0.7861256765344004,1.0893114141489697,0.7861256765344004,1.2242124197360105,0.027329560287639068,3.7636572348502525e-08,0.0,0.0,1.0,1.0,1.0,2336.596435546875,0.011394850463458672,0.008712127839285655,0.45771711240672897,0.4335,0.3000909992795184
2025-02-10,600.5955510491493,601.6875187238217,585.208392303262,591.6610717773438,3434505.0,0,1,-0.018768537065730007,-0.007658933856588557,0.013864134659845151,-0.030815464640989942,-0.008484334834449658,-0.018946901341138366,0.7222222222222222,0.7666666666666667,593.0607879638671,-0.0023601563531606665,610.19314453125,-0.03037083080987841,650.5069995117187,-0.0904616365059034,656.9957479858399,-0.09944459520292709,590.5293488758223,594.7471893063321,0,0,0,48.55097898367904,0,0,-4.217840430509796,-6.59331584434074,2.3754754138309444,0,619.9173765874536,566.2041993402806,593.0607879638671,0.09056942953787991,0.4739409162097731,17.42002317891683,0.02944257111015815,18.995185317485486,22.535851837726145,24.82636473117762,0,65.52900560837145,63.13868817262443,4701036.857142857,5745197.933333334,0.8182549864588112,0,1167244657.0,590.8303137391429,38652121.77597761,0.36686768859106805,0.3117863327395871,0.25343605198708824,1.2302367019017153,0.25620421215015615,0.7713712476360424,1.068866632496392,0.7713712476360424,1.2012357435598682,0.027852308030096518,-0.003951283430816415,1.0,1.0,1.0,1.0,1.0,2288.641845703125,-0.020523265855503348,0.016958314836825084,0.3996278094871289,0.6696,0.5230969467111309
2025-02-11,589.7252622404325,602.5809974508334,587.342770763156,591.5121459960938,5303293.0,0,1,-0.00025170792596274083,0.0006717723152365185,0.0026081809006381906,-0.028690183224532873,-0.010955248879390145,-0.0002517396097195504,0.6444444444444445,0.7666666666666667,593.3064849853515,-0.003024303685644138,608.7695849609376,-0.028348063686445744,649.2958813476563,-0.08899445847650936,656.8924310302734,-0.09952966718102826,590.6805484327871,594.5075564685366,0,0,0,48.492617440663345,0,0,-3.8270080357494862,-6.0400542826224894,2.213046246873003,0,620.0035719722425,566.6093979984605,593.3064849853515,0.08999425309686325,0.46639447985207455,17.264180572399727,0.029186519142945438,17.921962075841634,21.48471367693553,23.261151336152878,0,65.27300255721201,67.06359863790573,4922798.0,5795056.866666666,0.8494822593227818,0,1161941364.0,592.0158353528025,38650786.89509581,0.3615107009063563,0.3116944234560324,0.25133721264625836,1.2401443470081093,0.25890273810320924,0.7711770873791526,1.0685975902931955,0.7711770873791526,1.2009333830022644,0.025761477242392992,-0.0032718217054506,1.0,1.0,1.0,1.0,1.0,2319.5625,0.013510481928366236,0.014839564195684662,0.3976699180925654,0.6765,0.5309616803573719
2025-02-12,594.6888496592777,600.5459213615696,582.0812946906457,594.5399780273438,3764143.0,0,1,0.005118799422370701,-0.013994058016682187,0.043288981064531606,-0.015371952219231821,0.010034666550257754,0.005105742905447362,0.9333333333333333,0.8555555555555555,593.6713134765625,0.0014632078914075717,607.4959265136719,-0.02132680717824786,648.1090850830078,-0.08265446093662318,656.7386135864258,-0.09470835774284316,591.2743068319496,594.5099580654853,0,0,0,49.81349422950435,0,0,-3.235651233535691,-5.47917367280513,2.243522439269439,0,620.2185395700905,567.1240873830346,593.6713134765625,0.0894340874854347,0.5163607404351933,17.349926722294313,0.029182102740778797,17.266878550271677,19.851494686915462,23.659008643893067,0,71.51522050563979,67.43907622374111,4293455.142857143,5613286.766666667,0.7648736509157044,0,1165705507.0,592.2587481613735,38670054.78810993,0.2656548463814756,0.30853017672819344,0.2516581852748712,1.2259890390261075,0.2602498427490196,0.7751245882085744,1.0740675270211348,0.7751245882085744,1.207080720109482,0.03105699760037793,0.005370479177286304,1.0,1.0,1.0,1.0,1.0,2351.232666015625,0.013653508373076884,0.04049769820253446,0.3987109622085013,0.7019,0.5437487077485519
2025-02-13,591.7106533575169,603.5240437865442,585.8039581430032,598.1137084960938,4415122.0,0,1,0.00601091701285994,0.010905968005240574,0.03176635394463023,-0.007250081830109223,0.005843017380734006,0.00599292352011724,0.8777777777777778,0.8444444444444444,593.6663513183594,0.007491341168078829,606.1388781738282,-0.01323982005891556,646.7972052001953,-0.07526856379818951,656.6722525024414,-0.0891746891743838,592.3265224725872,594.7769025418266,0,0,0,51.39774506880106,0,0,-2.450380069239486,-4.873414952092001,2.423034882852515,0,620.2100398997303,567.1226627369884,593.6663513183594,0.08942291751056855,0.5837742871361076,17.376366645240505,0.029051945137542338,16.429801165058898,19.629691193664296,21.935651248799466,0,84.71697195638603,73.83506500641265,4164418.8571428573,5476290.8,0.760445164296764,0,1170120629.0,592.2450862929787,38696593.72005358,0.25437976613524316,0.3076142052125581,0.25050629307314387,1.22796997009069,0.2630525847950837,0.7797837977829235,1.0805236577922668,0.7797837977829235,1.2143363821458835,0.02962661679849579,-0.00475884679650043,1.0,1.0,1.0,1.0,1.0,2242.5849609375,-0.046208827670907726,-0.024679599688343545,0.41385281731871343,0.6485,0.4825978755032219
2025-02-14,604.566407748867,611.5154469183942,590.7179532857181,601.7868041992188,11475440.0,0,1,0.006141132782862879,0.01737015591763158,0.009324066354700955,0.03288463178334777,0.025458842955161876,0.006122352874323289,0.6555555555555556,0.9111111111111111,593.1302825927735,0.014594637738954547,604.869189453125,-0.00509595348490662,645.3979663085937,-0.06757251244346578,656.5936581420898,-0.08347149452821946,593.7819504305305,595.2961545164483,0,0,0,53.038610836653916,0,0,-1.5142040859177541,-4.201572778857152,2.6873686929393976,0,618.4778665888255,567.7826985967215,593.1302825927735,0.08547054412817737,0.6707563452160483,17.620732858628767,0.02928068999797394,15.451311184879286,21.21423667000538,20.086342049737286,0,83.2192021108332,79.81713152428637,5235952.571428572,5649083.0,0.9268677007274582,1,1181596069.0,592.2286589499556,38767065.92083536,0.1960567289024875,0.3053960908685699,0.2504927183738833,1.2191815109481077,0.26834692885520955,0.7845725536270335,1.0871592970497936,0.7845725536270335,1.2217937831117025,0.034559570744245226,0.01078841558237825,1.0,1.0,1.0,1.0,1.0,2150.62158203125,-0.04100775690023584,-0.07396985742370299,0.42663886307117305,0.6136,0.4396433276571805
2025-02-17,601.7867821417609,607.4452973762783,585.3572808255935,606.4028930664062,4470099.0,0,1,0.0076706382309761345,0.019953098996678298,0.0258627178652302,0.06447670121136628,0.06401318029291758,0.007641368468757619,0.8,0.9222222222222223,592.767935180664,0.023002185301380283,603.6769311523437,0.004515597289528671,643.9550476074219,-0.05831486946261002,656.4991552734375,-0.0763081898957901,595.7236339129729,596.1188758905192,0,0,1,55.090624516826644,0,0,-0.39524197754633406,-3.4403066185949887,3.0450646410486546,0,617.0659058757733,568.4699644855548,592.767935180664,0.08198139357083717,0.7805781202231568,17.93982455091848,0.029584002246760253,14.546067992635185,19.34855346674497,20.454237789635027,0,91.18142834882906,86.3725341386828,5364346.428571428,5424675.833333333,0.9888787078499336,0,1186066168.0,591.9437597934369,38801354.43312101,0.18542054950802742,0.2922315534027817,0.24971022134862356,1.1702827053875122,0.2678591503996467,0.7905907258518596,1.095498502716905,0.7905907258518596,1.2257614947114543,0.036424655626215705,-3.6653276021938186e-08,1.0,1.0,1.0,1.0,1.0,2221.604736328125,0.03300587834231239,-0.03837926143133519,0.43114156843856727,0.5849,0.39716461332555597
2025-02-18,604.5664203133621,609.2322159708891,597.3195771469806,606.9985961914062,2956837.0,0,1,0.0009823553479233471,0.014854847112019565,0.0066677511007224854,0.04682426435418785,0.046107862535277544,0.0009818731526741002,0.6222222222222222,0.9222222222222223,592.5942108154297,0.02430733394468298,602.5362963867187,0.007405860578768408,642.4649755859375,-0.05520359979496999,656.3427316284179,-0.07518044012552179,597.4582434942704,596.9247810979923,0,0,1,55.361698215219874,0,0,0.5334623962780825,-2.6455528156203747,3.179015211898457,0,616.4039606421691,568.7844609886904,592.5942108154297,0.0803576862284102,0.8024892214491014,17.509311284703482,0.028845719569312204,13.56683475623502,19.137235414672762,19.46021995680369,0,92.20894822299063,88.86985956088432,5117062.714285715,5343914.333333333,0.9575495404870914,0,1189023005.0,591.5205527629578,38804259.0977609,0.1465795124910099,0.2883287083564034,0.24876066003023187,1.1590607145091303,0.2655634532762985,0.7913673668794188,1.0965746715296911,0.7913673668794188,1.2269656280710628,0.019625480023601403,-0.0030284696429425965,1.0,1.0,1.0,1.0,1.0,2218.208251953125,-0.0015288427862346632,-0.050666936657395634,0.4262032323550506,0.5742,0.3891881448311926
2025-02-19,602.580996031789,623.7755422489695,602.1342599462216,621.740478515625,6101855.0,0,1,0.02428651798655923,0.0331573809481549,0.05083891466430779,0.06540788688301924,0.06758711759958924,0.023996290201084226,0.9444444444444444,0.9444444444444444,593.2320343017578,0.04805614424956331,601.6587316894531,0.03337730472186862,641.1223223876954,-0.030231116894959553,656.2252233886719,-0.052550166686631816,601.1939719590941,598.7629809067058,0,0,1,61.54733671650244,0,0,2.430991052388322,-1.6302440420186357,4.061235094406958,0,619.4519060530093,567.0121625505063,593.2320343017578,0.08839668202379748,1.0436419461606716,17.804452071706653,0.02863646921335074,13.560961899218356,23.310261952063065,17.770658138771495,0,97.10249126054534,93.49762261078837,5498112.714285715,5411397.2,1.0160246071542696,0,1195124860.0,592.3145670610304,38952451.908969775,0.12689911888082622,0.29558348196944007,0.2537958967255659,1.1646503579569683,0.27089020089633953,0.8105869246691118,1.123206652013402,0.8105869246691118,1.2567643508661004,0.03480758137931661,-0.0072777765670881565,1.0,0.0,1.0,1.0,1.0,2178.745361328125,-0.01779043540670855,-0.048018209831008796,0.4280592877759005,0.5365,0.3712273866048794
2025-02-20,622.4353921169674,639.5101869215928,620.4499522697043,634.1494750976562,6904537.0,0,1,0.019958482696280422,0.04575601856208733,0.07208191647487161,0.07487810005334095,0.0840899425166226,0.019761923228839642,0.9888888888888889,0.9555555555555556,594.7484130859375,0.06624828439185014,601.0650854492187,0.0550429403559703,640.04720703125,-0.00921452647367894,656.1714877319336,-0.03356136779182027,606.2640493650268,601.3842026986281,0,0,1,65.83856295156028,0,0,4.879846666398748,-0.3282259003351591,5.208072566733907,0,626.4763406160598,563.0204855558152,594.7484130859375,0.10669360970800211,1.1209208271531699,17.894150827433926,0.028217559944646024,14.43292422374747,27.817582390969005,16.41860853284988,0,93.76440936032142,94.35861628128582,5726861.857142857,5388375.5,1.0628178858624195,0,1202029397.0,594.047219188999,39090255.9912101,0.13487183201054642,0.29990652538993934,0.25514008025330126,1.1754583015424087,0.2706468910500025,0.8267650097789514,1.1456241525419586,0.8267650097789514,1.2818474604161636,0.030056375350548455,0.0011176907815322501,0.0,0.0,0.0,1.0,1.0,2176.947021484375,-0.0008254015708626383,-0.061483783478834875,0.4270107233086496,0.5353,0.37673757074065495
2025-02-21,634.546547449585,651.4227850913782,633.3056476229826,648.7920532226562,7490723.0,0,1,0.02309010525120292,0.06885264198876517,0.09125050829267756,0.13848963088281985,0.13769686630055644,0.022827562515165465,1.0,1.0,597.0639282226563,0.08663749818881973,600.8953308105469,0.07970892758893895,639.1105755615234,0.015148360911766572,656.1806005859376,-0.011259929593596167,612.8068191892775,604.8958953300375,0,0,1,70.0814467988182,1,0,7.910923859239915,1.319604051579856,6.591319807660059,0,636.89335375157,557.2345026937426,597.0639282226563,0.13341762463352355,1.1493707141526377,17.910078444645467,0.027605267906231554,15.792729915877278,30.558596359672716,15.23229248839175,0,96.51312501834124,95.79334187973603,6259230.428571428,5284276.1,1.1845010196517605,0,1209520120.0,597.2809165159938,39263217.57368771,0.14931664937412853,0.2931160103691355,0.25882251279001495,1.1324981247166206,0.2699223583193712,0.8458551008727593,1.1720767348024728,0.8458551008727593,1.31144545319316,0.027924413343851456,0.0006261494608468772,0.0,0.0,0.0,1.0,1.0,2131.09033203125,-0.021064678653436975,-0.09362847716701128,0.4151163438117293,0.4605,0.3260757298791011
2025-02-24,637.3261764647153,643.1832481171498,631.6180370337619,637.2269287109375,5931712.0,0,1,-0.01782562602959281,0.024908222530863,0.065394288175054,0.09923798022381014,0.13862538398778446,-0.017986416156768655,0.9555555555555556,1.0,599.7939086914063,0.06240980356269423,600.6650207519531,0.06086904796489356,638.2230847167968,-0.0015608272870627658,656.1318878173828,-0.028812742464525656,616.5637591156867,607.2907866915857,0,0,1,63.385215748986944,0,0,9.272972424100999,2.9102777260840846,6.362694698016915,0,642.8138917352852,556.7739256475273,599.7939086914063,0.14344921620740467,0.9350654901624531,17.857502569234676,0.028023772638358316,16.90685137231157,28.459383331598417,14.860945653286619,0,80.05584029204039,90.1111248902344,6475886.142857143,5225690.0,1.2392403955950588,0,1203588408.0,599.7783222113319,39157481.09386046,0.23675343650524275,0.2925662949232735,0.26057237855957455,1.1227832226138437,0.2692848245697934,0.830777204169378,1.1511837332498975,0.830777204169378,1.288068116986329,0.01814928177436485,-0.017672652895466327,0.0,0.0,1.0,1.0,1.0,2113.156982421875,-0.008415105328867911,-0.057713745864735655,0.37524024623893226,0.4107,0.32109737745410616
2025-02-25,631.3698712660246,633.8020471964546,612.6074404779249,614.9403686523438,10249548.0,0,1,-0.03497429103267469,-0.030291133557044048,0.02185751558748139,0.03138538286786874,0.04831614351525504,-0.03560053658110995,0.7,0.9333333333333333,602.0573120117188,0.021398389129396102,600.2679333496094,0.02444314361565072,637.2070361328125,-0.034944164483186484,655.7834603881836,-0.06228136908433651,616.3140067367109,607.8574223923827,0,0,1,52.896310482283766,0,0,8.456584344328235,4.019539049732915,4.43704529459532,0,643.1235208198536,560.9911032035839,602.0573120117188,0.13641959989129923,0.6568571462344605,18.34050154521881,0.02982484559504924,16.44934968381686,25.73062381803299,20.83987070829253,0,47.38732001836374,74.65209510958182,6300758.714285715,5283791.7,1.1924691721450174,0,1193338860.0,603.1483465366103,38799010.41915509,0.35913651579577205,0.28569264578872244,0.2697188641490628,1.0592238206625086,0.2664663019951639,0.8017213604474464,1.1109218983311349,0.8017213604474464,1.2430188477929398,0.03446611703989801,-0.009191478233290164,1.0,1.0,1.0,1.0,1.0,2127.84326171875,0.006949923464769414,-0.010591505499068843,0.3100722337401649,0.1562,0.1434614845952354
2025-02-26,631.3698712660246,633.8020471964546,612.6074404779249,614.9403686523438,10249548.0,0,1,0.0,-0.05217647842966888,0.014078883335740588,0.04030571938854055,0.04716436159576021,0.0,0.6555555555555556,0.9333333333333333,603.8119476318359,0.01843027628743316,599.9989074707031,0.0249024806472172,636.13390625,-0.03331615779229854,655.479697265625,-0.06184681048458646,616.1026778006544,608.3820850783057,0,0,1,52.89631048228377,0,0,7.72059272234867,4.759749784256066,2.960842938092604,0,643.8689821518727,563.754913111799,603.8119476318359,0.13268049655904104,0.6389072001191368,18.544366200455304,0.03015636498396701,16.024526687357483,23.6300611282625,19.138572862618044,0,47.38732001836374,58.27682677625598,7126394.285714285,5479105.933333334,1.3006491154623083,0,1193338860.0,605.70184844516,38799010.41915509,0.3579929585498066,0.2857262430275029,0.2694839829789755,1.0602717084294933,0.2714817845879975,0.8017213604474464,1.1109218983311349,0.8017213604474464,1.2430188477929398,0.03446611703989801,0.026717228939915696,1.0,1.0,1.0,1.0,1.0,2127.84326171875,0.0,-0.042204390851427576,0.30960972462840164,0.1563,0.14371164503582995
2025-02-27,620.5491974314388,629.2851811955265,614.9899901186697,627.349365234375,7263151.0,0,1,0.020179186819733186,-0.015500856965577459,0.03352687991481207,0.04041817990599039,0.04870575518861564,0.019978285220102806,0.8444444444444444,0.9444444444444444,606.0008972167968,0.035228442920837384,600.0505297851563,0.04549422772610975,635.1590551757813,-0.012295644496865371,655.2762280273438,-0.04261845859575947,617.8329374058422,609.7870687935701,0,0,1,57.443765151761625,0,0,8.045868612272102,5.416973549859273,2.6288950624128287,0,646.1850712915617,565.816723142032,606.0008972167968,0.13262084019782894,0.7656327834169014,18.244398082078696,0.029081719203242786,15.630048190645203,22.30296571854547,18.06372535982689,0,65.28280583835148,53.35248195835968,7741582.0,5555897.3,1.3933990464510566,0,1200602011.0,607.559361587659,38945574.900084026,0.37353691563610636,0.2865161325754146,0.2716937836721491,1.0545553479469796,0.27021311503442075,0.817899445557286,1.1333393988596914,0.817899445557286,1.268101957343003,0.02278665105768661,0.009120931174817626,1.0,1.0,1.0,1.0,1.0,2108.961181640625,-0.008873811533878229,-0.04925014151232565,0.3038869926292106,0.1147,0.10780008345977608
2025-02-28,625.413504419721,631.9654311820793,614.9403221384736,629.7318115234375,13041185.0,0,1,0.0037976387975979797,0.024053458880101797,0.01285316508085721,0.06434552070787691,0.028119841352564956,0.003790445972130078,0.6111111111111112,0.9,607.988818359375,0.03576215961131447,600.2828247070313,0.04905851975821367,634.0372814941406,-0.006790562789237073,655.1021911621094,-0.038727361900082316,619.6635334239338,611.2644571439307,0,0,1,58.27661013818151,0,0,8.3990762800031,6.013394095888039,2.385682184115062,0,648.7639034330268,567.2137332857233,607.988818359375,0.13413103610583216,0.7666210643679617,18.15730600790206,0.0288333949081851,15.437836968073512,21.863609223030444,16.853913673591368,0,68.7186222237422,60.462916026819165,8732914.857142856,5776792.566666666,1.5117238080407545,1,1213643196.0,609.9692920134086,38995100.61020668,0.3485613961034356,0.2789310534981198,0.2718706946737685,1.0259695471511683,0.27088172377729075,0.8210055322242682,1.1376434125316472,0.8210055322242682,1.2583556974917212,0.02703549150934409,-0.0030857779124886455,1.0,1.0,1.0,1.0,1.0,2094.025146484375,-0.007082176422342101,-0.03888486298008964,0.3032573335519067,0.1341,0.12284621989223343
2025-03-03,629.8311449912833,638.8152478585438,616.1812465327674,631.9158325195312,5368388.0,0,1,0.0034681763825941125,0.027605056900703362,-0.0035222651217696743,0.06830575973279229,0.029766146719741204,0.0034621761281753115,0.4888888888888889,0.9,611.0910675048829,0.03407800591764008,600.3304748535156,0.052613283831247526,632.9805310058593,-0.0016820398640637528,654.9163720703125,-0.03511981152352667,621.5485025155642,612.7941886532345,0,0,1,59.06744928949104,0,0,8.754313862329695,6.56157804917637,2.192735813153325,0,648.9951830789697,573.186951930796,611.0910675048829,0.12405390158573702,0.7747032175694034,18.477069959178795,0.02923976423491131,15.692949024112314,22.598576973120345,15.379222899430408,0,71.86828194906977,68.62323667038784,8513465.0,5855899.733333333,1.4538269758170723,0,1219011584.0,613.6778048003083,39013719.12668088,0.326343385256464,0.2790163318639938,0.2719879691387034,1.0258407118062867,0.27671455148108104,0.8238529242211075,1.1415889605468033,0.8238529242211075,1.2398549080596348,0.03581806335747535,0.0001577393201805628,1.0,1.0,1.0,1.0,1.0,2115.10546875,0.010066890696616815,-0.028407467946651166,0.2990785124319374,0.1377,0.12798393818180212
2025-03-04,623.4281086455228,639.1626951130686,619.5564767281178,636.978759765625,4430660.0,0,1,0.008012027845397007,0.015349333345786587,-0.018208135254358715,0.0713808714412969,0.04341825542534483,0.007980101964293072,0.4444444444444444,0.9,613.9550659179688,0.037500617106614814,600.6124084472656,0.060548784552046805,632.1337414550782,0.007664546270531802,654.7388409423828,-0.027125443102161553,623.9223882463428,614.5856383652634,0,0,1,60.91683648326207,0,0,9.336749881079413,7.116612415556979,2.220137465522434,0,650.5037422501603,577.4063895857773,613.9550659179688,0.11905977606861141,0.8149730189732934,18.557723418162514,0.02913397524430923,15.951788976167188,21.026925180530288,14.218641799649745,0,78.13681211355905,72.90790542879037,8076313.142857143,5885927.166666667,1.372139497171342,0,1223442244.0,615.6525910658869,39049217.69797437,0.2921253155350566,0.2790974057499261,0.27255251696234256,1.0240133125921116,0.27886698881302235,0.8304536567904788,1.150735403086702,0.8304536567904788,1.2497886601072608,0.030780019089121393,-0.013431731628192927,1.0,1.0,1.0,1.0,1.0,2142.779296875,0.013083899849852365,0.005484969204758494,0.29749936257557935,0.1367,0.1277075250147407
2025-03-05,633.3552865537322,657.6769237333034,633.3552865537322,652.5643920898438,7876653.0,0,1,0.024468056564324714,0.03625762610145111,0.024069076003948586,0.09103734427131194,0.07156244280935864,0.024173508673707187,0.7333333333333333,0.9666666666666667,616.7719085693359,0.05803196128619428,601.2060546875,0.0854255159307057,631.3817559814453,0.03354964869941692,654.5207904052735,-0.0029890545023304044,628.3288503761122,617.3988793818991,0,0,1,66.00826645342086,0,0,10.929970994213136,7.879284131288211,3.050686862924925,0,656.1427502547933,577.4010668838785,616.7719085693359,0.12766742822896082,0.9545557319610044,18.96943154397742,0.029069057052328023,17.222609503560292,26.072688313683443,12.916469157780266,0,92.93064589660106,80.97857998641,8354161.857142857,6000947.233333333,1.3921405292048183,0,1231318897.0,618.3426779515862,39241944.089115925,0.3080986434090358,0.2864627169798762,0.27722123327551157,1.0333361322838504,0.28503924475445913,0.8507732438388786,1.1788916620199985,0.8507732438388786,1.2803685597362169,0.03727086165654999,-0.005688530671299094,1.0,1.0,1.0,1.0,1.0,2243.734130859375,0.04711396742147267,0.06179245059581251,0.33151336858056074,0.2215,0.19068573314532833
2025-03-06,660.1091131717767,682.5941826731635,657.0316451107444,676.9853515625,10993614.0,0,1,0.03742306471005552,0.07132202854179281,0.10089593409866593,0.12495878413842232,0.12116727170616692,0.03673981587680369,1.0,0.9777777777777777,621.0654235839844,0.09003870744537391,602.2623095703125,0.12407059316977531,630.8571038818359,0.07311996234460137,654.4749380493164,0.03439461498751445,635.8144659432487,621.8126921360176,0,1,1,72.13387945678255,1,0,14.001773807231075,9.103782066476784,4.897991740754291,0,666.8601579361251,575.2706892318437,621.0654235839844,0.1474715307378501,1.1105497582813424,19.759457189644728,0.029187422067611036,19.376708024092082,32.24972513198746,11.51432370061181,0,94.23178751678458,88.43308184231493,8460457.0,6139853.733333333,1.3779574184427368,0,1242312511.0,623.3344151053718,39653358.8172353,0.21526955596037903,0.30125654056008566,0.2873788038384331,1.0482907456510075,0.2915564688364402,0.8826117859966448,1.2230094009739179,0.8826117859966448,1.328283875199946,0.03775936584657265,0.01156164996648209,1.0,0.0,0.0,1.0,1.0,2250.7275390625,0.0031168613548908652,0.057750624566440534,0.3314556932476724,0.2299,0.20857120408746832
2025-03-07,673.6597155129718,689.5432342810072,673.6597155129718,686.31689453125,8142832.0,0,1,0.013783965852750768,0.07745648345288436,0.11607064606171424,0.13178367448206174,0.13914968208584666,0.013689831043044555,1.0,1.0,625.2323638916016,0.09769892629908518,603.7305419921875,0.13679339837031343,630.2401281738281,0.08897682621369868,654.5043682861328,0.0486055216536149,643.5840703414028,626.5907812023312,0,1,1,74.0576817813319,1,0,16.993289139071635,10.681683480995755,6.31160565807588,0,678.6322140465978,571.8325137366054,625.2323638916016,0.17081601413791916,1.0719541390317289,19.48260444524406,0.028387184696291867,21.59575075391777,32.919428958216706,10.843806217350892,0,96.5016137398797,94.55468238442181,8159497.571428572,6257652.466666667,1.3039230949453768,0,1250455343.0,627.6136294328231,39765599.33546799,0.19312349446652877,0.30201582965157153,0.2878561969144588,1.0491899527920203,0.29101821403661204,0.8947776767160579,1.2398673207945357,0.8947776767160579,1.301475351329172,0.0231431265856915,-0.004912419510780405,0.0,0.0,0.0,1.0,1.0,2245.382568359375,-0.002374774649690048,0.05523870519752627,0.32097853768711637,0.2195,0.20615505175215754
2025-03-10,684.7781661425706,704.1362039449543,681.5022026326376,684.1329345703125,10707412.0,0,1,-0.0031821451261652145,0.04837613400781837,0.09051347220973671,0.1270749864379972,0.17422048686297154,-0.003187218916517854,0.9666666666666667,1.0,629.85595703125,0.0861736353100326,605.4787231445313,0.12990417073170382,629.7393017578125,0.08637484219369694,654.490305480957,0.04529116602815442,649.8223571458504,630.8531629332928,0,1,1,72.79108602683905,1,0,18.96919421255768,12.339185627308142,6.63000858524954,0,686.9053858034692,572.8065282590308,629.85595703125,0.18115071592277968,0.9757013234591158,19.707704221463537,0.028806834498972738,24.06810658335982,35.5079690979653,9.954238500961065,0,80.38932534963222,90.37424220209887,8651534.857142856,6517260.833333333,1.3274802218891588,0,1239747931.0,632.9594611999134,39731526.79655834,0.21969697049371345,0.2810505025304933,0.2865426606781271,0.9808330175526528,0.2926670627291596,0.8919303642930945,1.2359218830425778,0.8919303642930945,1.289849471423761,0.03308421531632973,-0.002242008612843948,0.0,0.0,1.0,1.0,0.0,2226.20068359375,-0.008542813610439959,0.055591114229006644,0.3143687751835042,0.1595,0.14256393888982685
2025-03-11,679.0204274268737,693.9112262739542,671.8728318621119,690.4367065429688,5262297.0,0,1,0.009214250117362877,0.01986949193128429,0.09639801246926827,0.11049019711785957,0.2119892503474845,0.009172057896494215,0.9777777777777777,1.0,634.8021850585938,0.0876407214622927,607.3261755371094,0.13684661447756263,629.4936041259766,0.09681290169994479,654.7392276000977,0.05452167433699938,656.0707185915609,635.2667587562318,0,1,1,74.16457155887346,1,0,20.803959835329124,14.032140468912338,6.771819366416786,0,694.9248722873035,574.679497829884,634.8021850585938,0.18942180302407213,0.9626749405988662,19.87418209220488,0.028784944230029905,25.51184978865805,32.695495306181655,12.626627516767547,1,85.03257677361671,87.3078386210429,7540265.142857143,6484308.566666666,1.1628479837647985,0,1245010228.0,636.2471476367297,39780014.91730819,0.2131364814350152,0.26849723131414316,0.28310195799387106,0.9484117779219172,0.2896511979558756,0.9001488337569615,1.2473099763984539,0.9001488337569615,1.3017344670672077,0.031919499938218854,-0.007472973285009134,0.0,0.0,1.0,0.0,0.0,2248.4794921875,0.010007547279064388,0.07375954675732332,0.31385936182636737,0.2055,0.1757576245298186
2025-03-12,694.9039513551955,696.8893912162104,678.8218763628121,684.8278198242188,5219333.0,0,1,-0.008123679789323268,-0.002169660573558052,0.08373265011215247,0.07991545639733943,0.1810478363457535,-0.008156856677092402,0.9333333333333333,0.9888888888888889,639.3165771484375,0.07118733394772327,609.2500671386719,0.1240504626294027,629.2230883789063,0.08837045631712162,654.732094116211,0.04596647388827399,660.4948880119697,638.9379484649716,0,1,1,70.74276263581532,1,0,21.556939546998137,15.5371002845295,6.019839262468638,0,700.2633655323106,578.3697887645645,639.3165771484375,0.19066231210745624,0.8733686702991542,19.745134432290126,0.02883226098694165,26.9511821898551,31.63588578978416,11.80135447476525,1,78.90457230126258,81.44215814150385,7518971.571428572,6504346.4,1.1559918720547497,0,1239790895.0,639.1362726083538,39737614.72730234,0.2444172302675656,0.2695031534504246,0.2827860066764915,0.953028604978808,0.2891496991873241,0.8928363128687872,1.2371772295521646,0.8928363128687872,1.2730359716286226,0.026382565559377888,0.006470172819452756,0.0,1.0,1.0,1.0,0.0,2239.687744140625,-0.00391008593915243,0.058901211892876226,0.31093237895250897,0.1934,0.16760507626826818
2025-03-13,685.1752485590036,687.90522813045,668.34863508229,672.4187622070312,4877884.0,0,1,-0.018119967177111285,-0.01712265521998091,0.055637651802465715,0.03641645865885268,0.15224965608457586,-0.018286144258703063,0.8777777777777778,0.9666666666666667,643.0318298339844,0.0457005874509103,610.8056579589844,0.10087186234313529,629.0905596923828,0.06887434860862535,654.7505169677735,0.0269846984177752,662.3293301958254,641.4180087421612,0,1,1,63.736385524861596,0,0,20.911321453664186,16.611944518356438,4.299376935307748,0,702.4428753037283,583.6207843642404,643.0318298339844,0.18478415130735434,0.7473187615256884,19.73166719056655,0.029344313840682753,27.39430773523205,29.39622946861116,14.757189859603287,1,65.34702257902963,76.42805721796967,7582860.714285715,6513450.8,1.164184845655964,0,1234913011.0,641.6339233211344,39649227.629328586,0.3038337526998757,0.27818140361159893,0.2852985672442521,0.9750536299519514,0.28742715599839525,0.8766581481850718,1.21475961876041,0.8766581481850718,1.2267835225986947,0.029083949091442445,0.0005073227528549824,1.0,1.0,1.0,1.0,0.0,2219.00732421875,-0.009233617487963808,0.035574371777308045,0.30097257709540326,0.2178,0.2012490344435402
2025-03-14,685.1752485590036,687.90522813045,668.34863508229,672.4187622070312,4877884.0,0,1,0.0,-0.026096446155294606,0.030425150924345834,0.055226532198324074,0.13974422426196886,0.0,0.7333333333333333,0.9555555555555556,646.563427734375,0.03998886012352424,612.5171057128906,0.09779589163379016,629.0766607666015,0.06889796449865493,654.7548742675781,0.02697786398186396,663.8815505052416,643.7143608506701,0,1,1,63.736385524861596,0,0,20.16718965457153,17.322993545599456,2.844196108972074,0,704.0162725050816,589.1105829636683,646.563427734375,0.1777175828581191,0.7250135269702006,19.719161894680372,0.02932571635859416,27.80578145593922,27.313809405982184,13.711794964163497,1,65.34702257902963,69.86620581977398,7154465.142857143,6551014.766666667,1.0921155573119747,0,1234913011.0,646.0654228891226,39649227.629328586,0.2827936242617057,0.27786960563554447,0.2842285047064502,0.9776275110848816,0.2895887088533651,0.8766581481850718,1.21475961876041,0.8766581481850718,1.2267835225986947,0.029083949091442445,0.01897104463608765,1.0,1.0,1.0,1.0,0.0,2219.00732421875,0.0,-0.011020381737988916,0.29717287415328253,0.2098,0.19618571533730988
2025-03-17,673.3122676494933,682.4949266627742,672.9151554558367,675.7940673828125,4033068.0,0,1,0.0050196475254538075,-0.013191275500059274,-0.0017596897435638859,0.09895869881470154,0.1858723215023963,0.005007091096515635,0.4222222222222222,0.9888888888888889,650.0329864501953,0.039630421024166,614.6345776367187,0.09950544920732107,628.956044921875,0.07446946863632646,654.7956024169922,0.032068732423233166,665.7142454094834,646.0906354086065,0,1,1,64.8350500650526,0,0,19.62361000087685,17.783116836654937,1.8404931642219147,0,705.6250050253037,594.4409678750868,650.0329864501953,0.17104368465574124,0.7316976572618273,19.0303763633277,0.028160022826225393,28.187864196595875,26.280805155180243,13.193216897165517,1,69.03472144868289,66.57625553558074,6160101.428571428,6413132.266666667,0.9605448901451153,0,1238946079.0,648.4047568357491,39669472.20913477,0.17234892224581,0.2520384767713988,0.2821510112127351,0.8932751142308252,0.2847201629487985,0.8810586630892779,1.220857283874742,0.8810586630892779,1.2329415434721749,0.014175577545446112,0.001328793145999268,1.0,1.0,1.0,1.0,0.0,2250.577392578125,0.014227113184716478,-6.67102000437847e-05,0.29853955408799626,0.1799,0.1522728859694445
2025-03-18,675.7940673828125,675.7940673828125,675.7940673828125,675.7940673828125,0.0,0,1,0.0,0.0050196475254538075,-0.01533231548324998,0.09895869881470154,0.16576759739244462,0.0,0.3888888888888889,0.9555555555555556,653.4727600097656,0.03415797679571731,616.5455639648437,0.0960975260886756,628.8284808349609,0.07468743541242036,654.8533575439453,0.031977708593273736,667.2649872515341,648.2908896289181,0,1,1,64.8350500650526,0,0,18.974097622616,18.02131299384715,0.9527846287688497,0,706.2977505410845,600.6477694784467,653.4727600097656,0.1616746519947656,0.7112760186848784,17.671063765947153,0.02614859262435215,28.542655312919912,26.28080515518024,13.193216897165515,1,68.22483730399921,67.53552711057061,,,,0,1238946079.0,649.3382010392932,,0.14289530202837591,0.25017350367884666,0.28109084907539783,0.8900094204480555,0.28090168133970156,0.8810586630892779,1.220857283874742,0.8810586630892779,1.220857283874742,0.0,0.0,1.0,1.0,1.0,0.0,0.0,2250.577392578125,0.0,0.0023135586300313538,0.29390076082910516,0.1594,0.13601906400384914
2025-03-19,697.8820932345994,697.8820932345994,685.473094421751,693.4644775390625,5462686.0,0,1,0.026147625451468093,0.03129852484031592,0.013639955770600176,0.10538802773792111,0.1630869627884961,0.025811620853824255,0.5444444444444444,0.9444444444444444,657.0589599609375,0.055406774424458544,618.7672705078126,0.12071938932701971,628.9292419433593,0.10261128167024414,654.9947760009766,0.05873283718835121,671.295678065,651.6370813259658,0,1,1,70.29858910043059,1,0,19.658596739034124,18.348769742884546,1.309826996149578,0,710.5476924632336,603.5702274586414,657.0589599609375,0.1628125807932854,0.8403101538867296,17.98656105779285,0.025937249333408973,29.807310566037014,32.747186504619606,12.035955591442855,1,88.03562878716173,75.09839584661465,,,,0,1244408765.0,652.50821724597,39812308.476621754,0.2197854583718512,0.2484170867919515,0.2855007103658823,0.8701102231009988,0.27649850146632327,0.9040962550125076,1.2527798028631953,0.9040962550125076,1.2527798028631953,0.017894209746525197,0.03268455128250613,1.0,0.0,0.0,0.0,0.0,2316.46533203125,0.029276015866154248,0.04054650108712843,0.30500171608912685,0.198,0.16166401524138088
2025-03-20,697.385712223069,704.682179068366,692.5213605989959,700.8106079101562,4670064.0,0,1,0.010593376602596072,0.03701799369773506,0.015025130137025666,0.11287153528859539,0.18557395282869726,0.01053765992840354,0.5777777777777777,0.9777777777777777,660.3920166015625,0.06120393689280415,621.0842785644531,0.12836636201769433,629.1267932128907,0.11394176097823326,655.139365234375,0.06971225528394631,675.8364365027163,655.2795647766466,0,1,1,72.23025753741149,1,0,20.556871726069744,18.790390139521588,1.7664815865481565,0,716.1303871469574,604.6536460561676,660.3920166015625,0.1688038896418816,0.8625742097687953,17.57043658719123,0.025071590510861327,31.2157602578511,33.89268203836173,11.44093390614694,1,95.62538941987701,83.96195183701268,,,,0,1249078829.0,655.1865311663331,39861780.22333198,0.22181727763872688,0.24545742421200573,0.2860631463935941,0.8580532910530216,0.2744589335278286,0.9136736871268517,1.2660509711150512,0.9136736871268517,1.2660509711150512,0.017352503418340336,0.005654557386878794,0.0,0.0,0.0,0.0,0.0,2337.095947265625,0.008906075540653369,0.03941172485051747,0.30560944714035104,0.1961,0.15782854742562552
2025-03-21,709.7947516698099,709.7947516698099,689.1461891939423,690.2877807617188,7595841.0,0,1,-0.015015222414821894,0.021446937874191274,0.007972749908000898,0.09237297949863188,0.14479745460990578,-0.015129092157711565,0.4888888888888889,0.9111111111111111,662.4668029785156,0.04199603309647715,623.4846752929687,0.10714474327273553,629.1709692382813,0.09713863879865565,655.2170278930664,0.05352539902912291,678.0597202348705,657.8727659607259,0,1,1,65.64440905108705,0,0,20.18695427414457,19.069702966446187,1.1172513076983819,0,719.4621694783559,605.4714364786753,662.4668029785156,0.17207010598443143,0.7440635045594548,17.790302722096687,0.02577229847885391,32.69323779678346,33.135536396615095,10.492428250189922,1,78.38281935166017,87.34794585289967,,,,0,1241482988.0,658.0717533521804,39747726.98128936,0.238700443329562,0.24880523519406247,0.2852030953508503,0.8723791545389364,0.27507568702398905,0.8999546735000717,1.2470409341952575,0.8999546735000717,1.2470409341952575,0.029912976951558277,0.012819645790529206,0.0,0.0,0.0,0.0,0.0,2360.573974609375,0.010045812355808037,0.05397459122817794,0.3052187694054627,0.1534,0.12526214960189816
2025-03-24,699.7185927783793,700.6120649189586,690.0395738156307,696.3930053710938,4296847.0,0,1,0.008844462816128607,0.004223039430114595,0.03565373917493564,0.09327508130307227,0.17701339261536408,0.0088055796538117,0.7777777777777778,0.9555555555555556,665.4251068115234,0.04653851837355121,626.219619140625,0.11205874757927453,629.4409893798828,0.10636742303225472,655.3252166748047,0.06266779860032208,680.8802256404433,660.7261170281605,0,1,1,67.4961541924745,0,0,20.154108612282812,19.286584095613513,0.8675245166692989,0,723.0429874170844,607.8072262059624,665.4251068115234,0.17317615465892197,0.7687351411931445,17.27474474932749,0.024806028515639855,34.06518122579207,31.686992505184683,10.033744175601136,1,82.4675038236272,85.49190419838816,,,,0,1245779835.0,660.185587987655,39785730.28480745,0.1980024767380709,0.2388748207642148,0.2791457166087692,0.8557352183877669,0.27208578074482725,0.9079142891460443,1.2580703413679377,0.9079142891460443,1.2580703413679377,0.015181788188257387,0.013662145382689249,0.0,0.0,0.0,0.0,0.0,2366.46826171875,0.0024969719961223102,0.06645356051355833,0.2986490463038208,0.1018,0.08159613962668809
2025-03-25,695.3506504722158,699.2222216408643,678.2758564571445,688.401611328125,4552278.0,0,1,-0.01147540825558735,-0.017706633492656998,0.023769189706477567,0.05491752181499243,0.16379962100164724,-0.011541758841346091,0.6444444444444445,0.9222222222222223,669.0981689453125,0.02884994053001243,628.2556872558594,0.09573478647678521,629.4002880859375,0.09374212938735026,655.4173846435547,0.05032552913210966,682.0373619000866,662.7761536429728,0,1,1,62.730034957716384,0,0,19.26120825711382,19.281508927913578,-0.02030067079975595,0,722.3671567634289,615.8291811271962,669.0981689453125,0.15922622506076584,0.6811883721981248,17.53700335178408,0.025474959766509188,34.12880507141303,28.98361764170589,13.969101589395212,1,59.454357908709525,73.43489369466566,,,,0,1241227557.0,664.3491554362007,39733491.036264524,0.2210264908670488,0.2434075520847458,0.2806411036579653,0.8673268060597483,0.27357928746048227,0.8974956020170121,1.2436334705864944,0.8974956020170121,1.2436334705864944,0.03042753654121784,-0.0014967911665375482,0.0,0.0,0.0,0.0,0.0,2318.163818359375,-0.02041203938407854,0.04468506843506481,0.3027390763312039,0.1489,0.11997697314631652
2025-03-26,689.9403487947786,697.2865004858983,685.4731091263232,686.2672729492188,3646226.0,0,1,-0.0031004261811481415,-0.005824393715999743,0.01549762874800975,0.013710667986088332,0.15428280403652916,-0.003105242459988183,0.5666666666666667,0.9,672.6645141601563,0.02022220364344025,630.2361645507813,0.08890494000510943,629.2325183105469,0.09064177864139461,655.579573059082,0.046810030622127255,682.6881174461068,664.5162365545466,0,1,1,61.481344923671706,0,0,18.17188089156025,19.05958332064291,-0.8877024290826618,0,719.8725943916653,625.4564339286472,672.6645141601563,0.14036144091962355,0.6440723571299063,17.128173923769154,0.024958459479148987,34.1878843566325,27.555749566645034,13.280918546017013,1,43.23357492152677,61.71847888462119,,,,0,1237581331.0,668.7826132210657,39722186.18171174,0.22382284862517549,0.2445537095475603,0.278305147559353,0.8787250674025185,0.2697693801735335,0.8947129831550532,1.239777676814536,0.8947129831550532,1.239777676814536,0.017213980361918364,0.0022352322268464203,0.0,0.0,0.0,0.0,0.0,2310.42138671875,-0.0033398984054994196,0.026590507101855954,0.3001506250049843,0.1524,0.12448310017604351
2025-03-27,685.9198157625078,692.8192310724038,684.1825559660282,688.3023071289062,5002247.0,0,1,0.002965366789154933,-0.011618006182983032,0.018508951690764608,0.002892851120927631,0.15078838246256576,0.0029609787616582286,0.5777777777777777,0.8777777777777778,675.7121612548829,0.01863240976844623,632.0379516601563,0.08902053321475704,629.681724243164,0.09309557611220227,655.6823489379883,0.04974963599943271,683.5518389357683,666.2781677082029,0,1,1,62.25288066165861,0,0,17.273671227565387,18.702400902027406,-1.4287296744620193,0,718.2406118594639,633.1837106503018,675.7121612548829,0.12587741657808954,0.6480202746049161,16.521638293955327,0.02400346202945551,34.10784289956463,26.526838908109113,13.342968503853044,1,48.14364695539322,50.27719326187653,5032312.714285715,,,0,1242583578.0,672.3182260517387,39737019.67883669,0.22330664872785913,0.2445811968320377,0.27785691553814057,0.8802415313592034,0.26563449264973144,0.897366135321127,1.2434540723632974,0.897366135321127,1.2434540723632974,0.012547793341564547,-0.0005063000967796941,0.0,0.0,0.0,0.0,0.0,2361.12353515625,0.021944978837608042,0.049119014055095445,0.2736078747287428,0.169,0.15142301213748782
2025-03-28,685.4730723126846,692.3724875482594,674.3545976168218,677.481689453125,4362212.0,0,1,-0.015720734281593485,-0.015862719806730707,-0.023047738714254806,-0.00972215308032931,0.12578355777447014,-0.01584561557096856,0.3,0.8111111111111111,678.0996551513672,-0.0009113198827748166,633.337421875,0.06970102516196747,629.99939453125,0.0753687945322616,655.6915393066406,0.03323231861360654,682.6179697845924,667.1080582078268,0,1,1,55.847384181665106,0,0,15.509911576765603,18.06390303697505,-2.5539914602094456,0,714.7088699905688,641.4904403121656,678.0996551513672,0.10797591345487301,0.491559970611819,16.628513410918345,0.024544594591687296,33.05497247589595,24.473748997062284,16.53191303680262,1,22.035971335334008,37.80439773741803,4875102.142857143,,,0,1238221366.0,678.1505631568248,39668442.50310471,0.1765931560664934,0.2516419277228825,0.27854688734386035,0.9034095843700303,0.2627561767906005,0.8915670752460737,1.2239060613003088,0.883258880754443,1.2239060613003088,0.026595390269487502,-0.004110453774335185,0.0,0.0,0.0,0.0,0.0,2313.6181640625,-0.020119816005563784,-0.0012291001852609007,0.2509262489346829,0.251,0.2523003998287529
2025-03-31,685.4730723126846,692.3724875482594,674.3545976168218,677.481689453125,4362212.0,0,1,0.0,-0.012801985235778357,-0.033288477933573146,-0.018763511509563013,0.11721381477468484,0.0,0.2222222222222222,0.7888888888888889,680.3779479980469,-0.004256837767073301,634.6140588378906,0.06754913481389593,630.2684216308594,0.07490977844026882,655.6970281982422,0.033223669344276056,681.8277728105205,667.8764753371082,0,1,1,55.847384181665106,0,0,13.951297473412296,17.241381924262498,-3.290084450850202,0,709.863853447187,650.8920425489068,680.3779479980469,0.08667507680370833,0.45088740703727676,16.727754590955435,0.024691079997244455,32.07730708248932,22.59079917409849,15.259988464493041,1,22.035971335334008,30.738529875353777,4831123.285714285,,,0,1238221366.0,680.6711575314955,39668442.50310471,0.1513491725709558,0.2516422626423643,0.27068551309310757,0.9296480619404519,0.25882567384807864,0.8915670752460737,1.2239060613003088,0.883258880754443,1.2239060613003088,0.026595390269487502,0.011795717853290477,0.0,0.0,0.0,0.0,0.0,2313.6181640625,0.0,-0.01004570789256376,0.23377152692156175,0.2536,0.27361537569782013
2025-04-01,667.1077860169491,678.1269528889386,657.130962942448,658.9178466796875,5131883.0,0,1,-0.0274012465022081,-0.042691213068555944,-0.045444718791654015,-0.037834288261218485,0.08553438313374517,-0.027783662631829454,0.16666666666666666,0.7777777777777778,681.47490234375,-0.03310034688949454,635.5829541015624,0.03671415733782607,630.388540649414,0.04525670152709807,655.6084643554688,0.005047802925290497,678.3031687903924,667.2128732143364,0,1,1,46.35681735078686,0,0,11.090295576056064,16.01116465462121,-4.920869078565147,0,705.2400633921561,657.709741295344,681.47490234375,0.06974625467987794,0.025417572005567227,17.03262854492223,0.02584939629538083,29.878070362080035,20.601691742141444,21.139312959475244,1,3.3930026312578514,15.821648433975318,4479129.285714285,,,0,1233089483.0,681.8798976348337,39527822.51200122,0.1990287883463093,0.2676389700235334,0.27598533292076727,0.9697579476093752,0.2623093098819212,0.8671370260440033,1.1903695096190725,0.8590564864376261,1.1903695096190725,0.03186435160663833,-0.015312448436133892,0.0,0.0,0.0,0.0,0.0,2333.0498046875,0.008398810541355717,-0.011659948054129399,0.23443928767733055,0.2082,0.23793506313417634
2025-04-02,663.831812864782,664.1296167182417,647.9979182553545,656.3864135742188,8357384.0,0,1,-0.0038418038276315514,-0.031137780116145652,-0.057448296419284506,-0.023842803820926517,0.05572411038977099,-0.0038492025115638797,0.08888888888888889,0.7222222222222222,681.6660034179688,-0.03708500895892511,636.5310021972656,0.03119315682726137,630.7320220947265,0.04067399558102558,655.560544128418,0.0012597912629088868,674.9313602955964,666.4109132409943,0,1,1,45.228110864152065,0,0,8.520447054602073,14.513021134617386,-5.992574080015313,0,704.4953610249743,658.8366458109633,681.6660034179688,0.0669810654852549,-0.053664064467426886,16.968276396205436,0.025851047561767978,28.47000276544417,19.202693352232167,23.548394441764465,1,13.574312558387497,13.00109550832648,5059206.0,,,0,1224732099.0,682.3555664055629,39495715.08216103,0.17016002522500903,0.2604899372811174,0.27623491251164206,0.9430015015576242,0.2585743418910703,0.8638056556982664,1.185796343480722,0.8557561599398783,1.185796343480722,0.024576527071980735,0.007457631038309538,0.0,0.0,0.0,0.0,0.0,2367.16748046875,0.01462363800065547,0.00029546931235491236,0.22969116407839776,0.2711,0.3077158602670405
2025-04-03,653.2097089895482,653.2097089895482,642.8853975594661,647.898681640625,5646497.0,0,1,-0.012930998811165995,-0.04366613632964744,-0.058836192450738456,-0.036465491364229274,0.02168133394867411,-0.013015331973164894,0.07777777777777778,0.6222222222222222,680.211669921875,-0.04750431330435903,637.4125378417968,0.01645111003673224,630.9831811523437,0.026808163820450908,655.418117980957,-0.0114727318852521,670.77248665637,665.0396368261522,0,0,1,41.573092032847164,0,0,5.732849830217788,12.756986873737468,-7.02413704351968,0,707.5559650121371,652.8673748316129,680.211669921875,0.0803993706647306,-0.09085429290801779,16.720614940387378,0.025807453254954964,27.4924972036564,18.0951816651015,24.374256151986557,1,7.49265053865443,8.153321909433288,5215523.0,,,0,1219085602.0,681.5797718069962,39422700.23616678,0.17150815466598615,0.25817029923204177,0.2778868165674761,0.9290483889125168,0.2546683293982363,0.8526357857913537,1.1704628123728877,0.8446903780530478,1.1704628123728877,0.01593507090327545,-0.004839686682989788,0.0,0.0,0.0,0.0,0.0,2408.528564453125,0.017472816911199063,0.0389811735383323,0.23322898949557466,0.2506,0.27759728563960706
2025-04-04,640.3043573271333,640.3043573271333,592.207064414397,595.5823364257812,9393865.0,1,0,-0.0807477259906858,-0.0961204960118417,-0.1321423009634729,-0.11869256453770294,-0.0820135150123582,-0.08419468503790387,0.011111111111111112,0.2222222222222222,675.6749420166016,-0.1185371849839185,637.2745495605469,-0.06542268660111386,630.7111767578125,-0.055697190134812544,654.973147277832,-0.09067671109707019,659.2047712362794,659.8946516113099,0,0,0,27.058272024467257,0,1,-0.6898803750304978,10.067613423983875,-10.757493799014373,0,722.1616963726385,629.1881876605646,675.6749420166016,0.13760094230309566,-0.36145620080722163,19.504257960804566,0.032748214256745505,28.742036426819155,14.404595841823287,37.96246698623028,1,2.87042979598094,7.9791309643409845,6036614.285714285,,,0,1209691737.0,675.1460524459736,38664166.999153286,0.4777855904121524,0.3489050175022993,0.3245670931662644,1.0749858037012008,0.28446334951349744,0.7837873849904203,1.0759506019171143,0.7764835508590515,1.0759506019171143,0.08075674843108777,-0.011721469002315571,0.0,1.0,1.0,1.0,1.0,2332.4501953125,-0.03158707364465041,0.009534541499823579,0.2445692567937835,0.5302,0.742130427146714
2025-04-07,554.9304183993731,565.8503371871961,542.4717959005195,557.7100219726562,13117998.0,1,0,-0.06358871332619598,-0.150332775878526,-0.1897310001777932,-0.17473377040355986,-0.12478585438807177,-0.06570049017680386,0.011111111111111112,0.03333333333333333,669.3537963867187,-0.16679336849470913,636.7762036132813,-0.12416635733555532,629.8251745605469,-0.11450027007607014,654.3570755004882,-0.14769772826848554,643.5901944264913,652.3254197862244,0,0,0,21.26908827024147,0,1,-8.735225359733136,6.307045667240474,-15.042271026973609,0,739.4062341167275,599.3013586567099,669.3537963867187,0.20931363386048854,-0.29685859644422413,21.90470671540865,0.03927615759517875,30.973130084953294,11.909907367701825,47.60592512026409,1,9.107074401164438,6.490051578599965,7196007.285714285,,,0,1196573739.0,659.4018638523927,37830010.38491768,0.5139504892598037,0.39167347003714903,0.34986294022726205,1.1195054548582022,0.2920883617926223,0.7339473536575757,1.0280903563785115,0.7271079609409686,1.0280903563785115,0.041918811507071774,-0.06825574826541883,1.0,1.0,1.0,1.0,1.0,2210.615234375,-0.05223475347184281,-0.06374435667606437,0.2910913841824453,0.6419,0.8451791744057204
2025-04-08,570.8139530013706,580.0958600008058,551.9026506766187,564.2123413085938,8831753.0,0,1,0.011658960893222492,-0.12916578271176393,-0.16719174836439377,-0.18638609534716655,-0.08249259591612379,0.011591518904843083,0.022222222222222223,0.2222222222222222,663.042578125,-0.14905564148819153,636.6670043945312,-0.11380307536879765,629.113890991211,-0.10316343449412708,653.7493322753907,-0.1369592082873128,631.3782170237379,645.7985250841778,0,0,0,24.26510633284596,0,1,-14.42030806043988,2.1615749217044034,-16.581882982144283,0,746.5492637797578,579.5358924702422,663.042578125,0.2518893609846417,-0.09175044513801371,22.353885473178543,0.03961963224932751,32.15883872661084,15.388924699476348,43.31723697124412,1,12.993163614710893,8.323555937285452,7834513.142857143,,,0,1205405492.0,650.8772578834731,37932979.44776328,0.5692062274992293,0.3828331759040048,0.33678115116806806,1.136741692865569,0.29888293136175653,0.7425044171515536,1.040076821638228,0.7355852842227302,1.040076821638228,0.04996914682652603,0.023495957598834032,1.0,1.0,1.0,1.0,1.0,2283.54638671875,0.03299133707651736,-0.012997727028105088,0.3046662026453736,0.6749,0.8293382729231102
2025-04-09,563.6167427225316,563.6167427225316,548.1799598616806,559.89404296875,7009318.0,0,1,-0.007653675794875747,-0.05992167879122212,-0.17356579272171002,-0.20107652959424338,-0.08951490012637986,-0.007683115482211342,0.022222222222222223,0.18888888888888888,656.7958892822265,-0.14753723020309223,636.2679321289063,-0.12003416375962059,628.3594244384766,-0.10895894739051554,653.1352969360352,-0.14275947786728904,620.3806517845089,639.4352301126646,0,0,0,23.622198822068242,0,1,-19.054578328155685,-2.0816557282676147,-16.972922599888072,0,751.3954244173588,562.1963541470943,656.7958892822265,0.2880637247547772,-0.01216872353048856,21.902349471302447,0.03911873995866912,33.33982416783508,14.584310723626423,42.26643846712643,1,10.412347181012494,10.837528398962638,8212671.142857143,,,0,1198396174.0,643.551474861629,37879332.400248095,0.5561053284222824,0.38298028080850954,0.3370673068023146,1.1362130740051934,0.2969220672461699,0.7368215290664124,1.032116410843644,0.7299553529378079,1.032116410843644,0.02757090034214321,-0.0010556284264905218,1.0,1.0,1.0,1.0,1.0,2234.792236328125,-0.02135019050814213,-0.03407041358802432,0.3123959587285611,0.6669,0.7996755461747775
2025-04-10,563.6167427225316,563.6167427225316,548.1799598616806,559.89404296875,7009318.0,0,1,0.0,0.003916051191565018,-0.15028247331578937,-0.18889764736829306,-0.10752433333605749,0.0,0.044444444444444446,0.1,651.1696533203125,-0.14017178147990828,635.7944055175781,-0.11937878328300204,627.5250439453125,-0.10777418627208832,652.5202746582031,-0.1419514998794048,611.0750196590075,633.5432903242265,0,0,0,23.622198822068242,0,1,-22.468270665219052,-6.158978715657903,-16.30929194956115,0,754.8096123541287,547.5296942864962,651.1696533203125,0.31831937654144765,0.0596504900113838,21.440523284841635,0.03829389427177442,34.43645350611474,13.83427959657109,40.09279138288279,1,11.016958031226736,11.474156275650069,8480876.142857144,,,0,1198396174.0,637.0379314116458,37879332.400248095,0.579447026569305,0.37683500076250315,0.3346660089974367,1.1260032110562785,0.2981602722410351,0.7368215290664124,1.032116410843644,0.7299553529378079,1.032116410843644,0.02757090034214321,0.006648936170212844,1.0,1.0,1.0,1.0,1.0,2234.792236328125,0.0,-0.042115503990510006,0.3108100828250448,0.7005,0.8300818818746407
2025-04-11,580.7411460639541,603.5240800661645,571.9059146481939,595.9297485351562,12562852.0,1,0,0.06436165202853839,0.056215373015413794,-0.0921052961926162,-0.1442623002544413,-0.05367691828448018,0.062375231690098315,0.06666666666666667,0.37777777777777777,647.3452026367188,-0.07942509482134247,635.9135327148438,-0.06287613350354197,627.0108154296875,-0.04957022451555561,652.0494030761719,-0.08606656838616839,608.7449779476457,630.7571020435546,0,0,0,39.21009540156301,0,0,-22.012124095908916,-9.329607791708106,-12.68251630420081,0,753.3027803017956,541.387624971642,647.3452026367188,0.32736035498061367,0.25737717285269307,23.02548855716827,0.038637924375762064,33.226491990462584,24.341714786860944,34.66635161365861,1,34.10386439599801,18.51105653607911,9081657.285714285,,,0,1210959026.0,630.8290833937405,38687898.309158124,0.7756593730290354,0.4225576151188377,0.3556620193542157,1.1880875441411651,0.30888979644270764,0.7842445799273206,1.0985451281313068,0.77693648535996,1.0985451281313068,0.05305686701442692,0.03723401482299341,1.0,1.0,1.0,1.0,1.0,2319.212890625,0.03777561641952998,-0.020258215880125996,0.32608580459301745,0.7423,0.9500218465749788
2025-04-14,580.7411460639541,603.5240800661645,571.9059146481939,595.9297485351562,12562852.0,0,1,0.0,0.06436165202853839,-0.08021151235231982,-0.13432836482553245,-0.05694759037907593,0.0,0.08888888888888889,0.37777777777777777,643.3519866943359,-0.07371118631784145,636.4347106933594,-0.06364354658481043,626.4196508789063,-0.0486732852345401,651.5881552124024,-0.0854196108876516,606.7734041918781,628.1772980799695,0,0,0,39.21009540156301,0,0,-21.40389388809149,-11.744465010984783,-9.659428877106706,0,750.8043847729066,535.8995886157652,643.3519866943359,0.33403922052275437,0.27933373750996304,23.639251190082728,0.03966784884995241,32.10295629735702,22.016162622734274,31.35440708865598,1,34.53028107233523,26.550367833186687,10069708.0,,,0,1210959026.0,625.6355665863372,38687898.309158124,0.7801332496394404,0.4222992429169645,0.35563062164303116,1.1874659188961878,0.31661203339324984,0.7842445799273206,1.0985451281313068,0.77693648535996,1.0985451281313068,0.05305686701442692,-0.025487236555209607,1.0,1.0,1.0,1.0,1.0,2319.212890625,0.0,-0.03708308680507799,0.325659935402991,0.7412,0.949343700133213
2025-04-15,608.5372726573755,614.7913956415647,601.9356613685687,613.103759765625,4871858.0,0,1,0.028818852008452023,0.09503533296182054,0.029418977475043295,-0.10661081486397439,-0.037481626559706216,0.028411398602821204,0.7444444444444445,0.45555555555555555,640.2174713134766,-0.04235078354269971,637.1028100585937,-0.03766903851948408,625.9381817626953,-0.020504296384233154,651.1644116210938,-0.05845014127955124,607.7473050493776,627.0607396863144,0,0,0,45.37236688770818,0,0,-19.31343463693679,-13.258258936175185,-6.055175700761605,0,747.3421381868225,533.0928044401307,640.2174713134766,0.3346508699725667,0.3734478606131475,23.297993755534563,0.03800008299482755,30.520180627879135,24.19743709818038,29.54126580048203,1,46.9791611571928,38.537768875175374,9423707.0,,,0,1215830884.0,625.0833736718616,38828299.66386632,0.6178062415786639,0.4305469856799849,0.3603687217381066,1.19474016391711,0.31409464180396524,0.8281040390211221,1.1302039376035289,0.7993269029515156,1.1302039376035289,0.020968284842863144,0.021156057661510595,0.0,1.0,1.0,1.0,1.0,2415.92138671875,0.04169884381234534,0.03578691265262646,0.34323226632345,0.7521,0.9324421142085229
2025-04-16,613.649839194432,614.841054618811,597.6173883438968,605.4598999023438,4447732.0,0,1,-0.01246748163182576,0.015992071868560664,0.08561775124784932,-0.12035759050717176,-0.07218366916504193,-0.0125458527559526,0.9333333333333333,0.34444444444444444,635.8172424316406,-0.0477453905043487,637.2874572753906,-0.049942230950409575,625.4299096679688,-0.0319300523638641,650.7700625610352,-0.06962545646365195,607.3953965652184,625.4606774800943,0,0,0,43.269938088168104,0,0,-18.06528091487587,-14.219663331915324,-3.8456175829605463,0,740.9438853710337,530.6905994922474,635.8172424316406,0.33068195048420934,0.3556153717055427,22.864113221204537,0.037763216399454944,29.21671467994163,22.895432332473792,29.300771636817696,1,42.01988884070231,41.1764436900768,8185097.571428572,,,0,1211383152.0,621.7941954109917,38772847.64685304,0.4141897806194063,0.4248027700611977,0.3612635290228845,1.1758805855940366,0.3111258858826025,0.8341653986288046,1.1161131407712397,0.7893613094711435,1.1161131407712397,0.02844724527205228,0.0008906802806360225,1.0,1.0,1.0,1.0,1.0,2413.32421875,-0.0010750217217445623,0.0916979948490726,0.3184372554915472,0.7511,0.990179232316549
2025-04-17,604.4671364713146,611.5154231183348,599.6027850056399,605.062744140625,4518317.0,0,1,-0.0006559571687287935,0.015325624585646791,0.07240253330383695,-0.1068943211896366,-0.10623953274007436,-0.0006561724027604143,0.9111111111111111,0.1111111111111111,631.0298492431641,-0.041150359422273255,637.5664111328125,-0.05098083340751245,625.0253759765625,-0.031938914167680216,650.3589218139648,-0.06964796845871021,607.0365269614349,623.9497194549485,0,0,0,43.15803955209287,0,0,-16.913192493513634,-14.758369164234987,-2.1548233292786474,0,732.3458961383212,529.713802348007,631.0298492431641,0.3211133261498554,0.3718509757422231,22.08186499916813,0.03649516552292632,28.00635344257109,22.013179601489313,28.17169552149711,1,41.75494292394026,43.58466430727848,7568892.428571428,,,0,1206864835.0,618.6164620169112,38769883.8244263,0.42083442943938826,0.4082934663142134,0.36084034753364314,1.1315072416510905,0.3058728095733735,0.8524474754387796,1.1153810183554385,0.7888435222614787,1.1153810183554385,0.019688269073010647,-0.0016396848597063167,1.0,1.0,1.0,1.0,1.0,2415.822021484375,0.0010350050419949408,0.05792553001548306,0.31846657491031183,0.7811,0.9879047511655341
2025-04-18,604.4671364713146,611.5154231183348,599.6027850056399,605.062744140625,4518317.0,0,1,0.0,-0.01311526066660218,0.08067365913088675,-0.1068943211896366,-0.11839159291877999,0.0,0.9111111111111111,0.06666666666666667,626.7685974121093,-0.034631366920912315,637.6081042480469,-0.05104288965367484,624.5617755126954,-0.03122034062373388,649.9687561035156,-0.0690894932120995,606.7328680659257,622.5506842464802,0,0,0,43.15803955209287,0,0,-15.817816180554473,-14.970258567498885,-0.8475576130555886,0,724.703155807943,528.8340390162757,626.7685974121093,0.3125062704168641,0.38918184945628065,21.355491650134322,0.03529467291936092,26.882446579298445,21.136071513460518,27.049203339871614,1,46.13974848405423,43.30486008289896,7213035.142857143,,,0,1206864835.0,613.7681801259921,38769883.8244263,0.40966258035663083,0.40512958059197257,0.36080974099567015,1.1228343765719848,0.3050988857591482,0.8524474754387796,1.1153810183554385,0.7888435222614787,1.1153810183554385,0.019688269073010647,-0.0009843733977645095,1.0,1.0,1.0,1.0,1.0,2415.822021484375,0.0,0.08100519690979913,0.31822126455714095,0.7931,0.9960529434232739
2025-04-21,607.04818239856,620.3506524961118,602.6305669906618,617.4717407226562,2655716.0,0,1,0.020508611217925576,0.01983920127864769,0.10283677505945521,-0.06290026316008857,-0.09743894860071978,0.02030114146628673,0.9888888888888889,0.17777777777777778,622.8225341796875,-0.008591200805023444,638.1243176269531,-0.03236450380248691,624.1587310791016,-0.010713605407528734,649.6009060668945,-0.04945985303310159,608.3850023208073,622.1744662076784,0,0,0,48.028279816231276,0,0,-13.78946388687109,-14.734099631373327,0.9446357445022375,1,715.1440995099217,530.5009688494533,622.8225341796875,0.2964618659850831,0.471020890742637,21.09581978265687,0.034164834422976895,25.341978878970373,22.859466237946332,25.42628805897358,1,61.64827243988521,49.847654615959925,6591092.0,,,0,1209520551.0,611.1073409659667,38824348.87137552,0.4046722941161866,0.4113123036938415,0.3562429015964667,1.1545838579536232,0.3039666940558383,0.8699299892962558,1.138255934020744,0.8050216073713183,1.138255934020744,0.028697808072497964,0.0032813758195523145,1.0,1.0,1.0,1.0,1.0,2440.3984375,0.010173107040610585,0.09200237848941883,0.3171291172258196,0.7956,1.0182039369691873
2025-04-22,620.449922921089,626.4558660568025,614.5432275367176,615.5855712890625,4970919.0,0,1,-0.0030546651922666035,0.017391299084829948,0.0329834561913076,-0.062159791003265186,-0.10841129178761,-0.0030593402048111804,0.7444444444444445,0.1,619.1817321777344,-0.0058079247202978,638.6057861328125,-0.03604761394843106,623.687685546875,-0.012990659340513,649.2695236206055,-0.05187976811803332,609.4927821620773,621.6863999174105,0,0,0,47.363988874852126,0,0,-12.193617755333207,-14.226003256165303,2.0323855008320955,0,706.205248366428,532.1582159890407,619.1817321777344,0.28109200147950675,0.4793379936471752,20.43987826390173,0.03320395931486787,23.580006849438288,24.04134634802096,24.367803356236397,0,66.0241586183429,57.93739318076081,5506530.142857143,,,0,1204549632.0,608.7432631549519,38809164.37813265,0.22785058907943015,0.409583142118851,0.35298976186876313,1.1603258404733239,0.3005937152113034,0.8672726444382437,1.1347789432392,0.8025625358882587,1.1347789432392,0.01935171822682478,0.004823187851394135,1.0,1.0,1.0,1.0,1.0,2443.19580078125,0.0011462731815694571,0.05345904666942336,0.31653021871393316,0.7945,1.0145392904803074
2025-04-23,624.1726528289907,628.391712510141,616.1812695510929,624.5200805664062,4674766.0,0,1,0.014513838033328952,0.03215755161626532,0.04797601076557667,-0.03608372996688136,-0.08806263050658814,0.014409520440413204,0.8,0.24444444444444444,616.0943725585937,0.013676002221577211,639.2053881835938,-0.022974317627262496,623.3506573486328,0.0018760278889373132,648.9828137207031,-0.037693961437975265,611.8046742242818,621.8963021877065,0,0,0,50.83302984695903,0,0,-10.091627963424685,-13.399128197617179,3.307500234192494,0,697.282369015571,534.9063761016164,616.0943725585937,0.26355701357832456,0.5518901092249361,19.894611332271502,0.03185583930980755,21.954168083105007,23.63099750231415,23.247408327022637,0,83.86602933567559,70.51282013130127,4379660.714285715,,,0,1209224398.0,607.0395906882165,38877013.174700364,0.23190397714708053,0.4127191294648232,0.35239957319810666,1.171168074124786,0.2990529263984999,0.8798600991303572,1.151248941025006,0.8142107985457587,1.151248941025006,0.019551721936585137,0.013949452262090116,0.0,0.0,1.0,1.0,1.0,2451.28857421875,0.0033123720313010807,0.056948494951732265,0.3158584911953545,0.7882,1.0161602228930602
2025-04-24,625.4135247345138,627.9449483117052,621.5418929641178,623.7755126953125,3367773.0,0,1,-0.001192224068149228,0.010209004812558042,0.01740611235815459,0.047337159860590505,-0.07234070826944294,-0.0011929353326442002,0.5777777777777777,0.37777777777777777,612.868032836914,0.017797436436533757,639.7186242675781,-0.02492206880879709,622.9287512207031,0.0013593231536512577,648.6965756225586,-0.03841713347003442,613.6463416813634,622.0355029660477,0,0,0,50.534127378823435,0,0,-8.389161284684292,-12.397134815030602,4.007973530346311,0,686.7760979052802,538.9599677685479,612.868032836914,0.24118753502691911,0.573790863340211,18.930928761936922,0.03034894505578943,20.444460657224102,23.06008526344832,22.68576339711611,0,94.62732274776022,81.50583690059294,4164791.4285714286,,,0,1205856625.0,604.4059638272832,38872998.0346737,0.17698972601402102,0.4102096688231654,0.3522679854403984,1.164481831382802,0.29534861080287966,0.8788111087435699,1.1498763943290846,0.8132400768351854,1.1498763943290846,0.010264999534720435,0.0014306091924173444,0.0,0.0,1.0,0.0,1.0,2440.19873046875,-0.004524087399026211,0.01004889641006601,0.31453895452663916,0.7825,1.0066179169695317
2025-04-25,627.7961086852038,629.6822401998679,608.4876939064924,617.571044921875,3925971.0,0,1,-0.009946635684091265,0.003225341407295801,0.020003215772811167,0.1073335973728542,-0.08156779728324892,-0.009996433956832012,0.5888888888888889,0.3,609.8725006103516,0.012623202888831354,640.0343090820312,-0.0350969687740242,622.4517492675782,-0.007841096681704518,648.5123220825195,-0.04771116308366368,614.2501421799036,621.7048023701831,0,0,0,48.00121226669696,0,0,-7.454660190279469,-11.408639890080376,3.9539796998009074,0,677.3287465856936,542.4162546350096,609.8725006103516,0.22121425677607282,0.5570632429970793,19.092615728468253,0.030915658830610395,19.673947506101452,21.23159957484408,25.770746075270647,0,85.14005347121767,87.87780185155118,4090254.1428571427,,,0,1201930654.0,602.2820085156857,38833947.83143039,0.16835888143270844,0.41070247140133,0.35238919856608947,1.165479739652985,0.29708974622847756,0.8700698948097654,1.1384389927529568,0.8051510740672035,1.1384389927529568,0.034319203381785374,0.006445581636442261,1.0,1.0,1.0,1.0,1.0,2352.081787109375,-0.03611056028311599,-0.025376794035716466,0.3346617611540148,0.7538,0.9126287196383626
2025-04-28,617.9184890073298,626.9025916226351,617.8688651324895,624.0733642578125,3965901.0,0,1,0.010528860427321485,-0.0007152953483715585,0.031419254120807594,0.10609662101750805,-0.07653323049327998,0.010473817995328469,0.7111111111111111,0.36666666666666664,607.2020843505859,0.027785279962058696,640.3877185058594,-0.02547574504725242,622.0323248291015,0.003281243349003982,648.3146817016601,-0.037391282548499986,615.7614071149666,621.8802513988963,0,0,0,50.78527715209157,0,0,-6.118844283929775,-10.350680768850257,4.231836484920482,0,667.2059069963668,547.198261704805,607.2020843505859,0.19764037111287638,0.6405850424465656,18.395396512203387,0.029476336542708172,18.958471008630422,20.46229350403655,24.83696850777945,0,93.11813618124324,90.9618374667404,4011337.5714285714,,,0,1205896555.0,600.2812492912182,38875704.24952797,0.171888183983465,0.4119135025771039,0.3450717403198371,1.1937039590530163,0.2971451211106424,0.8792307392942316,1.1504254580126732,0.8136283973489651,1.1504254580126732,0.014475423896498205,0.0005625977582849707,0.0,1.0,1.0,1.0,1.0,2367.5673828125,0.0065837828378223495,-0.01997441791768484,0.33299572811204975,0.7533,0.919292659825292
2025-04-29,626.455880375057,629.6325961711824,617.1243496755303,618.0177612304688,4528870.0,0,1,-0.009703351199013999,-0.009230486525456438,0.02141103086464846,0.10381199620115056,-0.08549395287842265,-0.009750735484653111,0.5777777777777777,0.25555555555555554,605.157080078125,0.021251806474252066,640.6081018066407,-0.03526390083494529,621.5721990966797,-0.005718463392308328,648.1795471191406,-0.046533072545604175,616.1085385173515,621.5941410160498,0,0,0,48.19717449158817,0,0,-5.485602498698313,-9.37766511481987,3.8920626161215566,0,660.3333467554168,549.9808134008332,605.157080078125,0.1823535359453073,0.6165417844193932,17.97488579673544,0.029084739831663698,18.101560364964183,20.53005886142264,23.60244079818526,0,85.68815630556799,87.982115319343,4012845.1428571427,6000682.433333334,0.668731463035953,0,1201367685.0,598.4925594800478,38831759.03338329,0.1912800885977207,0.4123367880963999,0.34427869955235596,1.1976831230992089,0.29919072397373403,0.8706992546458909,1.1392624757652896,0.8057334752639971,1.1392624757652896,0.020239299386393465,0.0038176859544035956,1.0,1.0,0.0,1.0,1.0,2328.404296875,-0.01654148736032046,-0.036185498696490126,0.33724176454782606,0.7514,0.9066135501911022
2025-04-30,618.0177299895767,627.9449284813884,610.5227072464211,620.1024780273438,5905186.0,0,1,0.003373231204107041,0.004099015208507639,0.004260498304924143,0.10753540927020411,-0.10579056590189406,0.003367554621763317,0.43333333333333335,0.14444444444444443,603.3428833007813,0.027777894113665023,640.575341796875,-0.03196011840247071,621.117036743164,-0.0016334420983525498,648.064213256836,-0.043146550384214194,616.7229907496579,621.4836474613309,0,0,0,49.15777447889306,0,0,-4.760656711672937,-8.454263434190484,3.693606722517547,0,653.5929757994134,553.0927908021492,603.3428833007813,0.16657225564250552,0.6667618296127384,17.935409756609143,0.028923299603099268,17.705682418552858,19.105585342658603,24.59392436942456,0,83.41922564120799,87.4085060426731,4477055.142857143,6015432.433333334,0.7442615626514935,0,1207272871.0,595.7074056214007,38851678.59106454,0.149462466820155,0.40376088975759744,0.3396797223682907,1.188651730349179,0.30156004921648244,0.8736363245410552,1.1431054714982094,0.8084514005649512,1.1431054714982094,0.028095712970524635,-5.0550152534206866e-08,1.0,1.0,1.0,1.0,1.0,2299.1318359375,-0.012571897834404044,-0.05788669562795523,0.32883785490509804,0.7265,0.8796272988178291
2025-05-01,618.0177299895767,627.9449284813884,610.5227072464211,620.1024780273438,5905186.0,0,1,0.0,-0.0063628516419558245,0.007337577339284751,0.040563052191312954,-0.11516396722858857,0.0,0.4444444444444444,0.07777777777777778,601.9530731201172,0.030150863443810183,640.2944018554688,-0.0315353746176948,620.6797436523437,-0.0009300539141218285,647.9738027954102,-0.043013042576454975,617.2429118693019,621.3813386143688,0,0,0,49.15777447889306,0,0,-4.1384267450669086,-7.591096096365769,3.4526693512988604,0,648.4087666344353,555.4973796057991,601.9530731201172,0.15434988403173439,0.6953410177983105,17.898753433634727,0.02886418627220108,17.33808146831377,17.777233718709176,22.88398568974062,0,83.41922564120799,84.17553586266135,4610521.857142857,6056603.166666667,0.7612388875859469,0,1207272871.0,594.5064174841226,38851678.59106454,0.14742350720315853,0.4016754763699836,0.33913439647099053,1.1844138505259014,0.30400481994970985,0.8736363245410552,1.1431054714982094,0.8084514005649512,1.1431054714982094,0.028095712970524635,-0.003361941149467832,1.0,0.0,1.0,1.0,1.0,2299.1318359375,0.0,-0.05896537837764915,0.3277431986892219,0.7242,0.8751327047269191
2025-05-02,619.4572326030927,645.3671983842997,617.2732366520341,625.909912109375,5494275.0,0,1,0.00936528120401281,0.012770103666912558,0.002225439319274214,0.05030821778559047,-0.0932623616505337,0.00932169885399753,0.4,0.24444444444444444,603.4694519042969,0.037185743427882605,639.8367590332032,-0.021766250105529607,620.366044921875,0.008936445237260207,647.8085412597657,-0.03380416860173738,618.5762965216209,621.7167885028879,0,0,0,52.03154102627667,0,0,-3.1404919812670187,-6.700975273346019,3.5604832920790006,0,651.0166145082095,555.9222893003843,603.4694519042969,0.1575793520413459,0.7359810657053962,18.62698259782265,0.029759846005710272,16.452835071213393,22.542954859170106,20.418661088441773,0,59.25159438653017,75.36334855631542,4727594.571428572,5986550.966666667,0.7897025512272409,0,1212767146.0,594.9291896773836,38903134.02145172,0.13020613630275737,0.40208109826646976,0.3372845807625995,1.1921123027840927,0.3094833028715099,0.8818181743904224,1.1538109756846358,0.8160227752710201,1.1538109756846358,0.044884992534446874,-0.0010405464372657503,1.0,0.0,1.0,1.0,1.0,2296.933837890625,-0.000956012183606969,-0.06296881483132577,0.32626176413978525,0.7348,0.8927046421226305
2025-05-05,630.6253259656881,636.9290731892316,624.9668103323667,628.788818359375,2552160.0,0,1,0.004599553696629899,0.014007911014424668,0.008037035058334085,0.025583040951740355,-0.0970776364643322,0.004589008073933467,0.45555555555555555,0.2111111111111111,607.0233917236328,0.03585599324918867,639.6679968261719,-0.017007539099620324,620.1665087890625,0.013903217036257605,647.6613757324219,-0.02913954433627366,620.1474537274293,622.2406425663314,0,0,0,53.43661564174731,0,0,-2.093188838902165,-5.779417986457249,3.6862291475550837,0,650.6317330689417,563.4150503783239,607.0233917236328,0.1436792780636796,0.749555772637562,18.150931187754246,0.028866498032063204,15.630820559620187,21.481754870481577,19.4574613233065,0,65.28074140840114,69.3171871453798,4611078.428571428,5928394.733333333,0.7777954464882227,0,1215319306.0,600.2614585680523,38914872.81841411,0.13199819589105144,0.40116596151151207,0.3348925750136929,1.1978944636055588,0.31011050554935243,0.8858741444341953,1.1591179912230583,0.819776115843552,1.1591179912230583,0.019024293224673926,0.007533694170814074,0.0,1.0,1.0,1.0,1.0,2453.1865234375,0.06802663749791282,0.005322432475102223,0.3823150810721353,0.6567,0.679285721272883
2025-05-06,634.2983657431063,638.0210652126947,622.8820873697017,625.463134765625,2778131.0,0,1,-0.00528903106519496,0.008644791672715924,0.012779242013764458,0.03303808372198991,-0.09142697449686898,-0.005303067504651292,0.4666666666666667,0.26666666666666666,610.0859313964844,0.02520497945911036,639.8784521484375,-0.022528211935270014,620.0731927490234,0.008692428699757048,647.5289208984375,-0.03407691212030579,620.9652508102286,622.479345692205,0,0,0,51.55783372480435,0,0,-1.5140948819764617,-4.926353365561091,3.4122584835846297,0,649.4296807604866,570.7421820324822,610.0859313964844,0.12897773031397228,0.6954211738550021,17.93579166312844,0.028676017284135193,14.709168457838217,20.186611867672358,19.11459629675212,0,56.507552158516006,60.346629317815804,4447101.285714285,5869256.5,0.7576941450274469,0,1212541175.0,603.8383302341745,38900179.19725192,0.11757830947333864,0.40047313649290817,0.3351340570227808,1.1949640094790066,0.30840409835200616,0.8811887285644299,1.152987380159253,0.8154402945003506,1.152987380159253,0.024204428688936054,0.008762158649873402,0.0,1.0,1.0,1.0,1.0,2351.7822265625,-0.04133574675475893,-0.00012735974935762506,0.3972438625901856,0.6285,0.6244993853417288
2025-05-07,628.391700005151,634.050215583076,624.7682481147671,631.6676635742188,3587997.0,0,1,0.009919895296337078,0.009199009878976927,0.012168920757318125,0.043970513291775815,-0.07956026977704966,0.009871016120052725,0.45555555555555555,0.3888888888888889,613.6746124267578,0.029320181710480054,640.212998046875,-0.013347642891859196,620.105952758789,0.018644734442546176,647.3825775146485,-0.024274539486002965,622.6117758508424,623.1599618316135,0,0,0,54.754005595939574,0,0,-0.5481859807711089,-4.050719888603095,3.502533907831986,0,646.2537251596325,581.0954996938831,613.6746124267578,0.10617715666627167,0.7761439713688805,17.317661363498477,0.02741577947097764,13.853348649040674,19.41377791048438,18.382803899250945,0,70.0650925059838,63.95112869096701,4393115.0,5867315.533333333,0.7487436077098427,0,1216129172.0,607.8566871356905,38935771.7518155,0.11575512603102717,0.4022606372295691,0.3355297051513889,1.198882337550625,0.3080380281289751,0.8899300284881013,1.1644248942484308,0.8235293768422084,1.1644248942484308,0.014694384410606052,0.004682234774114146,1.0,1.0,1.0,1.0,1.0,2350.8828125,-0.00038243934848281036,-0.007047136412514643,0.3970696886770995,0.6251,0.6241067327476372
2025-05-08,631.1712812238586,631.6676411588555,610.5723439214885,615.6848754882812,5791783.0,0,1,-0.0253025269577688,-0.020839974389627924,-0.003774787536110158,0.017555421236095103,-0.10550223482982612,-0.025628140191598613,0.32222222222222224,0.16666666666666666,616.4641540527343,-0.0012641101016660533,639.9797082519531,-0.03796187980714415,620.0151190185547,-0.006984093447798495,647.1370721435546,-0.04860206285368911,621.5460988719868,622.6062517321074,0,0,0,46.28264516290432,0,0,-1.0601528601205246,-3.4526064829065812,2.3924536227860567,0,636.9719391849043,595.9563689205644,616.4641540527343,0.06653358511552852,0.48100042107349156,17.587494098443607,0.028565740037865137,13.718118654994283,17.750502499329652,22.573278632459285,0,30.545946350752384,52.37286367175076,4573531.142857143,5893633.4,0.7760121528524564,0,1210337389.0,611.9226777423235,38789225.00632445,0.19438022744738645,0.4072284591901141,0.339755258399727,1.1985935438002961,0.31289947932899503,0.8674125499517532,1.1349620019714128,0.8026920025841439,1.1349620019714128,0.03426314024790198,-0.0007858283381983078,1.0,1.0,1.0,1.0,1.0,2283.14697265625,-0.028812937626490065,-0.0194370557894481,0.40090326854942043,0.6392,0.6401538154153554
2025-05-09,604.6656474579036,625.7113207809874,599.3546203995902,622.5842895507812,3870212.0,0,1,0.011206080151032305,-0.004602741640276742,0.004002260289835524,0.008279810217940664,-0.08103156256024846,0.011143757199966397,0.37777777777777777,0.37777777777777777,617.7968811035156,0.007749162538202404,639.8367578125,-0.02696385922043954,620.0597912597656,0.00407137880346457,647.0516677856446,-0.0378136390847985,621.7058205148783,622.604624903861,0,0,0,49.8870346783872,0,0,-0.8988043889827395,-2.941846064121813,2.0430416751390736,0,636.0233798179869,599.5703823890443,617.7968811035156,0.05900482592891993,0.6313309956635991,18.213865975797436,0.029255261145345393,14.274699781272991,15.91577521512076,24.639268244629072,0,50.48547629500462,50.3655050505803,4282820.571428572,5877233.4,0.728713712718738,0,1214207601.0,614.9265176086524,38832594.91219793,0.2061872142699408,0.4077554689172563,0.34026673834753335,1.198340663261635,0.31845060267532016,0.8771328445105239,1.1476804771338804,0.8116870335016944,1.1476804771338804,0.04233434865568902,-0.017897512947087857,1.0,1.0,1.0,1.0,1.0,2248.879150390625,-0.015009030376067822,-0.021857244008969046,0.3990336997710309,0.6171,0.6216159378559581
2025-05-12,635.4896529315639,649.4869789484652,633.4049048372341,647.2037353515625,5474816.0,0,1,0.039543956077891185,0.024595325474529917,0.04370448157284046,0.05136274392573914,-0.04469191503316261,0.038782113211128885,0.7888888888888889,0.5333333333333333,620.3605804443359,0.04327024597210873,640.1425158691407,0.011030699113672552,620.2364953613281,0.04347896357586019,647.2559271240234,-8.063544924618426e-05,625.6285766435989,624.4267812333203,0,0,1,60.15983738788361,0,0,1.201795410278578,-2.1131177692417347,3.3149131795203126,0,640.0054028070504,600.7157580816215,620.3605804443359,0.06333356109971956,1.1832119530430183,18.8344962202179,0.029101340414833917,13.441108474804766,23.308701762615854,22.125406093495364,0,95.44556916332446,58.82566393636051,4221339.142857143,5914320.2,0.7137488333582518,0,1219682417.0,620.2012284121142,39049090.79563647,0.3078963694966118,0.42520241270966236,0.34890754726905926,1.218667856392824,0.318133537537965,0.9118181471883239,1.1930643035131159,0.8437843499034793,1.1930643035131159,0.024848549587704875,0.020728700671349066,1.0,1.0,1.0,1.0,0.0,2423.014892578125,0.07743223647978281,0.05388253718391489,0.45875466368169304,0.6571,0.6015518962457984
2025-05-13,640.3043464339122,641.644494085471,627.3989875135387,630.1289672851562,6025310.0,0,1,-0.02638236946690553,0.02346020240536162,0.00674067480663898,0.00898111508866628,-0.04369115139254387,-0.02673662887264024,0.3888888888888889,0.5333333333333333,621.2118408203125,0.014354405178543613,640.0055200195312,-0.015431980546157732,620.3089642333985,0.01583082563363199,647.3945538330078,-0.026669341664411168,626.3209444346078,624.8491653853081,0,0,0,52.171866968767915,0,0,1.4717790492996983,-1.396138405533448,2.8679174548331465,0,641.0075475183355,601.4161341222896,621.2118408203125,0.06373254789181952,0.7252287983670286,18.903799907204036,0.029999890321895612,12.670406062977406,21.564445645152144,22.739053102755793,0,61.386194019903414,69.10574649274419,4297201.285714285,5944101.1,0.7229354301719878,0,1213657107.0,621.6337548198067,38890128.84106383,0.3631560714981304,0.4246509878895936,0.35353625674093264,1.2011525827767449,0.3158152441837507,0.8877622239425723,1.1615884402600567,0.821523319433933,1.1615884402600567,0.022607287256301775,-0.010660304539037518,1.0,1.0,1.0,1.0,0.0,2438.89990234375,0.006555886145925838,0.06180677131888945,0.4585602262891062,0.6606,0.6042561311517007
2025-05-14,630.8734817791924,648.1964557495138,629.3844019638207,645.8139038085938,4819584.0,0,1,0.024891629075575405,0.03731159723701594,0.027075999051064947,0.03533064486301196,-0.01610714290695714,0.024586879269655002,0.6333333333333333,0.5666666666666667,623.229541015625,0.03623763205473999,639.8705102539062,0.009288431736491718,620.5382824707032,0.040731767969664136,647.5454718017578,-0.0026740484932217365,629.3198612613749,626.4021089722181,0,0,1,57.72486402259555,0,0,2.917752289156738,-0.5333602665954108,3.4511125557521485,0,644.4407500507966,602.0183319804535,623.229541015625,0.06806868942895565,1.0323685876538253,18.897246612810402,0.029261133124212153,11.99219658452972,22.50760895422939,21.122157346271837,0,92.67324489373364,83.16833602565386,4621119.0,5826174.433333334,0.7931652326715724,0,1218476691.0,623.4654471487505,39010096.138290405,0.39035345214206574,0.4312243646285707,0.35370505686695936,1.219163696578896,0.3170729766367521,0.9098600719282587,1.190502268853486,0.8419723731782179,1.190502268853486,0.029129217681365765,0.001181527167753929,1.0,1.0,0.0,0.0,0.0,2459.580322265625,0.008479404957129066,0.0026063239656011206,0.4574205613464853,0.6614,0.6160811510006721
2025-05-15,644.771571800917,658.818582551458,641.5948560187619,656.5352783203125,7133226.0,0,1,0.016601337395325544,0.01441824646404588,0.04967861705603305,0.06309271414006568,0.013330165540416994,0.016465041586877786,0.8111111111111111,0.6111111111111112,625.8031677246094,0.04910826946984568,639.4615087890625,0.026700230266529016,620.8619091796875,0.05745781568039565,647.7976226806641,0.013488249005130603,633.5068485012115,628.6341955905955,0,1,1,61.0534896298188,0,0,4.8726529106160115,0.5478423688468737,4.324810541769137,0,650.01219882091,601.5941366283087,625.8031677246094,0.07736947444457203,1.1347240927043798,18.77770946423081,0.028601219285994683,11.986030018241534,25.073522772521084,19.738289100764494,0,96.16018820724716,83.4065423736281,5243275.428571428,5875732.066666666,0.8923612188371901,0,1225609917.0,626.5917714440386,39128517.22983351,0.39084396366533286,0.43227741586922397,0.3530073531173689,1.2245564066919,0.31920595654839723,0.9249649659648749,1.2102661986886234,0.8559502406228924,1.2102661986886234,0.026234274229347564,-0.0016139819869621934,1.0,0.0,1.0,0.0,0.0,2517.625732421875,0.023599721314562228,0.07051822400315588,0.45959903829232557,0.6818,0.6334332807756575
2025-05-16,654.6987553209096,658.1236509960959,649.5862237458391,652.762939453125,2701320.0,0,1,-0.0057458281249389564,0.03591958685137864,0.033396162405308294,0.04597147841653504,0.09600788930460391,-0.005762398901067274,0.7111111111111111,0.7777777777777778,628.1881774902344,0.039120064406612746,638.7904296875,0.02187338619406119,621.2604858398438,0.05070731896089444,647.9696112060547,0.007397458405724629,636.4693240322752,630.4215099507828,0,1,1,59.2847344270767,0,0,6.047814081492334,1.6478367113759658,4.399977370116368,0,653.1798195711217,603.196535409347,628.1881774902344,0.0795673747975808,0.9916596093076351,18.046260734661235,0.02764596401532863,11.980303920973933,24.226242473906147,19.071296128330165,0,89.81628051816121,92.88323787304735,5116607.285714285,5652647.233333333,0.9051701042905965,0,1222908597.0,628.4606803992673,39112995.909403056,0.3971026352169275,0.35095588148893836,0.35016187079568845,1.0022675532645677,0.28971581499718907,0.9196502762488507,1.2033122171255353,0.8510320976567731,1.2033122171255353,0.01307890925518734,-0.0027972952254773594,1.0,0.0,1.0,0.0,0.0,2552.5927734375,0.0138888956230947,0.0858017932093329,0.4496162209913881,0.6868,0.5363088487201066
2025-05-19,650.2315414420707,656.9324008386111,647.253381710275,653.55712890625,3320756.0,0,1,0.001216658307517271,0.01198987053699474,0.06151239851057477,0.05750541473925064,0.17185831912178373,0.0012159187785738905,0.8444444444444444,0.9333333333333333,629.9924468994141,0.03740470560053925,638.1789135742188,0.024097028286163797,621.828818359375,0.051024188024264616,648.1135556030273,0.008399104225119651,639.0982170898097,632.1352595030397,0,1,1,59.55042084061525,0,0,6.962957586770017,2.7108608864547765,4.25209670031524,0,656.8660271280869,603.1188666707412,629.9924468994141,0.08531397594029735,0.9384358504955276,17.448600619923727,0.026697896554390817,11.795532056215539,23.26633633333291,19.270627559743232,0,91.1518616405504,92.37611012198629,4763603.428571428,5326072.5,0.8943932754523015,0,1226229353.0,629.7809259033528,39117036.134777695,0.33950137316964724,0.28429333047558575,0.34813064196760063,0.8166282889342559,0.2814410652024183,0.9207691763974593,1.204776236931038,0.852067512928351,1.204776236931038,0.014809752201057427,-0.0038779744652401287,0.0,1.0,0.0,0.0,0.0,2538.206298828125,-0.005636024186498445,0.11171393222887227,0.418741418202908,0.6239,0.42986372280498086
2025-05-20,663.1368893076905,666.1150489902101,650.7775145070715,657.9251098632812,7950974.0,0,1,0.006683395779556678,0.0021169182964919653,0.05676471588770693,0.060994163345803765,0.1660948577220711,0.006661160904648686,0.8333333333333334,0.9222222222222223,632.109423828125,0.04084053339817897,637.528681640625,0.0319929578229607,622.4274285888672,0.05703103630071768,648.3188003540039,0.014817261976718859,641.9946621318823,634.0456187889835,0,1,1,61.055634034768154,0,0,7.94904334289879,3.7584973777435797,4.19054596515521,0,660.812781460529,603.4060661957211,632.109423828125,0.0908176861486203,0.9496980173150934,17.297810181581934,0.026291457678483298,12.186361034235796,25.584617307537542,18.05014311853927,0,87.73234489378405,89.56682901749856,5346569.428571428,5296713.2,1.009412672857467,0,1234180327.0,632.7755186782647,39170175.64085266,0.33911583771451587,0.28370164488137034,0.34013493133951406,0.8340855899866002,0.27080039778593384,0.92692304122494,1.2128282333482532,0.8577622173481537,1.2128282333482532,0.023311976170548927,0.014657877602027723,0.0,0.0,0.0,0.0,0.0,2499.2431640625,-0.015350657187957473,0.11132835378387829,0.41402031425835195,0.6172,0.429237760330965
2025-05-21,662.24340607018,666.1150378289086,649.834407600938,658.1732788085938,8623519.0,0,1,0.00037719938271396636,0.008288367841473132,0.016949134959909573,0.061394369689280914,0.175531847630908,0.00037712826091097784,0.4777777777777778,0.9444444444444444,633.7920837402344,0.03846875922538697,636.9955908203125,0.0332462081268239,623.1228289794922,0.056249664109570184,648.5250378417969,0.014877206590056827,644.4836800821455,635.8328528645102,0,1,1,61.14410328101917,0,0,8.65082721763531,4.736963345721926,3.9138638719133843,0,664.4979636151049,603.0862038653638,633.7920837402344,0.0968957507126443,0.897011829130367,17.2251544706097,0.0261711543528327,12.469531527965207,23.857352291801963,17.222628188051047,0,88.1040754991016,88.99609401114537,5796384.142857143,5350519.9,1.0833310129090712,0,1242803846.0,635.4711987877727,39173428.42689628,0.2615926275955146,0.28149349728523826,0.34013047653133055,0.8276044539022923,0.26990998016146966,0.9272726760239135,1.2132857114092104,0.8580857647270529,1.2132857114092104,0.024736085089083752,0.006563507217099622,0.0,0.0,0.0,0.0,0.0,2498.044189453125,-0.00047973507604837096,0.030965264433504114,0.4075757238017465,0.609,0.4268919603896338
2025-05-22,658.1732611040903,658.8681771178376,637.8225041619578,644.8211669921875,6784976.0,0,1,-0.020286620934498956,-0.013366791559113467,0.023316178861497283,0.03021402044757493,0.15168427864158862,-0.020495220436636218,0.5444444444444444,0.8444444444444444,634.8443664550781,0.015715348618148856,636.4436389160156,0.013163032142862472,623.6246484375,0.03398922510166275,648.6645147705078,-0.0059250162307399636,644.5356011452288,636.4986539110048,0,0,1,54.03217529017759,0,0,8.036947234224044,5.39696012342235,2.6399871108016946,0,665.5473768796323,604.1413560305239,634.8443664550781,0.09672610185074958,0.6624726761179518,17.498048648128993,0.027136281412333034,11.774249491979441,21.807760346587457,20.646391768280168,0,68.10403640665892,81.3134855998482,5904907.857142857,5343041.833333333,1.1051584549280977,0,1236018870.0,636.624010490187,39035784.19073461,0.23357408870974694,0.2910105974884365,0.3406655285691645,0.8542413983320104,0.2714917016535997,0.9084614467424978,1.1886722440966078,0.8406781040887454,1.1886722440966078,0.03263799954652356,-2.6899456405604858e-08,1.0,1.0,0.0,0.0,1.0,2485.25634765625,-0.005119141547161532,0.01900711270189981,0.408285073256205,0.6039,0.4363889874581165
2025-05-23,648.2460994674985,650.7775231129528,637.9217881952432,645.3671875,3448707.0,0,1,0.0008467782010932456,-0.019087160795384195,-0.0006917105778604382,0.026365559718254827,0.08295850154546747,0.0008464198866932705,0.2777777777777778,0.7,636.2341735839843,0.014354799372954606,635.902607421875,0.014883694401721367,624.2098565673828,0.03389458001987403,648.7436840820312,-0.005204669679072016,644.6635375075014,637.1555823250044,0,0,1,54.26644246143815,0,0,7.507955182496971,5.819159135237274,1.6887960472596975,0,666.1513799769681,606.3169671910006,636.2341735839843,0.09404463838984474,0.6526381473598678,17.166454810241902,0.026599515969723674,11.12863045856409,20.641221181089094,19.541976448176435,0,68.92191687767978,75.04334292781346,5709068.285714285,5039237.0,1.1329231559687083,0,1239467577.0,637.604035912653,39038704.48064417,0.17994960473474722,0.23414124204485012,0.3405959379712937,0.6874457852887962,0.2571787628944256,0.909230712092133,1.1896787858411533,0.8413899719814243,1.1896787858411533,0.019920031831041452,0.005311445483849221,0.0,0.0,0.0,1.0,1.0,2537.606689453125,0.021064362976577655,0.03172344748458,0.398989285500652,0.5789,0.34112495345993726
2025-05-26,650.2315271190512,664.8245216015652,648.5438911900451,656.6345825195312,6826417.0,0,1,0.0174588904390669,-0.002337828560660782,0.00015125493251910704,0.04983738612442257,0.10186575537400566,0.017308235001521764,0.28888888888888886,0.7333333333333333,637.8622344970703,0.02943009792273128,635.5194177246094,0.0332250505744133,625.076997680664,0.05048591606467848,648.7565896606445,0.012143218249247526,646.5052367401213,638.5984712283026,0,1,1,58.91905758579693,0,0,7.906765511818662,6.236680410553552,1.6700851012651103,0,668.5275453865244,607.1969236076162,637.8622344970703,0.09615026327317368,0.8060844237016499,17.33008904533642,0.02639228804983165,11.470022027403427,24.77555288529762,17.974781612476136,0,85.79927260681056,74.27507529704978,5665238.428571428,4848022.5,1.1685668596982437,0,1246293994.0,639.4225578644914,39157886.14713855,0.18325022987709058,0.23778024665507816,0.34230387371219984,0.6946466719070716,0.2433729506412413,0.9251048714783844,1.210449257420836,0.8560797073187775,1.210449257420836,0.02479404960526246,0.007537320944212366,0.0,0.0,0.0,0.0,0.0,2545.299560546875,0.0030315458757748104,0.010992034188647581,0.39886792638778257,0.5689,0.3405193617176817
2025-05-27,656.5849859034354,660.8536694840453,651.7206340103675,654.649169921875,4223074.0,0,1,-0.003023618692208019,0.015241439693319814,0.002889610231748607,0.036382274529644265,0.06776244558038891,-0.0030281990623980495,0.32222222222222224,0.6666666666666666,639.6938049316407,0.02337894298012234,635.0965197753907,0.03078689543661702,625.8210418701171,0.04606449148084229,648.6898294067382,0.00918673338934096,647.7581495373142,639.7874118722709,0,1,1,57.80315666805362,0,0,7.970737665043316,6.583491861451505,1.387245803591811,0,669.738057252928,609.6495526103533,639.6938049316407,0.09393322895943299,0.7488889527072365,16.74458521878938,0.025577952265314344,11.787028484182812,23.810311199169497,17.274494172202417,0,82.82533634011737,79.18217527486927,5882631.857142857,4826396.366666666,1.2188455755045406,0,1242070920.0,640.8725903444067,39145117.181653574,0.18033676478685212,0.2260204474477288,0.342038920710474,0.660803299748009,0.2417936154533817,0.9223077070967297,1.2067893204201292,0.8534912487137085,1.2067893204201292,0.01395103804189928,-7.553153217359446e-05,0.0,0.0,0.0,0.0,0.0,2537.90673828125,-0.0029044998789991006,-0.0057533795868554005,0.38225899370917676,0.5265,0.3123212707632682
2025-05-28,654.6491619739071,657.1805856463759,643.1832590403849,645.2183227539062,3546275.0,0,1,-0.014405956046800172,-0.00023066674131733134,-0.012759108245516404,0.04796844691402069,0.06566648403630904,-0.014510729288105585,0.24444444444444444,0.6444444444444445,640.9495971679687,0.006660001979561075,634.1315966796875,0.017483320705463715,626.44943359375,0.02996074088930828,648.5128775024414,-0.0050801685869726115,647.3674069552515,640.189701567207,0,0,1,52.69757646478132,0,0,7.177705388044501,6.702334566770105,0.4753708212743959,0,669.6138280887183,612.2853662472191,640.9495971679687,0.08944301095562666,0.574460842813813,16.548352460732353,0.02564767905241911,11.359928219951978,22.371753220854114,19.91584801076528,0,68.69893336898093,79.10784743863631,5914848.857142857,4796347.8,1.2331984884713443,0,1238524645.0,642.391716947849,39094029.69987371,0.20090645099398607,0.22720194182913592,0.3397620374569516,0.6687090280294271,0.23963005614597832,0.9090209828066691,1.189404366512409,0.8411958912984102,1.189404366512409,0.02169393848929762,-1.2140804978869598e-08,0.0,0.0,1.0,1.0,0.0,2512.63037109375,-0.009959533503038798,-0.01007637864037425,0.3837278044059523,0.537,0.31899518911557295
2025-05-29,645.2183204583824,648.7920879137631,640.4035925192329,645.2679443359375,4545776.0,0,1,7.690665357951154e-05,-0.017310447067803714,-0.01923800344080795,0.0364346726473348,0.0664479850803179,7.690369641444528e-05,0.2222222222222222,0.6444444444444445,642.2078704833984,0.004764927359478955,633.0207434082031,0.019347234755365372,627.0525109863281,0.029049294964080836,648.3364218139649,-0.004732847600081075,647.0444127061262,640.5658676982241,0,0,1,52.72123916026284,0,0,6.478545007902085,6.657576654996501,-0.17903164709441644,0,669.1782708234754,615.2374701433215,642.2078704833984,0.08399274309664238,0.5567302267291879,15.9655055274322,0.024742443302158343,10.739257071489813,21.5321513834596,20.412018836264103,0,46.15386002826204,65.89270991245348,5428392.0,4797263.1,1.131560201482383,0,1243070421.0,643.8599260282011,39094379.30029379,0.19293873000917905,0.22713402856895587,0.33093530997343806,0.6863396613289358,0.23825013208319432,0.9090908925684904,1.1894958396219906,0.8412605848594149,1.1894958396219906,0.013000018780048063,-3.557747405409112e-09,0.0,0.0,1.0,1.0,0.0,2538.40625,0.010258523976620415,0.01566997821606142,0.38453566867614614,0.534,0.3164553012943265
2025-05-30,643.0839440852827,646.1614121536194,627.547913884378,628.8880615234375,9054009.0,0,1,-0.025384621933074558,-0.039351013614684294,-0.04449469194216982,-0.02829970352098765,0.03937660616776495,-0.02571236984750796,0.15555555555555556,0.5444444444444444,642.3567779541015,-0.020967656749200522,631.7927490234375,-0.0045975321883478405,627.6387121582031,0.001990554981763862,648.0803002929688,-0.02961398265130928,644.2511279087895,639.7008450186103,0,0,0,44.76132127629283,0,0,4.550282890179233,6.236117902033048,-1.6858350118538157,0,668.9789382672728,615.7346176409302,642.3567779541015,0.08288901503604454,0.24703937861871475,16.154647866132855,0.025687636408615145,10.725035697939015,19.76004456658451,24.416301131938628,0,3.8461402144328085,39.566311203891956,5489890.571428572,4948452.833333333,1.109415560040919,0,1234016412.0,643.775859967601,38864546.70485014,0.2341390450356104,0.24104273630593492,0.33340936122911463,0.7229633127796117,0.24120321570987593,0.8860139639578379,1.1593009374422212,0.8199055029655614,1.1593009374422212,0.029597474348855506,-0.003384640860940937,1.0,1.0,1.0,1.0,1.0,2517.525634765625,-0.008225876072584959,0.0077986792206286015,0.38563166898823215,0.5276,0.3303940506283614
2025-06-02,624.3711817726926,631.1216648507312,613.5008869488823,626.5054931640625,8397065.0,0,1,-0.0037885412446905242,-0.02900232205119979,-0.02840426891313097,-0.005750369066042316,0.014630228147499702,-0.003795735944431638,0.2111111111111111,0.4888888888888889,642.2426116943359,-0.024503385860300403,630.3949987792969,-0.006169949988128176,628.3073089599609,-0.0028677301221928225,647.6794897460937,-0.0326920906362682,641.5210302557546,638.723411547903,0,0,0,43.727147808076886,0,0,2.7976187078515977,5.548418063196759,-2.750799355345161,0,669.1280421725681,615.3571812161036,642.2426116943359,0.08372359600153065,0.20732998783458337,16.259371440112574,0.025952480253600498,11.552110039933043,18.23043282447151,28.697210222728113,0,24.716931165729125,24.90564380280802,5720189.0,5139831.133333334,1.1129138003976187,0,1225619347.0,642.5461146579839,38832734.07776329,0.21267727023908084,0.23455578940238492,0.3334251854663662,0.703473521576688,0.24096430766003954,0.882657263512012,1.1549088780257128,0.8167992571508277,1.1549088780257128,0.02812549625520132,-0.007182327073920108,1.0,1.0,1.0,1.0,1.0,2516.4267578125,-0.00043649086942754156,0.012542130788900652,0.38482019399353923,0.5279,0.32236935049802057
2025-06-03,631.3698664798012,636.2342183037862,625.0164347820432,627.3989868164062,3783426.0,0,1,0.0014261545382967533,-0.02769230623709451,-0.02784182560194659,-0.028514277694531187,0.019190533499032325,0.0014251385457733847,0.2111111111111111,0.4888888888888889,642.339404296875,-0.02325938184786133,629.1749462890625,-0.0028226798971113785,628.7153167724609,-0.002093682022591923,647.324592590332,-0.030781475015790056,639.3484081881625,637.8845652714958,0,0,0,44.247367345526015,0,0,1.4638429166666356,4.731503033890735,-3.267660117224099,0,668.9833341648947,615.6954744288554,642.339404296875,0.08295903906809186,0.2196281187783493,15.899258017371887,0.02534154238604857,11.891906077149894,19.608530810633297,27.250965320675913,0,26.415131075559337,18.326067485240454,5768006.0,5100248.033333333,1.1309265671595672,0,1229402773.0,642.4464818393506,38838129.8279235,0.21327197973863837,0.23432707508398923,0.3327467242099808,0.7042205318184183,0.2406361685053727,0.8839160691741302,1.1565559565634285,0.8179641391182907,1.1565559565634285,0.017879824095134486,0.007764294756893494,1.0,1.0,1.0,1.0,1.0,2468.57177734375,-0.019017036883819283,-0.027204732867508574,0.3893017106012707,0.521,0.31415625735731445
2025-06-04,629.4836873770846,636.2342314166376,626.0588520694724,631.220947265625,3066925.0,0,1,0.006091754257705251,0.003709540512720544,-0.03870285837884624,-0.03855745744455952,0.010729625688162603,0.006073274534052088,0.15555555555555556,0.45555555555555555,642.3170684814453,-0.01727514612378828,628.0740197753906,0.005010440475407267,629.1550921630859,0.0032835387144949063,646.9811114501953,-0.02435954296910489,638.0980295846952,637.3909639377276,0,0,1,46.52466925570438,0,0,0.7070656469675214,3.9266155565060923,-3.219549909538571,0,668.9993878917447,615.6347490711458,642.3170684814453,0.08308145842482845,0.2920697776457702,15.490409540928551,0.024540392089380407,12.207429844076671,18.688501053666343,25.97234511108443,0,33.67925978337122,28.27044067488659,5230935.714285715,5046653.333333333,1.0365157598076313,0,1232469698.0,642.5332968039954,38856812.781350315,0.17288068448754274,0.23129438412140507,0.3328262299771402,0.6949403721494285,0.23984728403288286,0.8893006686519758,1.163601411236098,0.8229469756454147,1.163601411236098,0.01612015474334894,0.003322766858863921,1.0,1.0,1.0,1.0,1.0,2487.054443359375,0.007487190036464364,-0.022883403623809806,0.3897395840934631,0.5274,0.3135031049886793
2025-06-05,633.3553187601143,636.7305907766671,628.8880790509912,632.6107788085938,3565664.0,0,1,0.0022018146720088616,0.009744983421769327,-0.033664429935672646,-0.03087209678511227,0.014164175947055657,0.0021993942303421016,0.16666666666666666,0.4666666666666667,643.163363647461,-0.016407316453820046,626.9601892089844,0.009012676876243976,629.4990704345703,0.004943150069904502,646.6671640014648,-0.021736661416195274,637.2538371576027,637.0368761503844,0,0,1,47.36660180552815,0,0,0.2169610072182877,3.1846846466485315,-2.9677236394302438,0,667.2350038675938,619.0917234273281,643.163363647461,0.07485389119062853,0.2808087703545572,14.94413112555336,0.023622947357453957,12.454816823185052,18.225209516906688,24.998774094353188,0,36.3208138612962,32.13840157340895,5137020.0,5053249.7,1.016577510507743,0,1236035362.0,643.4627849932947,38864663.71266097,0.17893545821370768,0.2313059742175055,0.3310190468532332,0.6987693802407137,0.24015371269036662,0.8912587439120409,1.1661634458957277,0.8247589523706761,1.1661634458957277,0.01239705675019608,0.0033813381886883625,1.0,1.0,1.0,1.0,1.0,2502.040283203125,0.0060255375123625665,-0.014132298298090706,0.3896942002096763,0.5274,0.3135324349433451
2025-06-06,632.6107591134032,646.5088377757612,630.476387082501,645.4168701171875,5492102.0,0,1,0.020243239188417972,0.02871838125242898,0.00030772121044830847,-0.012455313283301628,0.04508926612457209,0.02004106865934498,0.32222222222222224,0.5555555555555556,644.3049926757812,0.0017257004897457849,626.3188928222656,0.03049241770252875,629.8281573486328,0.024750739684580043,646.4130279541016,-0.0015410547031623873,638.5096883821542,637.6576164442217,0,0,1,54.478414557775686,0,0,0.8520719379324646,2.718162104905318,-1.8660901669728536,0,666.347401621802,622.2625837297605,644.3049926757812,0.06842228198319304,0.5252213232258123,15.021868237532422,0.023274675536145997,11.822784676562398,21.48536101315861,23.093020967729608,0,60.66044184688443,43.553505163850645,5414995.285714285,5105454.066666666,1.0606295179636622,0,1241527464.0,644.3095790300141,38975841.64709416,0.21697645841596047,0.23583505997597926,0.33381827637429,0.7064773760665873,0.2367120626835936,0.9093007078438213,1.1897703714637846,0.8414547451163047,1.1897703714637846,0.02484045805984158,-3.113318835319704e-08,1.0,0.0,0.0,0.0,1.0,2531.812255859375,0.011899078066855084,0.007634184871081917,0.3743783434767689,0.5159,0.3255835284523171
2025-06-09,648.6431807443297,649.8343961036509,644.5233690891065,646.0620727539062,2822003.0,0,1,0.0009996680697261784,0.02351177595194076,0.001230695596983411,-0.01803098396995395,0.035234172383312945,0.0009991687343534079,0.32222222222222224,0.5222222222222223,644.2479095458984,0.002815939611331506,625.6905004882813,0.032558544919136956,630.1522796630859,0.025247537149792762,646.2487326049804,-0.00028883592594722843,639.6715936701161,638.2801687634577,0,0,1,54.809719688141776,0,0,1.391424906658358,2.4528146652559264,-1.0613897585975685,0,666.264608778925,622.2312103128719,644.2479095458984,0.06834853138614025,0.5411997091118556,14.328236721604704,0.022177801988172926,10.99300390812045,22.574352054690415,22.48160260655891,0,61.886745790636716,52.95600049960581,5168742.0,5067324.133333334,1.0200140871193792,0,1244349467.0,644.4246904529798,38978662.71338593,0.21705288939531966,0.2342854094230192,0.33362747594811537,0.7022365551794496,0.23579299906914472,0.9102097067272321,1.1909597469144433,0.842295920557117,1.1909597469144433,0.00822061414610763,0.0049988012035638305,1.0,0.0,0.0,1.0,1.0,2579.667236328125,0.018901472792067997,0.016254681979342323,0.3771747745327584,0.5115,0.31832833278004147
2025-06-10,649.0402654311895,658.6696606821587,647.4023139331907,653.55712890625,5693888.0,0,1,0.011601139377204639,0.0331109598497592,0.03922648384046812,-0.007013578416157795,0.05750541473925064,0.011534362125024348,0.7666666666666667,0.6111111111111112,645.4193176269531,0.012608564784236104,625.5832861328125,0.04471641649246135,630.5831201171875,0.03643295872682577,646.1467303466796,0.011468600259873517,641.8078298602906,639.4117954407016,0,1,1,58.5808807588088,0,0,2.396034419589,2.4414586161225413,-0.04542419653354113,0,666.7555460757835,624.0830891781227,645.4193176269531,0.06611586565855647,0.6907040716875852,14.205333236365256,0.021735411654277816,10.901442539940003,25.585888634611432,21.056389489595677,0,78.04638589693846,66.86452451148656,4688724.714285715,5106158.066666666,0.9182490344147425,0,1250043355.0,645.544843267939,39044718.30167212,0.12672316690436758,0.23379764897802321,0.3345742867510735,0.6987914440417561,0.23511789866011973,0.9207691763974593,1.204776236931038,0.852067512928351,1.204776236931038,0.017240033427260198,0.004609762440609427,0.0,0.0,0.0,1.0,1.0,2610.63818359375,0.012005791611211292,0.036985740102222886,0.37329146005185626,0.5037,0.31599532534173647
2025-06-11,655.6914567643897,658.074008625596,649.3380255283802,650.4300537109375,3928464.0,0,1,-0.0047847006130065095,0.0077673575418624186,0.03818731169625966,0.008698360112638692,0.048907360893107876,-0.004796183937139062,0.7555555555555555,0.5888888888888889,645.6501251220703,0.007403279892439336,625.4641589355468,0.03991578800914693,630.9975805664062,0.030796430514183584,646.0891525268555,0.006718734043289097,643.1343258373131,640.2279627199782,0,1,1,56.463749059433155,0,0,2.9063631173348767,2.5344395163650084,0.3719236009698683,1,667.1038741348987,624.196376109242,645.6501251220703,0.0664562684279575,0.6114007762934346,13.814665369283153,0.02123927898236792,10.816421269486732,24.430191902891398,20.10528707285058,0,71.9535298151858,70.62888716758702,4050353.1428571427,5040267.333333333,0.8035988718436647,0,1246114891.0,646.0123084437442,39025921.77756315,0.12990652350418527,0.23453744585950592,0.33012130812115303,0.7104583681506307,0.231134075145157,0.9163635715547129,1.1990117433316585,0.8479906249769198,1.1990117433316585,0.013431087704779139,0.003265709704232891,0.0,0.0,0.0,1.0,1.0,2578.76806640625,-0.012207787884121246,0.024773742530039833,0.37315176861481164,0.5154,0.32456329205035356
2025-06-12,651.224217040476,656.9323561380106,643.481014382852,646.3102416992188,6539340.0,0,1,-0.0063339816298674245,0.0003841255442447178,0.030142310204824163,0.0014612676589151885,0.042263600937778145,-0.0063541264009699065,0.6666666666666666,0.5111111111111111,645.1388732910157,0.0018156841211995716,625.4323901367187,0.033381468391709246,631.4224639892578,0.023578156557658037,645.995340270996,0.0004874670273791689,643.6229282776062,640.6785019036257,0,1,1,53.70971936112549,0,0,2.944426373980491,2.616436887888105,0.327989486092386,0,665.9789789675931,624.2987676144382,645.1388732910157,0.06460657244312934,0.5281037060555697,13.788713682559973,0.02133451211651539,10.202765415309445,22.72787388502716,21.738393033421552,0,63.92640539268858,71.30877370160431,4444055.142857143,5061405.8,0.8780278283272887,0,1239575551.0,645.7627530145447,38984501.71813169,0.1470424992235075,0.23563261130385774,0.329399237752563,0.7153404874629959,0.2287381713865116,0.9105593415262057,1.1914172249754005,0.8426194679360162,1.1914172249754005,0.020812515240039554,0.0012209819103645415,0.0,0.0,1.0,1.0,1.0,2541.303466796875,-0.014528099714521958,0.029463064481514145,0.3768937642568254,0.5215,0.32668797982853204
2025-06-13,630.37714125892,643.2825000563467,630.37714125892,637.1276245117188,4543933.0,0,1,-0.014207754411191043,-0.02513858952472381,0.009357543141875757,-0.029707478903964524,0.01792224757160188,-0.014309650851750027,0.4444444444444444,0.4222222222222222,644.3571075439453,-0.011219683848576913,626.2632958984375,0.017347861010591863,631.7689227294921,0.008482059799768066,645.8697613525391,-0.013535448419992732,642.623650775162,640.4154739486696,0,0,1,48.08057571913623,0,0,2.2081768264923767,2.5347848756089593,-0.3266080491165826,0,665.1660281532746,623.548186934616,644.3571075439453,0.06458816195461974,0.3262888506339603,13.9418841652556,0.02188240413518464,10.345982253982546,20.872593303803377,26.67740220563046,0,49.89514089333988,61.92502536707145,4655056.285714285,5029727.733333333,0.9255086025559591,0,1235031618.0,645.1879844016727,38919942.63400678,0.18287554750464605,0.23864603684369237,0.32925707265556386,0.7248015507121398,0.2180914322525611,0.8976223380249855,1.1744898616416872,0.8306477374734929,1.1744898616416872,0.02025553170342777,-0.02465240284357698,1.0,1.0,1.0,1.0,1.0,2506.779052734375,-0.01358531734347157,0.007930911777048744,0.3799879694071296,0.539,0.3391985804551806
2025-06-16,637.1275858833874,646.3102444709759,631.3698228871697,644.8707885742188,3422978.0,0,1,0.012153238636347208,-0.008547060679316876,0.019380020347921523,-0.014936826924905722,0.02557610718461012,0.012079980979602096,0.5666666666666667,0.45555555555555555,643.9227905273438,0.0014722231621878646,628.0065112304687,0.026853666390667545,632.391357421875,0.01973371553213462,645.8253369140625,-0.0014780286329503147,642.9693642827091,640.7454972542658,0,0,1,52.59260780215399,0,0,2.2238670284432374,2.472601306175815,-0.2487342777325776,0,664.2809206250728,623.5646604296147,643.9227905273438,0.06323158738039585,0.5232830334201654,14.013208266580646,0.02173025746376765,10.206947865783228,20.826356813044725,24.64579017151724,0,69.45041680913701,61.090654365055194,4634672.571428572,5058755.0,0.9161686168688881,0,1238454596.0,644.8172114741566,38961542.90248775,0.19411103538512114,0.24071485429671827,0.3297558381441954,0.7299790525360119,0.2193900485901737,0.9085313565043192,1.1887637172061891,0.8407427976497501,1.1887637172061891,0.02316808552739515,-6.062887541089893e-08,0.0,1.0,1.0,1.0,1.0,2542.863037109375,0.01439456115433857,0.016315786032824686,0.32881312470839413,0.6055,0.44408365808770073
2025-06-17,644.4241568299453,645.6650567232551,632.9581933431112,637.0283813476562,4199339.0,0,1,-0.012161207121665019,-0.01436130785605294,-0.01299700884485433,-0.012693287089699967,0.018490692639087314,-0.012235759650042607,0.23333333333333334,0.4111111111111111,642.8779541015625,-0.009099040831289963,629.46283203125,0.01201905645801611,633.0649182128906,0.006260753077195189,645.7369848632812,-0.013486301264699616,642.0553669080855,640.4701553352577,0,0,1,48.039035830014384,0,0,1.5852115728278022,2.2951233595062126,-0.7099117866784104,0,662.3352661252011,623.420642077924,642.8779541015625,0.06053190002706075,0.34968188959503593,13.91989791754945,0.02185129944775994,10.077844505312433,19.468394931545543,23.038785936797478,0,52.087963551334894,57.14450708460396,4449992.142857143,5106128.6,0.8715002091520263,0,1234255257.0,643.5168336823443,38910473.87113466,0.16817176747960383,0.2430796837476945,0.32985112592618243,0.7369375595282748,0.2181325463606028,0.8974825185013429,1.1743069154225243,0.8305183503514835,1.1743069154225243,0.019947091451815793,-0.0006925910619411082,1.0,1.0,1.0,1.0,1.0,2487.387939453125,-0.02181599907138998,-0.01754644970354291,0.3111600819625243,0.6385,0.4996862875942793
2025-06-18,633.3552667095037,644.1759373519938,633.3552667095037,640.6517333984375,3412544.0,0,1,0.005687897363561678,0.00553124484190981,-0.008374333649407095,-0.007153944307973781,0.014222779385893336,0.005671782353491341,0.25555555555555554,0.37777777777777777,642.0018768310547,-0.002103021005610678,631.0779858398438,0.015170466683056431,633.672958984375,0.011013211649819816,645.7253201293945,-0.007857190314204074,641.8394232912166,640.4836055621598,0,0,1,50.18505208125887,0,0,1.3558177290567528,2.1072622334163205,-0.7514445043595677,0,660.0890754514065,623.9146782107028,642.0018768310547,0.0563462484241664,0.46267682295759177,13.698524540759495,0.02138217041588809,9.957962813446693,18.369939354578825,21.738879961610415,0,60.109770988874175,60.54938378311539,4534355.142857143,5100280.166666667,0.8890404045824428,0,1237667801.0,642.0849596007139,38929884.0711553,0.17376263520792606,0.24199181945804574,0.3301354481226753,0.7330076816474546,0.218614597908991,0.9025873069521693,1.1809862526307682,0.8352422534868372,1.1809862526307682,0.016890098127246362,-0.005766014114444914,1.0,1.0,1.0,1.0,1.0,2458.0009765625,-0.011814386660203069,-0.047163548093436924,0.313690959719131,0.6306,0.48741232474276447
2025-06-19,638.3188591454907,640.006494997008,630.4267242742856,636.6808471679688,4392425.0,0,1,-0.006198197902945735,-0.012700127764133318,-0.025822198231582716,0.012391371567229026,0.03410181493095177,-0.006217486475800166,0.18888888888888888,0.4777777777777778,641.5948608398437,-0.0076590602135474415,632.6137219238282,0.0064290816072913115,634.2040637207032,0.003905341496449831,645.5523382568359,-0.013742481535769159,641.0457961953323,640.2019197551828,0,0,1,47.85254771612857,0,0,0.8438764401495291,1.8545850747629622,-1.010708634613433,0,659.781025624606,623.4086960550815,641.5948608398437,0.056690493938672336,0.364896922192405,13.450416296716098,0.02112583778284698,10.104343349942358,17.37245138858211,22.113663887617076,0,51.318551076823844,54.505428539011,4348431.857142857,5053634.9,0.8604562741845195,0,1233275376.0,641.426076045773,38902658.95173146,0.15015695338044593,0.23004486259756748,0.33018358670554115,0.6967180437188789,0.2120990992356984,0.8969928921989929,1.1736662661163044,0.8300652567028234,1.1736662661163044,0.015046425167859765,-0.003641407852862112,1.0,1.0,1.0,1.0,1.0,2419.518310546875,-0.015656082476192767,-0.0732081045347247,0.3047716814729233,0.5979,0.45274568327666465
2025-06-20,636.6808697765978,649.7351604139051,633.9508901109931,644.4241333007812,7166880.0,0,1,0.01216195864420233,0.011609768370883344,-0.009233768298205658,0.028600930609919528,0.035079336431310004,0.012088596246500147,0.26666666666666666,0.4777777777777778,641.5477081298828,0.004483571735114165,633.5836096191406,0.01710985498529091,634.7485711669922,0.015243141258278763,645.4327154541015,-0.0015626449189373314,641.5655403654013,640.514676314116,0,0,1,52.48976855556884,0,0,1.0508640512853162,1.693840870067433,-0.6429768187821168,0,659.6975445343313,623.3978717254344,641.5477081298828,0.056581408286393575,0.579241077076414,13.617120154301517,0.021130680014346707,9.513034655333227,21.037244915466797,20.28273317983014,0,57.66965275882048,56.36599160817286,4811062.714285715,5163523.833333333,0.931740197116494,0,1240442256.0,641.4048039923244,38989822.24989942,0.17694290412553648,0.23041868592555195,0.3298900508212515,0.6984711583508852,0.20299587616464804,0.9079020826580605,1.1879403467069063,0.8401604760268323,1.1879403467069063,0.024493605200761097,3.5510144721017504e-08,1.0,1.0,1.0,1.0,1.0,2447.3056640625,0.011484663453257493,-0.05097876154754577,0.3014960658537536,0.6375,0.48870413909020805
2025-06-23,639.311610576892,661.1514482052952,635.489663228247,656.5849609375,6080547.0,0,1,0.018870844539030873,0.024870341729260836,0.01589750335886353,0.04651900104141271,0.014495011498723231,0.018694998944501988,0.5555555555555556,0.37777777777777777,641.5452270507812,0.023442983054923868,634.7967138671875,0.03432318818662172,635.6157122802734,0.032990450443711204,645.3148300170899,0.01746454659985366,643.8762204534164,641.7050677676999,0,1,1,58.70111208499201,0,0,2.1711526857164927,1.7893032331972452,0.3818494525192475,1,659.6863912750139,623.4040628265486,641.5452270507812,0.056554591817722835,0.9145195341605739,14.477453355926283,0.02204962680725242,9.910674908174073,24.00627302526637,17.71474435703574,0,86.98731991750905,65.3251745843845,4745520.857142857,5183714.866666666,0.9154671850603571,0,1246522803.0,640.9410734043317,39104567.307048686,0.2081246877798159,0.2081933521529561,0.33230785257709916,0.6265074705228426,0.2098824096809109,0.9250349617165631,1.2103577843112547,0.8560150137577728,1.2103577843112547,0.03908372336217881,-0.007933474958025821,1.0,1.0,1.0,1.0,1.0,2470.895263671875,0.009639008300343033,-0.02770554719060936,0.2044520646892672,0.4766,0.48481084768981436
2025-06-24,663.9310650966863,669.0932207577878,659.8609376933879,664.5267333984375,5510353.0,0,1,0.01209557472897016,0.043736019945205706,0.04300411382682845,0.05276406981911674,0.05458845395011824,0.012023007837751239,0.7888888888888889,0.6,642.0391052246093,0.035025324767345996,635.8251733398438,0.04514064755855922,636.4639916992187,0.04409164079227399,645.2473251342774,0.02987909831342272,647.0532224449581,643.395561518125,0,1,1,62.178668673314846,0,0,3.6576609268331595,2.162974771924428,1.4946861549087314,0,662.1168055512329,621.9614048979857,642.0391052246093,0.06254354341734264,1.0600150367820997,14.336796674809248,0.021574446826976904,10.837054509579044,26.466976895649864,16.610788720094128,0,88.6420314280889,77.76633470147284,4883580.857142857,5166549.633333334,0.9452306091545448,0,1252033156.0,641.6195564837031,39171218.19354319,0.17788338775999255,0.19398588623911517,0.32834983960420083,0.590790257345487,0.20762541940682833,0.9362237912229159,1.2249977573401822,0.8663690073258005,1.2249977573401822,0.013893019799497508,0.011188352758944165,1.0,1.0,1.0,1.0,0.0,2504.480224609375,0.013592223608697607,-0.0009170445725930065,0.20719227195693699,0.5679,0.5320269993301904
2025-06-25,672.0217351251808,672.0217351251808,663.5836161421546,667.7530517578125,5533268.0,0,1,0.004855061801464888,0.036201186844972755,0.03548348535709844,0.05555117637325546,0.03397131560630062,0.0048433139977810315,0.7555555555555555,0.4777777777777778,643.1658416748047,0.038228414026128414,637.0710363769531,0.048161058388950136,637.1792468261718,0.047983051996640866,645.1847839355469,0.034979541341012416,650.2378115700127,645.1998200543981,0,1,1,63.522471997044214,0,0,5.037991515614635,2.73797812066247,2.3000133949521655,0,666.292498251951,620.0391850976584,643.1658416748047,0.07191506475817938,1.0315772731996384,13.915462553967606,0.020839234680150302,11.891119942316458,26.823825238702934,15.891322817231066,0,89.74972986631359,88.45969373730388,5185050.857142857,5190339.1,0.998981137310057,0,1257566424.0,642.8087656668795,39198082.55164725,0.17274555232490474,0.18186903978722546,0.32838187685345427,0.5538339738169761,0.20239595164059923,0.9407692155893048,1.2309451971587249,0.870575282399241,1.2309451971587249,0.012636586176301994,0.011278706107748835,1.0,1.0,1.0,1.0,0.0,2526.070556640625,0.008620683772664783,-0.006603769146701244,0.2072371834552228,0.5719,0.5014465031840524
2025-06-26,669.1924485979032,687.9548786146274,667.802677116806,685.5723266601562,8196123.0,0,1,0.026685426379461363,0.04414868973128305,0.07620374026319454,0.06221631073212852,0.044227704586008665,0.026335580597961573,0.9,0.5555555555555556,645.1810607910156,0.06260454362937971,638.6812280273438,0.07341862665612107,638.1238195800781,0.07435627009081394,645.2165509033204,0.06254609510611087,655.6738908146501,648.190376099269,0,1,1,69.88644609200328,0,0,7.483514715381148,3.6870854396062054,3.7964292757749423,0,675.1043649730677,615.2577566089635,645.1810607910156,0.09275940042432441,1.1749131984790497,14.364488575599559,0.02095255017888164,13.778428705493633,32.0521157766666,14.29495673912776,0,95.86202573443951,91.41792900961401,5756020.0,5225769.0,1.1014685111416138,0,1265762547.0,645.6647338624448,39416799.58856076,0.16618398856499028,0.19112346612807193,0.3314619723603116,0.5766075208178437,0.2037544799446333,0.9658740432319769,1.2637934945946554,0.8938069550054847,1.2637934945946554,0.0293947125841488,0.0021555825709842647,1.0,1.0,1.0,0.0,0.0,2585.044189453125,0.02334599588181252,0.03926056263723399,0.20699761322068846,0.5926,0.5475881919515088
2025-06-27,689.9403258464356,694.9535491894592,686.3168739995497,692.273193359375,5666934.0,0,1,0.009774120743558656,0.04175371518770987,0.0805764774678801,0.071527369511863,0.06052772226828784,0.009726663013221835,0.9111111111111111,0.6555555555555556,648.3503173828125,0.06774559184896436,640.4254370117187,0.08095830263954297,639.0167706298828,0.08334119725370749,645.2311932373046,0.07290720072916429,661.3045527446078,651.4557699703879,0,1,1,71.87364821311587,1,0,9.848782774219899,4.919424906528945,4.929357867690954,0,683.9045547063425,612.7960800592824,648.3503173828125,0.1096760080786307,1.1176883443860859,14.008541000864087,0.02023556759851588,15.860577994077019,34.08750173371881,13.611168948479976,0,95.84932653273736,93.82036071116352,6078075.714285715,5324622.8,1.1415035285289532,0,1271429481.0,649.2317740316505,39472188.88572254,0.16299516122073168,0.19132153007000402,0.28037484184364214,0.6823776655991807,0.20364960661981663,0.9753146127535953,1.2761459648057474,0.9025431321051407,1.2761459648057474,0.01247581918924024,0.0063713178266085425,1.0,1.0,0.0,0.0,0.0,2645.117431640625,0.02323876799963287,0.0761254600231307,0.21373501336727993,0.6314,0.5655391940477279
2025-06-30,694.9039408706432,694.9039408706432,686.4161977110291,687.8059692382812,4919088.0,0,1,-0.006452978627434325,0.030030439288417865,0.0802994503411294,0.05240374378495094,0.05240374378495094,-0.00647388909910975,0.9,0.6222222222222222,651.4153411865234,0.05586394079309521,641.8321215820313,0.07162908509927879,639.9782196044922,0.07473340212007008,645.2426095581054,0.06596489297153728,665.3816937436345,654.1483773235652,0,1,1,68.6224911143579,0,0,11.233316420069286,6.182203209237013,5.051113210832273,0,689.5181321057717,613.3125502672751,651.4153411865234,0.11698462873117407,0.9775323168436794,13.614198297917659,0.01979366115853118,17.794002333475877,32.569517382080775,13.005036482900785,0,88.93159254248683,93.54764826988793,6153313.285714285,5377900.533333333,1.1441850304918777,0,1266510393.0,653.4531236446215,39440446.11599207,0.16414060577482562,0.19287285790791484,0.24255718665636847,0.7951644746818342,0.20313353225039987,0.969020928402472,1.2679110221693695,0.8967190405633286,1.2679110221693695,0.012340316221759342,0.003800157996154687,0.0,0.0,0.0,0.0,0.0,2618.229248046875,-0.010165213563721687,0.08212830489184686,0.21540420760608286,0.6403,0.5737148645441486
2025-07-01,687.35929088612,694.506825775511,679.3678471267395,689.2454223632812,5468762.0,0,1,0.0020928185991089254,0.005357707072306983,0.06955246823690864,0.05967646856243514,0.04760467723523809,0.0020906317049148955,0.8666666666666667,0.5888888888888889,654.5076629638672,0.053074641238129786,643.3053186035156,0.07141259745759947,640.955552368164,0.07534043478787056,645.1257168579101,0.06838931444286009,669.0530366081956,656.7481584376183,0,1,1,69.10740775368197,0,0,12.304878170577354,7.406738201505082,4.898139969072272,0,694.400251367538,614.6150745601965,654.5076629638672,0.12190105834062039,0.9353911439376242,13.723111180121498,0.019910340692677744,18.76890208201502,30.003100034958557,15.648918878084594,0,91.16066221534372,91.98052709685601,5910725.0,5295160.133333334,1.1162504723495803,0,1271979155.0,656.2412831727249,39451891.24281977,0.17220634462020068,0.19230584597294256,0.2419833699868735,0.794706867597448,0.2027087050809423,0.9710489134243585,1.2705645299385806,0.8985957108495947,1.2705645299385806,0.021964569016451274,-0.0006494249426999537,1.0,0.0,0.0,0.0,0.0,2620.62841796875,0.0009163330230401723,0.07082186604289387,0.20967634565398896,0.6776,0.621948788846198
2025-07-02,690.6352587487968,700.6120818018827,688.6001950360086,693.2659301757812,4566893.0,0,1,0.005833202052636821,0.0014340246393029776,0.05586629517969244,0.07265193315382246,0.05331825599287643,0.005816254802097573,0.8333333333333334,0.6222222222222222,657.609912109375,0.0542206213894109,644.6802355957032,0.07536402063758557,641.9428118896484,0.07994967360886257,645.0259484863282,0.07478766056258211,672.778097157055,659.4531785663711,0,1,1,70.47967237057924,1,0,13.324918590683865,8.590374279340839,4.734544311343026,0,699.4786079883545,615.7412162303956,657.609912109375,0.12733596348838416,0.9258076030057055,13.600880864818114,0.01961856233346061,20.0156582513903,31.3167321911516,14.661729448222326,0,89.5406024845884,89.87761908080635,5694488.714285715,5159939.266666667,1.1035960735182002,0,1276546048.0,658.7141059475349,39478530.85244154,0.1606025727878932,0.19266332145636383,0.24093698234460237,0.7996419627303429,0.2003542088581619,0.9767132379393562,1.277975989562626,0.9038374011946131,1.277975989562626,0.01732652109822914,0.0020164608141321747,0.0,0.0,0.0,0.0,0.0,2629.0244140625,0.003203810214443825,0.06399670302319382,0.20962051030526402,0.6773,0.6228994775413879
2025-07-03,695.8966607861727,702.944947950106,686.7636254451384,687.8059692382812,4216075.0,0,1,-0.007875709305541045,0.0,0.035031300728553205,0.07954190459941413,0.06666158688090107,-0.007906886507012365,0.7222222222222222,0.6888888888888889,660.3696716308593,0.04154687712969132,645.9608447265625,0.064779660955196,642.8397344970704,0.06994937047006046,644.8184698486328,0.06666604850779081,675.0900774772437,661.5533852828089,1,1,1,66.18029542434215,0,0,13.53669219443475,9.579637862359622,3.9570543320751277,0,702.5752120438988,618.1641312178199,660.3696716308593,0.12782398170651288,0.8250319429501423,13.785198124828792,0.020042277533728548,21.30043846637283,29.899790389371866,13.432428640345767,0,79.12389749161426,86.60838739718217,5509591.857142857,5074309.233333333,1.0857816510176668,0,1272329973.0,661.023858591307,39445326.27133118,0.18156432041592682,0.18326915321965342,0.24197879697652913,0.7573769086777868,0.19644862641738567,0.969020928402472,1.2679110221693695,0.8967190405633286,1.2679110221693695,0.023525998942532905,0.003794691900876174,0.0,0.0,0.0,0.0,1.0,2610.032958984375,-0.007223765202232779,0.042145565110805805,0.21031083918462215,0.6945,0.6061461897758423
2025-07-04,686.9621351667121,695.6484338411466,684.3810877969188,694.35791015625,2680991.0,0,1,0.009525856434809299,0.007417514323764474,0.03984236137656283,0.07673959258015883,0.07591139370755506,0.009480771553006839,0.7666666666666667,0.7111111111111111,662.8167236328125,0.04758658826615658,647.49658203125,0.07237308956595905,643.7654455566407,0.078588350693262,644.5817059326172,0.07722248981859296,678.0543594278599,663.983350088249,1,1,1,68.65157823445487,0,0,14.071009339610896,10.477912157809877,3.593097181801019,0,707.0007028973682,618.6327443682567,662.8167236328125,0.1333218601437487,0.8569301254486574,13.605351547643007,0.019594147843122318,22.20001678795644,28.131099361605493,13.888687880964952,0,88.15878635935323,85.60776211185198,5102123.714285715,5048718.7,1.0105779342164012,0,1275010964.0,662.9708241286211,39470865.0067002,0.18360394817455317,0.1844397914588626,0.20897423370191467,0.8825958501752492,0.19543248786126652,0.9782516826487596,1.2799889605386672,0.9052610574060949,1.2799889605386672,0.01622700034005852,-0.0012268490087454322,0.0,0.0,0.0,0.0,0.0,2597.9384765625,-0.004633842795066179,0.028450480028337388,0.2028250788825806,0.7127,0.6490815333119417
2025-07-07,694.3579288041572,694.3579288041572,683.0905218665171,687.0614013671875,2481724.0,0,1,-0.010508282086713172,-0.008949709683584994,0.0021720169398982136,0.07854127301782787,0.04633752113832834,-0.01056388394595805,0.35555555555555557,0.5555555555555556,664.8666900634765,0.033382197717849234,648.7563427734375,0.05904382904372948,644.5720306396485,0.06591873166661331,644.2635391235351,0.06642912355691459,679.4400581877564,665.6928353681704,1,1,1,63.11999542607305,0,0,13.747222819586,11.131774290165101,2.615448529420899,0,709.5788759389496,620.1545041880034,664.8666900634765,0.1344997021017982,0.7481953282884106,13.438355504071371,0.019559176919748816,22.872097752278385,26.44634525813987,13.742874412641719,0,78.09716540503943,81.79328308533566,4285781.0,4903895.6,0.873954372111837,0,1272529240.0,664.0674792529834,39444786.350846834,0.13563894753492492,0.18259506439198778,0.21063912807105076,0.8668620406100265,0.19272360028401617,0.9679719380156846,1.266538475473448,0.8957483188527554,1.266538475473448,0.016399417745224822,2.685633285325304e-08,0.0,0.0,0.0,0.0,1.0,2574.94873046875,-0.008849226531403187,-0.0039053332339787916,0.20463578910878202,0.733,0.654846881929184
2025-07-08,687.0613826258577,691.2308181059925,678.1269039930595,680.6087036132812,3923236.0,0,1,-0.009391733753440379,-0.010464092995544516,-0.01684954705452313,0.06236925326477416,0.039654115340135965,-0.009436114176202638,0.2222222222222222,0.5111111111111111,666.2192687988281,0.021598647004606775,650.0081616210938,0.04707716579415089,645.3081317138672,0.05470343571474864,643.8865536499023,0.05703201869214012,679.6198497916834,666.7977144974378,1,1,1,58.62150545707132,0,0,12.822135294245527,11.469846490981187,1.35228880326434,0,711.127170740235,621.3113668574213,666.2192687988281,0.13481417918870572,0.6602104996268541,13.414466833275775,0.019709514089461033,22.87545990165198,24.601052618000963,15.426964248044124,0,69.19912926070161,78.48502700836478,4036681.285714286,4893901.0,0.824839179565399,0,1268606004.0,665.4857931825491,39407940.36288292,0.1282954732018243,0.18490877593583765,0.2048566043856348,0.9026254071250438,0.1940758864780752,0.9588810032930396,1.2546434833233133,0.8873356891319986,1.2546434833233133,0.019253227358636008,-2.727751803666605e-08,0.0,0.0,0.0,1.0,1.0,2590.141845703125,0.00590035640500286,-0.020783797830632222,0.20496635118970008,0.7059,0.6375902191600026
2025-07-09,686.9621609207103,686.9621609207103,659.2652518726974,669.0435791015625,6703774.0,0,1,-0.01699232532631556,-0.0364571796251173,-0.02727860904943491,0.05083038397895434,0.03692588308088629,-0.017138351465972562,0.18888888888888888,0.5,667.1499450683593,0.002838393448431057,650.9869836425781,0.027737260364176904,645.7811627197266,0.03602213524449298,643.4517425537109,0.03977273640799155,677.9927312239724,666.9640748384842,1,1,1,51.5326525010639,0,0,11.028656385488262,11.381608469882604,-0.35295208439434234,0,711.4474384486053,622.8524516881133,667.1499450683593,0.13279621382778373,0.5213740540231969,14.43464127718557,0.021575038948239207,21.472150996951356,21.22933679828901,22.646135121958224,0,50.863349815431896,66.05321482705767,4291636.428571428,4999150.966666667,0.858473060163055,0,1261902230.0,666.4153470471153,39294027.65416083,0.1554952485644107,0.18700561191537782,0.20643471508202604,0.9058825781364915,0.2034507076246139,0.9425873853358605,1.2333241730861417,0.8722577924286172,1.2333241730861417,0.041397765277422165,0.009334963355154277,0.0,0.0,1.0,1.0,1.0,2581.845703125,-0.0032029684366081668,-0.013896241113728336,0.20282001373749084,0.6836,0.6309380549467782
2025-07-10,670.0859352049938,674.5531747730271,667.6537593220128,670.1355590820312,3641238.0,0,1,0.0016321507515775213,-0.024635123224031275,-0.027725774682298532,0.03989829749167595,0.03853843192487383,0.0016308202410719934,0.18888888888888888,0.5111111111111111,668.3412109375,0.0026847785459978555,651.9876452636719,0.027834751087990522,646.1410235595703,0.0371351371412325,643.0941152954101,0.04204896786250242,676.7839355098276,667.1989995972654,1,1,1,52.12137377310249,0,0,9.584935912562287,11.022273958418541,-1.4373380458562544,0,711.546987807648,625.1354340673521,668.3412109375,0.12929257140837397,0.5207651415448913,13.89641086103048,0.02073671613556239,20.169078442586493,20.476470177929993,21.843023871924427,0,51.361277321178086,57.141252132437224,4030561.5714285714,4968999.7,0.8111414398814657,0,1265543468.0,667.7632950332206,39299970.7034992,0.1547676565891336,0.1869781195921695,0.2063781105638058,0.9059978264233676,0.20297614616473186,0.944125830045264,1.235337144062183,0.8736814486400989,1.235337144062183,0.010295551933500293,0.001557979384289211,0.0,0.0,1.0,1.0,1.0,2579.846435546875,-0.0007743559484229001,-0.015561909556595976,0.2009485364424647,0.6927,0.6451273780267944
2025-07-11,668.100493366367,671.128276946224,656.7338383818669,666.0654296875,4450346.0,0,1,-0.006073591140435264,-0.021368039886314305,-0.039235305391950304,0.01443905863525008,0.059116034217604474,-0.006092110418865573,0.13333333333333333,0.6666666666666666,669.7881011962891,-0.005557983938711522,652.7907556152344,0.020335266634948983,646.3137573242187,0.030560501210827522,642.7121664428711,0.036335492719671,675.134934614085,667.1150314558013,1,1,1,49.698227672015705,0,0,8.019903158283682,10.421799798391572,-2.401896640107889,0,710.456289618524,629.1199127740541,669.7881011962891,0.12143598355837817,0.45423116134239055,13.931984268410952,0.020916840369492627,19.82298808912139,18.96531587329153,25.829606184197456,0,20.19339373761043,40.8060069580735,4013912.0,4815544.266666667,0.8335323647182339,0,1261093122.0,669.0694672579062,39272941.12146173,0.13864399154051324,0.17028522029637422,0.20696956442215983,0.8227548855881058,0.2000877792026544,0.9383915957684449,1.2278342113285565,0.8683750647340758,1.2278342113285565,0.02161114797852601,-0.003036797089908093,0.0,1.0,1.0,1.0,1.0,2557.556396484375,-0.008640064290406091,-0.027184235032526427,0.2011104453370458,0.7158,0.6081150693772315
2025-07-14,666.1150667916003,675.5955299161492,660.1587472673833,661.6478271484375,4338084.0,0,1,-0.006632385261512663,-0.011054215575996618,-0.038031281000385775,-0.0043322655136491806,0.05609261908765473,-0.006654477264605431,0.15555555555555556,0.6555555555555556,670.626953125,-0.013389151650886385,653.4479357910157,0.012548652935135018,646.5579663085938,0.023338759440234804,642.3905255126953,0.029977561733764493,673.0599950039854,666.7100533589595,1,1,1,47.13677286189475,0,0,6.349941645025865,9.60742816771843,-3.257486522692565,0,709.7955509189836,631.4583553310164,670.626953125,0.11681188061847218,0.385378511329531,14.039469867007734,0.021218946531593532,19.07171769710586,19.74862708421417,23.80100894906727,0,10.633782249513375,27.39615110276733,4031341.8571428573,4680244.9,0.8613527589427761,0,1256755038.0,669.9143121662863,39244169.27707692,0.1380157370832964,0.17131668102382897,0.20391699242801853,0.8401295006560217,0.19805160523298074,0.9321678211791429,1.2196907418017597,0.8626156667532684,1.2196907418017597,0.023330814393051277,7.452286500375606e-05,1.0,1.0,1.0,1.0,1.0,2580.146484375,0.00883268416746441,-0.011450611957407819,0.20248354481084901,0.6877,0.5838045167533983
2025-07-15,665.1223378035131,669.3413974089831,658.074050698936,665.9661254882812,4815703.0,0,1,0.006526581306032009,-0.0062217763812763005,-0.040889265107644235,-0.002676028607922154,0.06147147107708162,0.006505375392330864,0.13333333333333333,0.7,672.0738403320313,-0.009087862787119627,654.2579956054688,0.01789527978481557,647.0682238769531,0.029205423653938852,642.1376300048828,0.037108081461005894,671.9686304631078,666.6549475907611,1,1,1,49.857366179667395,0,0,5.313682872346703,8.748679108644085,-3.4349962362973816,0,708.0221662265328,636.1255144375298,672.0738403320313,0.10697731034060666,0.4150486887529267,13.84146107008197,0.02078403171022177,18.539676850897642,18.60034498101179,23.492904795636758,0,19.978501257973885,16.935225748365927,4336300.714285715,4714654.133333334,0.9197494856785777,0,1261570741.0,670.9884555685798,39275599.35425212,0.12495238284733266,0.1718470465646172,0.20401546426471603,0.8423236306324339,0.19783555698804206,0.9382516902549354,1.2276511525963436,0.8682455980381907,1.2276511525963436,0.01691879853766722,0.005251299123961499,1.0,1.0,1.0,1.0,1.0,2597.038818359375,0.0065470445521882414,-0.00034629696247290287,0.19399683303693785,0.719,0.638969910884686
2025-07-16,663.1368959739408,665.7179434884117,659.1660163573304,661.89599609375,4497141.0,0,1,-0.006111616250071394,-0.006259795821720093,-0.03662759285176076,-0.03453513166400424,0.04859637336340894,-0.006130368620567404,0.17777777777777778,0.6,673.1360534667969,-0.01669804687352299,654.8625622558594,0.010740320554685446,647.5377801513672,0.022173557099674477,641.8358432006836,0.03125433567722108,670.4189944062836,666.3024326650567,1,1,1,47.38219420093132,0,0,4.11656174122686,7.822255635160641,-3.7056938939337805,0,706.3245546896801,639.9475522439136,673.1360534667969,0.09860859792594753,0.3306633779940489,13.338507360144035,0.020151968645924227,18.045638922275725,17.923012951009724,22.637410077010934,0,11.170815330153937,13.927699612547094,4624217.428571428,4762328.0,0.9709993575770984,0,1257073600.0,671.6792719781042,39248114.554237664,0.12086227048845247,0.17296263952057442,0.20272146156343523,0.853203396357969,0.19659038271963197,0.9325174559781164,1.220148219862717,0.8629392141321676,1.220148219862717,0.009898726038151394,-0.004248308444015955,1.0,1.0,1.0,1.0,1.0,2607.334228515625,0.003964288128259108,0.01257714286256073,0.19336145793550183,0.7056,0.6332926879981013
2025-07-17,665.1222969740659,673.0640557439056,663.5339694564224,669.63916015625,4022119.0,0,1,0.011698460344521155,0.012077925264643463,-0.016117254156162053,-0.03269523277839126,0.05853264374880296,0.011630562378713872,0.3,0.6888888888888889,674.783969116211,-0.007624379350178289,655.9416479492188,0.020882211473926136,647.9606781005859,0.03345647782086371,641.5598666381836,0.043767222636920455,670.2990199062784,666.5495976644044,1,1,1,52.23995070834469,0,0,3.749422241874072,7.007688956503327,-3.258266714629255,0,703.2941615338634,646.2737766985585,674.783969116211,0.08450168860707602,0.40977246164120046,13.183475380859145,0.01968743192644675,16.832865649706026,20.818661439321886,21.267643658058105,0,27.926881425182053,19.692066004436654,4638343.571428572,4777543.166666667,0.9708637702722808,0,1261095719.0,673.1580104841333,39295167.15386011,0.15270822368760445,0.17539801975635938,0.2038378035206895,0.8604783643018235,0.1969734823954814,0.9434264744574501,1.2344220754272188,0.8730342743084248,1.2344220754272188,0.014231674093342282,0.004874332069322424,1.0,1.0,1.0,1.0,1.0,2615.4306640625,0.00310525419346952,0.00976348781875691,0.19297169763006292,0.7006,0.6389179518636399
2025-07-18,671.5749777902114,674.3545812490079,666.1150186211852,670.9793701171875,3400654.0,0,1,0.00200139125768084,0.007527777220246223,0.0028933705906339924,-0.024464165583977904,0.03960618506200286,0.0019993911424285187,0.4666666666666667,0.5333333333333333,676.1117309570312,-0.007590995104579694,656.9095495605469,0.02141820067321732,648.3731536865234,0.0348660586918652,641.205217590332,0.04643466975946889,670.4036891694952,666.8777289572031,1,1,1,53.047923756026016,0,0,3.525960212292148,6.311343207661092,-2.785382995368944,0,700.8990108155214,651.3244510985411,676.1117309570312,0.07332302849827475,0.3964718825715402,12.830338755642256,0.01912180810179219,15.68120835840179,20.5821455026167,20.29207604220071,0,30.827071386988614,23.308256047441564,4166469.285714286,4707828.233333333,0.885008772455629,0,1264496373.0,675.3571593044595,39301973.19304611,0.11262920177278452,0.1667612076556656,0.20250603755040145,0.823487584236399,0.19325120026143128,0.9453146399556939,1.2368926369772673,0.8747815574726815,1.2368926369772673,0.012279904561571903,0.0028908369598780615,1.0,1.0,1.0,0.0,1.0,2594.93994140625,-0.00783455013271972,0.005071657948188424,0.19224938427859592,0.6855,0.5963148987307706
2025-07-21,674.0567828098826,682.1474738796396,674.0567828098826,677.7298583984375,4912558.0,0,1,0.010060649524993526,0.023921979280933536,0.011332482232115915,-0.016707494299141312,0.04901663010420032,0.01001037808494403,0.5444444444444444,0.6333333333333333,677.1689758300781,0.0008282756422381009,657.5200720214843,0.03073637936986479,648.8312939453125,0.04453941220591119,640.905912475586,0.05745608708868676,671.530792127794,667.6815903972946,1,1,1,56.994355515412224,0,0,3.8492017304994306,5.81891491222876,-1.969713181729329,0,700.190303048707,654.1476486114492,677.1689758300781,0.06799285862264802,0.512181803486671,12.711607684700104,0.018756157084091382,15.339327942121603,23.66945717230178,19.018639216269246,0,45.43500515945448,34.72965265720841,4348086.428571428,4777513.4,0.9101149624345225,0,1269408931.0,677.0658372373676,39351396.71735531,0.1267696068856802,0.16865677712022184,0.20241938030461218,0.8332046905114399,0.1938383242464266,0.9548251192391337,1.2493365802979408,0.8835824281333422,1.2493365802979408,0.011937929205120644,0.004586449047096127,1.0,1.0,1.0,1.0,0.0,2618.329345703125,0.009013466525240599,0.014916744510838464,0.1862424615723669,0.7218,0.6554504124920132
2025-07-22,678.2262599866204,687.4585431043716,678.2262599866204,685.0263671875,3802270.0,0,1,0.010766102007524259,0.022978356026340574,0.028467079441273357,-0.011885140506172065,0.04815070770311203,0.010708560163791013,0.7111111111111111,0.6111111111111112,678.1939575195313,0.010074418375766697,658.6180200195313,0.0400966058705554,649.3117700195312,0.05500377294391955,640.7227557373047,0.06914630556427384,673.6070344446719,668.9663886780506,1,1,1,60.82702168721655,0,0,4.640645766621219,5.583261083107252,-0.9426153164860329,0,700.6641141665772,655.7238008724854,678.1939575195313,0.06626469138483519,0.6520329781249422,12.498541757645393,0.018245344057281215,15.46750406298925,25.388710519250065,17.961222461700274,0,61.22451737250334,45.82886463964885,4255504.142857143,4714459.466666667,0.9026494284117738,0,1273211201.0,678.0850527584769,39392332.34403546,0.1239458921390423,0.16825037873013451,0.20195854487298517,0.833093637290513,0.192938284927568,0.9651048638722086,1.2627870653631599,0.8930951666866817,1.2627870653631599,0.013477266803110087,0.000732447570416934,1.0,1.0,0.0,0.0,0.0,2586.6435546875,-0.012101529957498913,0.011373027098486865,0.1864768592875084,0.6591,0.5963370180167142
2025-07-23,686.962191381457,690.933071100425,684.5796393137499,690.3374633789062,3640968.0,0,1,0.007753126661696141,0.028850504387843978,0.04336088634057034,0.0036805352873405806,0.061355420833159036,0.007723225626743904,0.8444444444444444,0.7555555555555555,679.3231781005859,0.01621361618945011,659.5084912109374,0.04674537565295494,649.6895007324218,0.06256521399939553,640.5356283569336,0.07775029649751349,676.1809465884002,670.5494312484844,1,1,1,63.38495295217404,0,0,5.6315153399157225,5.592911934468947,0.038603405446775874,1,701.8539157145834,656.7924404865884,679.3231781005859,0.06633289821493903,0.7444279780586851,12.059605331147512,0.01746914512233033,15.86477932667569,26.49125405824524,17.285321393735973,0,86.35224033666816,64.33725428954203,4155916.1428571427,4704876.266666667,0.8833210285042302,0,1276852169.0,679.1402577224875,39420561.230110645,0.09962312327769175,0.16804805784483293,0.20230768319244918,0.830655836659322,0.19220470527406,0.9725874441236289,1.2725776134276718,0.9000194466349521,1.2725776134276718,0.009203370994205836,0.0028259119454115663,0.0,0.0,0.0,0.0,0.0,2613.33154296875,0.010317613431076067,0.012861695564462705,0.18534041507786733,0.6581,0.5982662672890128
2025-07-24,691.9257818265096,699.2719334452119,686.565070040882,690.5359497070312,4593102.0,0,1,0.000287520725231305,0.01889556900865519,0.03689350445675532,-0.005504308935371238,0.06842798574804942,0.00028747939906881526,0.7888888888888889,0.8222222222222222,679.5713592529297,0.016134568216875998,660.1885046386719,0.04596784835714277,649.8250067138672,0.06264908640410327,640.3410552978515,0.07838774976849142,678.389408606651,672.0299140972656,1,1,1,63.48092685115811,0,0,6.359494509385399,5.7462284494522375,0.6132660599331619,0,702.497807617841,656.6449108880184,679.5713592529297,0.06747326252864717,0.7391253603607166,12.105838050660536,0.017531075761944896,16.844796519492874,29.42528995581448,15.989357431490273,0,79.46315243978003,75.67997004965054,4124116.0,4640001.666666667,0.8888177841890142,0,1281445271.0,679.7046608630271,39421881.842128746,0.10529012220915354,0.1662772909238471,0.2022976871994094,0.821943608084574,0.19148056209475225,0.9728670831709141,1.2729435058659977,0.9002782208789709,1.2729435058659977,0.01840145094505348,0.0023007855315126655,0.0,0.0,0.0,0.0,1.0,2607.234130859375,-0.0023331950076446173,0.00392574513246613,0.18003661327233894,0.6489,0.6008854865093801
2025-07-25,691.9257547758942,693.7126384376406,682.9416520006251,688.401611328125,5220901.0,0,1,-0.0030908432498145677,0.004927174050953109,0.040044984998852895,0.0019506407407992032,0.0804767912169897,-0.0030956297712816665,0.8222222222222222,0.8444444444444444,679.3777801513672,0.013282493835384537,660.9012780761718,0.04161034963043852,649.845853881836,0.059330620047781,640.042991027832,0.07555526890878819,679.9297474868778,673.2426324106627,1,1,1,61.610813859323244,0,0,6.687115076215036,5.934405774804797,0.7527093014102393,0,701.9147297845927,656.8408305181417,679.3777801513672,0.06634585437340683,0.7002008107489006,12.010491506828748,0.01744692532554805,17.30819732675504,27.540393864050962,17.12003943258202,0,74.44567721967924,80.0870233320425,4227510.285714285,4662567.266666667,0.9066915379296159,0,1276224370.0,679.474173048093,39405744.85551494,0.09238755446288226,0.15964226053492936,0.20192415207246905,0.7906050806524371,0.19016415914770243,0.9698601035139285,1.2690090370234965,0.8974956020170121,1.2690090370234965,0.015646370170800675,0.002012646943946403,0.0,0.0,0.0,0.0,1.0,2548.96044921875,-0.02235076664227975,-0.02238829938197362,0.18779698040436615,0.6155,0.5248900389779175
2025-07-28,688.4016087362826,688.8979686732774,677.8291178419679,684.3314208984375,5031797.0,0,1,-0.005912523100919165,-0.008700154343459388,0.021940563838529492,0.005469688038652443,0.06119153328601601,-0.005930071269116818,0.6444444444444445,0.7555555555555555,679.204052734375,0.007549083583085997,661.5167639160156,0.03448840335861594,649.8478387451172,0.053064086848252826,639.7935702514649,0.06961284501416205,680.6069280117331,674.0640241504979,1,1,1,58.09596468126749,0,0,6.5429038612352315,6.056105392090885,0.48679846914434677,0,701.5199311041439,656.888174364606,679.204052734375,0.06571185280749876,0.6148816120769087,11.943231458577376,0.017452408429379843,17.13672878903863,25.717242204744007,19.04434666333607,0,64.87733518737517,72.92872161561151,4371750.0,4716194.566666666,0.9269655732396735,0,1271192573.0,679.1368139043124,39375994.23951331,0.10370549102701922,0.15886095001376407,0.20240618182616119,0.7848621449230418,0.1878832372895895,0.9641257832472425,1.2615059917768199,0.8921891385371131,1.2615059917768199,0.016174693274755063,-3.7650150355282775e-09,0.0,0.0,0.0,0.0,1.0,2521.1728515625,-0.010901541318448782,-0.03603911730299558,0.1859808638709146,0.6105,0.5231690314220105
2025-07-29,681.105116629587,689.9403482026086,680.0131489478948,687.6571044921875,2985507.0,0,1,0.004859755802800736,-0.004169001217192436,0.024855807969307975,0.02782109562372681,0.07947640109444487,0.0048479853086503535,0.6666666666666666,0.8555555555555555,679.1246368408204,0.012563920064892393,662.1114038085938,0.03858217897569788,649.8200427246094,0.05822698482634105,639.6568234252929,0.07504067698341473,681.6915705471877,675.070918990623,1,1,1,60.09898157280823,0,0,6.620651556564667,6.169014624985641,0.45163693157902607,0,701.3009227646387,656.948350917002,679.1246368408204,0.06530844184059907,0.6923781935505008,11.799229158301403,0.01715859413248519,17.06732369470562,24.80276215882366,17.899858920799527,0,72.69546523950281,70.67282588218576,4312443.285714285,4675733.5,0.922303053780607,0,1274178080.0,678.8179094061834,39390503.07448086,0.1038435396565755,0.15319184625131926,0.2020367825474496,0.7582374076628408,0.1863854560661203,0.9688111991170081,1.2676366028406252,0.8965249598803146,1.2676366028406252,0.014436263640502423,-0.004714534756587403,0.0,0.0,0.0,0.0,1.0,2546.76123046875,0.010149394909750642,-0.018566406940189517,0.176561786088044,0.5721,0.49816660623953196
2025-07-30,684.1329497485343,692.4717606323862,679.8145817884762,683.7854614257812,2829322.0,0,1,-0.00563019423650879,-0.006705605893974953,0.008935127989865954,0.020368867401168833,0.06732788780346244,-0.0056461035230966185,0.5111111111111111,0.8222222222222222,678.6506134033203,0.007566261521094784,662.6236474609375,0.031936400166115826,649.809619140625,0.052285840782242264,639.5163537597656,0.0692227922018791,682.0137076054328,675.7164406524867,1,1,1,56.70101822492192,0,0,6.297266952946188,6.194665090577751,0.10260186236843705,0,699.9418001976198,657.3594266090208,678.6506134033203,0.06274564959877582,0.6205862329815198,11.860511278702022,0.017345369195143928,17.22568915286739,24.436650782648403,16.53541692429593,0,63.5938750986165,67.05555850849818,4014838.1428571427,4656292.766666667,0.862239198445263,0,1271348758.0,678.1905512383959,39374573.442063235,0.1051459181771629,0.15469173823738533,0.20181956766106662,0.766485331576831,0.18681838094915162,0.9633566038874743,1.2604995625453241,0.8914773502183102,1.2604995625453241,0.018510453289717805,-0.005124872150133108,0.0,0.0,0.0,1.0,1.0,2531.767822265625,-0.005887245346657521,-0.033059830146865976,0.17368070802002894,0.6071,0.5427061132337783
2025-07-31,672.1706358807257,687.2599908341853,670.0363243999594,678.0773315429688,6136890.0,0,1,-0.008347837450229378,-0.009138977349977484,-0.01014418711072651,0.018034116950198742,0.06501920791105364,-0.008382875777708899,0.3333333333333333,0.7888888888888889,678.1641815185546,-0.00012806629714859957,663.2887707519532,0.022295810577721946,649.8662048339844,0.04341066899484518,639.4783822631836,0.0603600533659626,681.4081112881307,675.891321459189,1,1,1,52.0302264053504,0,0,5.516789828941683,6.059090038250537,-0.5423002093088547,0,699.0146279801515,657.3137350569577,678.1641815185546,0.06149085141862932,0.4979173113691869,12.243593789810866,0.018056338444393208,16.230701724134846,21.98120504929177,20.57849473586769,0,48.554147714887,61.614496017668806,4348355.285714285,4714441.6,0.9223478949690003,0,1265211868.0,677.4925279959698,39323343.6818933,0.09508870121232726,0.15583529708425065,0.19496188784192078,0.7993115926873112,0.19016747300426773,0.9553146595516167,1.2499771170911107,0.8840354422081265,1.2499771170911107,0.025400740642712954,-0.016986066829846155,1.0,1.0,0.0,1.0,1.0,2429.613525390625,-0.04034899882074661,-0.060708027981785984,0.20604256127133172,0.5876,0.4460156741930979
2025-08-01,675.0495274710842,678.3254910009429,665.9661162106992,667.5545043945312,3475656.0,0,1,-0.015518623996016445,-0.02923346529299853,-0.033002640292563834,0.008927222313341865,0.03589308639835509,-0.015640298294704626,0.2111111111111111,0.5,676.8240112304687,-0.013695593953715498,663.7325170898438,0.005758324635720866,649.8175622558593,0.027295264346346118,639.4471115112304,0.04395577425766065,679.2767871506538,675.2737794543996,1,1,1,44.71719439980195,0,0,4.003007696254258,5.647873569851281,-1.6448658735970234,0,696.7154406585621,656.9325818023754,676.8240112304687,0.05877873449534001,0.26699746819487435,12.251863861270355,0.018353353592277438,15.254143097529152,20.397341363490877,21.468642037974053,0,23.01199251908695,45.05333844419685,4324739.285714285,4591400.8,0.9419215342111465,0,1261736212.0,676.7698686190631,39269406.2832898,0.10332925346162133,0.1610267649379257,0.19708261622588213,0.8170520973466692,0.18803102381649928,0.9404894905521527,1.230579192207349,0.8703164285813465,1.230579192207349,0.01851440550379266,-0.004465278414476419,1.0,1.0,0.0,1.0,1.0,2349.849365234375,-0.03282997864585302,-0.10082233096037208,0.22421955044142589,0.6262,0.45099682225853754
2025-08-04,671.0786465975764,683.7854490895452,666.9092109354642,682.6934814453125,2286286.0,0,1,0.022678263649066777,-0.0015969628517573664,-0.011357074552086677,0.025117427624065547,0.0397641159348725,0.022424934716280157,0.32222222222222224,0.5666666666666667,676.605615234375,0.008997658420006832,664.2536950683593,0.027760156268390068,649.8865563964844,0.05048100276260093,639.4213006591797,0.06767397448524708,679.8024324267551,675.823387009282,1,1,1,54.603105123976796,0,0,3.9790454174731167,5.314107939375649,-1.3350625219025325,0,696.1160452108085,657.0951852579416,676.605615234375,0.05767149883813797,0.6560156854126481,12.582176310756827,0.01843019840195256,14.53621623878545,21.542756531495403,19.41182141597916,0,58.663326502241375,43.40982224540513,3995194.1428571427,4464925.433333334,0.8947952664630485,0,1264022498.0,676.4635710220489,39321255.27997497,0.19434246099159305,0.16487014464238456,0.18630277578766782,0.8849580686349495,0.1802770986666656,0.9618181591780709,1.2584865915692829,0.8900536940068284,1.2584865915692829,0.024720080992062094,0.005279182718183455,0.0,0.0,1.0,1.0,1.0,2362.543701171875,0.005402191359714648,-0.09385057781782224,0.22276205914343689,0.6038,0.4483601766042619
2025-08-05,686.9621912465758,686.9621912465758,677.1839241768636,682.0978393554688,3302614.0,0,1,-0.0008724883216736368,0.005929276242506498,-0.009157113912755754,0.030521174596828127,0.02644153361170498,-0.000872869161144139,0.34444444444444444,0.45555555555555555,676.6800720214844,0.008006394096695546,664.8026684570312,0.026015495603497803,649.949594116211,0.04946267453704985,639.389037475586,0.06679626858868935,680.1555719542495,676.2881612571476,1,1,1,54.19248596035624,0,0,3.867410697101832,5.024768490920886,-1.1573577938190542,0,696.2660449979974,657.0940990449715,676.6800720214844,0.05788842847995411,0.6383073319993138,12.381897079253642,0.018152670137400823,14.176136210605218,22.16015205102617,18.316824347159088,0,51.944397013969834,44.53990534509941,3721153.1428571427,4391334.133333334,0.8473855620803157,0,1260719884.0,676.3642150160947,39318373.787828974,0.19409669551268374,0.16178941065229707,0.17724145781971776,0.9128192277501022,0.18038193263245528,0.9609789840666144,1.2573885767151558,0.889277132553145,1.2573885767151558,0.014335578425159588,0.006252747268402394,0.0,0.0,1.0,1.0,1.0,2327.159423828125,-0.014977194845622765,-0.08701626792938533,0.22144170397094148,0.5843,0.4283537598268791
2025-08-06,686.9621682725548,686.9621682725548,678.3751169328223,679.8641967773438,2498667.0,0,1,-0.003274665963222567,0.01843998100795874,-0.006527866446975117,0.015269472321045141,0.018137161616333275,-0.0032800394158563595,0.35555555555555557,0.4111111111111111,677.2211029052735,0.0039028522010483933,665.4955859375,0.02159084319034566,649.8135913085938,0.04624496297197182,639.3714166259765,0.06333217140836774,680.1107450039563,676.5530527771622,1,1,1,52.59520608813617,0,0,3.5576922267940745,4.731353238095524,-1.1736610113014496,0,696.5145020536864,657.9277037568605,677.2211029052735,0.056978139238852483,0.5684973615001295,12.110836669287847,0.01781361149284665,13.841776184437862,21.037837451095527,17.389157454718706,0,41.72868802103102,50.77880384574744,3359277.4285714286,4290180.766666667,0.7830153579242956,0,1258221217.0,676.9188170240411,39310191.48805065,0.19209069406896898,0.16176886245313035,0.17069747888390793,0.9476933315643755,0.18036986303898223,0.9578320988961192,1.253271049140442,0.886365046995301,1.253271049140442,0.012630539128897209,0.007131424022223048,0.0,1.0,1.0,1.0,1.0,2299.27197265625,-0.011983472591663213,-0.08801494065300863,0.22062203744710854,0.5844,0.43005534728333017
2025-08-07,676.9356968330054,684.8774557137408,669.440613416662,681.7999877929688,3417324.0,0,1,0.0028473201336398635,-0.0013087771842381635,-0.008517496090648335,0.016126602631451048,-0.005502466655217697,0.002843274195901933,0.3333333333333333,0.3333333333333333,677.8043243408204,0.005895010268685233,666.2262268066406,0.023376085118978828,649.6234851074219,0.0495310028396313,639.3751391601562,0.06635361000826402,680.3706285099581,676.9417146301848,1,1,1,53.864342013354,0,0,3.4289138797732903,4.470865366431077,-1.041951486657787,0,696.9000706376765,658.7085780439642,677.8043243408204,0.05634589692365042,0.6046218196983014,12.348408499844343,0.018111482430231408,13.181239048320727,19.15929705336947,21.004526016565244,0,47.54085891596724,47.071314650322726,3420965.5714285714,4130887.466666667,0.8281430077757718,0,1261638541.0,677.2760610970346,39319921.703479014,0.18991993382927458,0.1424687961099619,0.16763260233394497,0.8498871587410327,0.1772849369653142,0.9605593535159527,1.2568395130315675,0.8888888120393654,1.2568395130315675,0.022641306209243057,-0.004307477814275059,0.0,1.0,1.0,1.0,1.0,2248.794677734375,-0.02195359901837135,-0.11699822864019804,0.2124638390184822,0.4716,0.31655649825180815
2025-08-08,684.0,686.4000244140625,669.0499877929688,672.75,3471816.0,0,1,-0.013273669631858054,-0.013704543272416436,-0.01613877750891468,-0.007347851561690932,-0.028201573521336787,-0.013362552192664051,0.24444444444444444,0.3111111111111111,678.1385528564454,-0.007946094251311585,667.1034655761719,0.008464255869142094,649.4481072998046,0.03587952977040322,639.309538269043,0.05230715284101421,679.1982241238107,676.6312172501712,1,1,1,47.4663211090275,0,0,2.5670068736395706,4.090093667872776,-1.5230867942332056,0,696.5923992639923,659.6847064488984,678.1385528564454,0.05442500306114713,0.3539991951422758,12.705667651362159,0.018886165219416065,12.395525439676803,18.146488998943628,18.955781732878506,0,20.368465188931395,36.54600404197658,3512750.4285714286,4057716.8666666667,0.865696287838112,0,1258166725.0,677.9372873442423,39273837.96487241,0.20268392917159994,0.14421730501379698,0.1695826161003436,0.8504250514006829,0.18149914711512333,0.9478092059955907,1.240156640555321,0.8770899956089,1.240156640555321,0.0257897237028521,0.0032267706753014674,1.0,1.0,1.0,1.0,1.0,2177.126708984375,-0.03186950300958746,-0.14007647548181934,0.2098563504489759,0.4835,0.33251646890724057
2025-08-11,673.75,683.4500122070312,667.25,672.8499755859375,3235082.0,0,1,0.00014860733695654105,-0.010317091596608097,-0.0077090852530585785,-0.01777506996052558,-0.021744495280997533,0.0001485962959800756,0.34444444444444444,0.3111111111111111,678.6986602783203,-0.008617498508077746,668.0303552246094,0.007214672692092938,649.2126770019531,0.03640917594699597,639.326833190918,0.05243506240415953,678.2215705025994,676.3511252750427,1,1,1,47.54045204571519,0,0,1.8704452275567292,3.646163979809567,-1.7757187522528377,0,695.6651084880074,661.7322120686332,678.6986602783203,0.04999699926541625,0.3276396856873246,12.95526369105281,0.019254312493317677,11.86529977754178,16.525673209270927,18.25510064183317,0,20.66863973571868,29.525987946872466,3098206.4285714286,4001583.3333333335,0.7742451351102093,0,1261401807.0,678.4733207241214,39274318.72179327,0.1983916963853202,0.143288781013085,0.1695775490420389,0.8449749499420067,0.18500760164080235,0.9479500573976366,1.2403409369310827,0.8772203376174187,1.2403409369310827,0.024076707728084266,0.0014864362690449647,1.0,1.0,1.0,1.0,1.0,2282.37939453125,0.04834476795150566,-0.060599815287784575,0.26258529013774395,0.3945,0.21544227133350494
2025-08-12,658.0,677.75,657.5,667.0499877929688,12238878.0,0,1,-0.008620031215603396,-0.021633910624942576,-0.0007557684027914569,-0.03373346634261343,-0.03220251284979003,-0.008657398578204651,0.36666666666666664,0.28888888888888886,678.7528533935547,-0.017241718457720247,668.8233752441406,-0.0026515033965798774,648.9991607666016,0.027813328764624976,639.1997244262695,0.04357051841925768,676.5028654703485,675.6621521282224,1,1,0,43.68877924192961,0,0,0.8407133421261506,3.0850738522728838,-2.244360510146733,0,695.5541824366213,661.9515243504881,678.7528533935547,0.04950647045994775,0.15172798025120118,13.476316284549037,0.020202858153310785,12.341521059756651,14.751953641751813,21.463555911599975,0,22.862211550476903,21.29977215837569,4350095.285714285,4227253.866666666,1.0290593900726581,1,1249162929.0,677.6776030721384,39168819.21138931,0.1805245466488548,0.14482625229916357,0.17009967787242328,0.851419909259234,0.18853093736615045,0.939778698312036,1.2296491593367462,0.8696586709241944,1.2296491593367462,0.030357544967506932,-0.022070262502433335,1.0,1.0,1.0,1.0,1.0,2287.17724609375,0.0021021270933290204,-0.026670696457333998,0.26281760286052747,0.3749,0.2067225551470186
2025-08-13,673.0,704.9500122070312,670.9500122070312,700.5,13151356.0,0,1,0.05014618517227687,0.04124860646599782,0.026082742898013045,0.0144294446903106,0.010434768981629539,0.048929378452271056,0.6666666666666666,0.3333333333333333,680.6830535888672,0.0291133241919994,670.2089562988281,0.04519641735086866,649.1414880371094,0.07911759286590936,639.1870031738281,0.0959234097716748,680.1947323210641,677.501992711317,1,1,1,62.539083457401496,0,0,2.6927396097470364,3.0066070037677144,-0.313867394020678,0,698.185675439263,663.1804317384714,680.6830535888672,0.051426641982973226,1.0661136537291018,15.22086686522857,0.021728575110961556,12.67678092775574,24.8926460996738,17.646102541898436,0,90.62168374664435,44.717511677613345,5902248.142857143,4513402.633333334,1.3077158459709786,1,1262314285.0,680.4478895345843,39828309.544631846,0.3287024979436166,0.2043613822376257,0.1972203104056342,1.0362086025384711,0.20503893730172182,0.9869050149385526,1.2913113737777813,0.9132687356730352,1.2913113737777813,0.04853675945753034,0.00891988953739093,1.0,1.0,1.0,1.0,1.0,2279.0810546875,-0.003539818096772951,-0.035327450850105135,0.261848549558436,0.2638,0.20843065531420693
2025-08-14,701.0,702.3499755859375,688.0,695.25,4179259.0,0,1,-0.00749464668094213,0.03329126139085603,0.01928192685225194,0.009948246138852701,0.01082286443364655,-0.007522872662987412,0.5888888888888889,0.34444444444444444,681.9635955810547,0.019482571364567967,671.4617407226563,0.0354275721677631,649.2109649658203,0.07091536883793022,639.4463446044922,0.0872687065402231,682.5109273485926,678.8166599178861,1,1,1,59.190047461383834,0,0,3.6942674307065317,3.144139089155478,0.5501283415510536,1,699.8082822736727,664.1189088884367,681.9635955810547,0.05233325300132404,0.8722790051685695,15.158660345279209,0.021803179209319252,12.988093662326321,23.20945521989518,16.45290842572326,0,79.55740840548428,64.34710123420187,6027483.142857143,4512175.433333334,1.3358264171932668,0,1258135026.0,681.6068202424095,39796987.4750387,0.33493230864312784,0.2042296114894299,0.1929154046125016,1.0586485402741919,0.20417851613863833,0.9795085105439382,1.2816334512762346,0.9064241091744151,1.2816334512762346,0.020640022417745416,0.0007137758743754461,1.0,1.0,1.0,1.0,1.0,2280.580322265625,0.0006578386385343027,-0.020015432155429447,0.2621633340829188,0.2535,0.19989855300157552
2025-08-15,701.0,702.3499755859375,688.0,695.25,4179259.0,0,1,0.0,0.04227571055107138,0.022630700801111736,0.015955104161705425,0.0012847694693205458,0.0,0.6333333333333333,0.3111111111111111,683.1771270751954,0.017671658558726624,672.4584033203125,0.03389294648881224,649.388648071289,0.07062234928947568,639.6940213012696,0.08684773790087659,684.4707846795784,680.033944368413,1,1,1,59.190047461383834,0,0,4.436840311165383,3.4026793335574594,1.034160977607924,0,701.1769993823236,665.1772547680671,683.1771270751954,0.05269459879076741,0.8353599603043731,15.100897148183373,0.021720096581349692,13.277169772999004,21.634075234661882,15.336140178162564,0,79.55740840548428,83.245500185871,6267567.714285715,4562117.7,1.373828587168129,0,1258135026.0,682.6073295023907,39796987.4750387,0.33303380346692724,0.20239009804202157,0.19293085900535395,1.049029165605929,0.20535831366857654,0.9795085105439382,1.2816334512762346,0.9064241091744151,1.2816334512762346,0.020640022417745416,0.008270406328658756,1.0,1.0,1.0,1.0,1.0,2280.580322265625,0.0,-0.008129377739089838,0.2624644610675465,0.2557,0.1997028693606625
2025-08-18,700.0,719.0,697.0999755859375,714.1500244140625,7211389.0,0,1,0.027184501134933425,0.019486116222787286,0.04744798650673632,0.03852635237650781,0.03942678630027996,0.026821565380745475,0.8555555555555555,0.5555555555555556,684.9981353759765,0.042557618090573804,673.8201623535156,0.05985256054031241,649.7553314208984,0.09910606328130381,640.011876525879,0.11583870644810722,689.0368215618067,682.5610614088314,1,1,1,66.64720005902285,0,0,6.47576015297534,4.017295497441036,2.4584646555343044,0,707.4869834824606,662.5092872694925,684.9981353759765,0.06566104911844921,1.1481410008207762,15.718690209027418,0.022010347506357792,14.651419699868892,26.86530515119729,13.68099804941656,0,92.11386083587398,83.74289254894755,6809577.0,4719773.2,1.4427763181502027,0,1265346415.0,684.8870858298703,39993025.48749365,0.36179789593156586,0.2140342968746642,0.19725153541187868,1.0850830460089531,0.21038054199936743,0.9932545541224791,1.3164740172870222,0.9310647963989981,1.3164740172870222,0.030665859644870525,0.0068320747932398415,0.0,1.0,0.0,1.0,1.0,2332.55712890625,0.022791044074689237,0.03724770962917101,0.27338817825642336,0.3262,0.25862474843957345
2025-08-19,714.0,715.1500244140625,705.5499877929688,706.7000122070312,5641195.0,0,1,-0.010431998813055787,0.016468913638304494,0.050464529479050446,0.03351131615678149,0.03833525556642736,-0.010486793524725237,0.8777777777777778,0.5222222222222223,686.0818176269531,0.030052092987091758,674.8830200195313,0.04714445502952376,650.2331530761719,0.08684094138190537,640.3108468627929,0.10368271234122063,691.754235507226,684.3491318383277,1,1,1,61.84960925515277,0,0,7.405103668898278,4.694857131732484,2.7102465371657933,0,710.5758026674393,661.5878325864669,686.0818176269531,0.07140251909081918,0.9208828115555353,15.281643524175013,0.021623946880162472,15.927508917676645,25.65980694826068,13.067105206207371,0,80.0000198488313,83.89042969672988,7119488.285714285,4777038.5,1.4903560617554759,0,1259705220.0,686.3232066875196,39934176.54794943,0.3554824895583058,0.21451292344948142,0.19855457389121933,1.080372611144204,0.20905387571564316,0.9828929237928112,1.3027405619012653,0.9213519295480856,1.3027405619012653,0.013584316478377776,-0.00021007408658368427,0.0,0.0,0.0,1.0,1.0,2387.33251953125,0.023482979236047585,0.09655194145541279,0.2830238248903643,0.2838,0.21783259195888605
2025-08-20,701.0,705.9000244140625,698.0499877929688,700.8499755859375,5358070.0,0,1,-0.008277963096143148,0.008054621482829871,0.04161403138287523,0.033584140014162545,0.047540096755859684,-0.008312415695960949,0.8111111111111111,0.6333333333333333,686.6074432373047,0.020743341029745208,675.8914184570312,0.03692687382521184,650.6777886962891,0.07710757576368849,640.7049053955078,0.09387327876520951,693.15358013472,685.5714165603729,1,1,1,58.300650294447856,0,0,7.582163574347078,5.272318420255403,2.3098451540916747,0,711.9233421864557,661.2915442881537,686.6074432373047,0.0737419880850355,0.781296200013282,14.807956444881263,0.021128568111172783,16.271675226230734,24.589156868117392,16.139629201360798,0,70.48776518038618,80.86721528836385,7422772.285714285,4732181.7,1.568572966188996,0,1254347150.0,687.0549896717067,39889822.64222288,0.36583884719053766,0.20940142892843946,0.1968487881090867,1.0637679354794733,0.1973610966470729,0.974756572442194,1.2919565236059978,0.9137250122767263,1.2919565236059978,0.011200737525218316,-0.008065674414282313,1.0,1.0,1.0,1.0,1.0,2386.033203125,-0.0005442544746574463,0.04541480213242033,0.28307628212766683,0.2858,0.21428699143431007
2025-08-21,701.0499877929688,709.0,700.5,707.2999877929688,3231092.0,0,1,0.009203128246724646,-0.009591873397629569,0.06034030542924218,0.05953893373019259,0.0554580759180221,0.009161037509177338,0.9222222222222223,0.7222222222222222,687.4456451416015,0.028881327260830335,677.1112133789062,0.0445846617476842,651.2718017578125,0.08602888361500322,641.1274914550781,0.10321269516568081,695.3299505436812,687.18094035538,1,1,1,60.96048739375361,0,0,8.14901018830119,5.847656773864561,2.3013534144366297,0,714.3683282079222,660.5229620752808,687.4456451416015,0.07832672519374273,0.8687289005047996,14.357388127389745,0.020298866640999072,16.80657202722007,25.091584728745634,15.45711922812641,0,80.97558990726625,77.15445831216127,6135945.714285715,4718510.166666667,1.300398960170171,0,1257578242.0,687.4247495413377,39919558.79627585,0.35155680621373325,0.21056137318840348,0.1974716131698956,1.0662867933693643,0.19766616524212327,0.9837273821877173,1.3038465651819362,0.9221341407469491,1.3038465651819362,0.012017531665062045,0.00028538519511830203,0.0,0.0,1.0,1.0,1.0,2376.137451171875,-0.004147365568997308,0.03889519504011307,0.2830693100193027,0.2826,0.21301505547948138
2025-08-22,708.0,709.5999755859375,701.5499877929688,704.2000122070312,5623045.0,0,1,-0.004382829972343849,-0.003537568921489709,0.005281958896547145,0.031502469770456676,0.05725350816874397,-0.004392462727750454,0.4444444444444444,0.7333333333333333,688.2355651855469,0.023196195937913194,678.4526611328125,0.03795010698495658,652.357978515625,0.07946868958262401,641.5345776367187,0.09768052534464952,696.6945754149658,688.4416123443913,1,1,1,59.012213191105886,0,0,8.252963070574538,6.328718033206557,1.9242450373679807,0,716.1838711222401,660.2872592488536,688.2355651855469,0.08121726731503175,0.7856067029187035,13.90685953207396,0.01974845113746663,17.346093291178708,24.362297184137997,14.818022381125408,0,75.9349791984248,75.79944476202577,5060472.714285715,4757600.133333334,1.0636607895712702,0,1251955197.0,688.3760684369985,39894913.94611401,0.21043083592512346,0.21006489436514236,0.18958555058292026,1.1080216489033794,0.19504380234869242,0.9794158723324495,1.2981320273767192,0.9180925835963618,1.2981320273767192,0.01143139399804795,0.0009896963369327076,1.0,0.0,1.0,1.0,1.0,2323.86083984375,-0.022000668059982353,0.019648175769856557,0.28815584859859383,0.2888,0.21333446500353298
2025-08-25,708.0,720.9000244140625,707.5499877929688,715.8499755859375,4539337.0,0,1,0.016543543278839445,0.021402583323855362,0.029629594514113622,0.049482837040448535,0.08191993718334989,0.016408189645778042,0.7,0.9222222222222223,689.8114929199219,0.03774724389672985,679.8722448730468,0.05291836956751899,653.9393780517578,0.09467329788064795,641.8822763061523,0.11523561564193356,699.6415600566538,690.4718614733947,1,1,1,63.706613426682544,0,0,9.169698583259105,6.896914143217067,2.272784440042038,0,720.2742550960246,659.3487307438191,689.8114929199219,0.08832199083015005,0.9273821677018206,14.106370437428053,0.019705763663513023,18.590408766098687,28.024038045189716,13.564985900973582,0,92.03462636679227,82.98173182416114,5111912.428571428,4764308.566666666,1.0729599808746144,0,1256494534.0,689.8246133498501,39970010.66423075,0.2196879436849253,0.2125654454211523,0.19151149745493906,1.109935686608931,0.1936026631054077,0.9929948000317664,1.3196077307532734,0.9332810879870697,1.3196077307532734,0.01864921013675593,0.005396176834844435,0.0,1.0,1.0,1.0,1.0,2301.87060546875,-0.009462801729762216,0.009335467378747797,0.28648501178851404,0.2902,0.21815228684559093
2025-08-26,714.0,714.0,701.25,705.7000122070312,5229246.0,0,1,-0.014178897429727888,-0.002262089090274144,0.015030582102885548,0.038001435510434334,0.0596635252125135,-0.014280378396791088,0.5444444444444444,0.7555555555555555,690.7136383056641,0.021696942220699587,681.2456774902344,0.03589649890607555,655.3542547607422,0.0768222027713384,642.2340728759766,0.09882057338821808,700.5736296182504,691.5998726388492,1,1,1,57.5249353688808,0,0,8.973756979401173,7.312282710453889,1.6614742689472841,0,721.9661944346848,659.4610821766433,690.7136383056641,0.09049352552436617,0.7397623707881454,14.141627948035872,0.0200391493600926,19.011353417718556,25.9574429201821,15.746742777633331,0,76.02522657126958,81.33161071216225,5261910.571428572,4778093.333333333,1.1012573853926193,0,1251265288.0,690.8275503866362,39895865.72156193,0.24618679482902062,0.21774149565947315,0.19447244714311118,1.1196521607980714,0.19388769759175842,0.9789152286138628,1.3008971480914469,0.9200481911673961,1.3008971480914469,0.01806716703904425,-0.002584306277894692,0.0,1.0,1.0,1.0,1.0,2270.984619140625,-0.013417776939653625,-0.004207570779821146,0.28615963669765343,0.2993,0.2305969008232402
2025-08-27,714.0,714.0,701.25,705.7000122070312,5229246.0,0,1,0.0,0.0021300766458365317,-0.011832264815735627,0.035054304549679616,0.06617960581691884,0.0,0.2222222222222222,0.8222222222222222,691.8093658447266,0.020078719728437958,682.5466430664062,0.03392203210700197,656.812314453125,0.07443176182622438,642.5858694458008,0.09821900194547287,701.3623038626782,692.6443274216775,1,1,1,57.52493536888081,0,0,8.717976441000701,7.593421456563252,1.1245549844374487,0,723.5716743511574,660.0470573382958,691.8093658447266,0.09182387540431111,0.7186655664447731,14.042225951747596,0.01989829348001772,19.40223059422272,24.273962383032575,14.725481358657648,0,76.02522657126958,81.36169316977718,4978747.285714285,4802496.833333333,1.0366997540024654,0,1251265288.0,691.792080643337,39895865.72156193,0.1757231926701097,0.21649040582354107,0.19432204561359925,1.114080521023449,0.1956519669339833,0.9789152286138628,1.3008971480914469,0.9200481911673961,1.3008971480914469,0.01806716703904425,0.01176135418647801,1.0,1.0,1.0,1.0,1.0,2270.984619140625,0.0,-0.02639699967155651,0.2853937897002002,0.3101,0.2381708357553286
2025-08-28,700.7999877929688,707.0,698.0999755859375,701.4000244140625,5620555.0,0,1,-0.006093223350699395,-0.02018572559152132,-0.007499628840272443,0.042586435398086264,0.047429819143793184,-0.006111862790853209,0.3111111111111111,0.5666666666666667,692.9755004882812,0.01215702996692556,683.8410266113282,0.025677017200540466,658.2273742675782,0.06558926570704134,642.8762091064453,0.09103434608190171,701.3681070244296,693.2928975692616,1,1,1,54.907214183318764,0,0,8.075209455167965,7.689779056284196,0.38543039888376907,0,724.3248888428117,661.6261121337508,692.9755004882812,0.09047762390572592,0.6343650445506029,13.674925841912946,0.01949661443672852,19.388434288981966,23.14552138330739,15.686287288805424,0,69.24291405213594,73.76445573155839,4975798.714285715,4855778.033333333,1.0247170855274848,0,1245644733.0,693.1511021089544,39861618.42459204,0.16834112344583804,0.2158349417376383,0.19500514545487535,1.1068166495513474,0.1953197365967951,0.9729504794845175,1.2929704912118378,0.9144421320452062,1.2929704912118378,0.012688942264433805,-0.0069434948693538915,1.0,1.0,1.0,1.0,1.0,2274.18310546875,0.001408413910498174,-0.047395749497316286,0.2850462649488177,0.2945,0.22580284379317703
2025-08-29,701.0,708.75,697.0,703.9500122070312,5335149.0,0,1,0.003635568440561343,-0.002479807240653109,0.004423252805997535,0.046221353569955825,0.04913808614426607,0.0036289757356067444,0.4666666666666667,0.6333333333333333,694.7952758789063,0.013176163750601702,685.0315441894531,0.027616929728342544,659.3075769042969,0.06771109094839745,643.1591961669922,0.0945190808159651,701.7653232063683,694.0823134683558,1,1,1,56.180683284039546,0,0,7.683009738012515,7.68842519262986,-0.005415454617344828,0,724.0894496451949,665.5011021126177,694.7952758789063,0.08432461987952322,0.6562552403963021,13.537431138919164,0.0192306710763119,19.51829727892524,22.63392465748594,14.713778051522826,0,73.26497526825615,72.84437196388726,4972524.285714285,4920261.2,1.0106220144805087,0,1250979882.0,694.4096095066229,39881014.72392213,0.16190413775026172,0.2159164364541901,0.19128454698776964,1.1287709323848065,0.19631255566068848,0.9764877075419605,1.2976711739242646,0.9177666490011894,1.2976711739242646,0.01669152609737342,-0.0005703227832030281,1.0,1.0,1.0,1.0,1.0,2243.69677734375,-0.01340539732780932,-0.059654000453485456,0.28606905329981946,0.291,0.22246079385090264
2025-09-01,704.5,721.0,702.4000244140625,719.5999755859375,3771744.0,0,1,0.022231640183995927,0.01969670276104285,0.01739005797433868,0.07877968481318476,0.061779950622869784,0.021988119899808038,0.6111111111111112,0.7888888888888889,696.6406005859375,0.03295727378032392,686.2918444824219,0.04853347941011231,660.5442791748047,0.08940459901478372,643.4819650268555,0.11829082195940835,704.5091158801482,695.9725106622508,1,1,1,63.07326819312882,0,0,8.536605217897431,7.858061197683375,0.6785440202140567,1,727.3409217316629,665.9402794402121,696.6406005859375,0.08813819096935688,0.8739272773567841,13.899041456563332,0.019314955430961452,20.523046838518553,26.76581058886714,13.3073300221466,0,97.20274774121087,79.90354568720102,5049760.285714285,4882234.066666666,1.0343134345383806,0,1254751626.0,695.4722240766853,39964866.77939628,0.20329194706434647,0.22265665337950452,0.19585648422037752,1.1368357512686251,0.20044164999057862,0.998058218565794,1.3265205325400924,0.9381701069146555,1.3265205325400924,0.025847660112540145,0.000781288136134017,1.0,1.0,1.0,1.0,1.0,2283.17919921875,0.017597039971569695,-0.0391215802382473,0.29068379309344106,0.3228,0.2503667310697642
2025-09-02,720.0,726.0999755859375,714.2000122070312,720.9500122070312,4660894.0,0,1,0.001876093200245732,0.027872807403023003,0.02378585587850801,0.029193450688124623,0.052441258819017955,0.0018743355354164,0.6777777777777778,0.6333333333333333,698.5832092285157,0.03201737843544291,687.4203100585937,0.04877612962232606,661.6227416992188,0.08966933384944521,643.7804617309571,0.1198693577443861,707.0384845458225,697.8226959618642,1,1,1,63.605099582170894,0,0,9.215788583958329,8.129606674938366,1.0861819090199631,0,730.3086835853319,666.8577348716994,698.5832092285157,0.09082804721817585,0.852505414528342,13.756250165302111,0.019080726724992142,21.768180378881546,27.760087945801022,12.485071370719748,0,86.4830270893741,85.65025003294708,4912310.142857143,4910854.866666666,1.0002963386681114,0,1259412520.0,696.9606726149296,39973611.05093674,0.1978198049721787,0.22112039500979958,0.1948028225823987,1.1350985169440702,0.20112261739182571,0.9929073632391319,1.3290092086911773,0.9399302014729118,1.3290092086911773,0.0165059479539741,0.000555898315222674,1.0,1.0,1.0,1.0,1.0,2273.18359375,-0.004377932959519937,-0.021807349745244342,0.2897645441183423,0.3353,0.2591106602235533
2025-09-03,725.0,744.0,723.0999755859375,742.9500122070312,8986550.0,0,1,0.03051529180594903,0.05540166108915434,0.037857145415017834,0.06860843179724019,0.07621279681187976,0.03005896044831941,0.7888888888888889,0.8888888888888888,701.7375,0.05872924306743091,688.9242492675781,0.07842046929962179,662.9976428222657,0.12059223777089499,644.2137762451172,0.1532662597459665,712.5633349552393,701.1654601281728,1,1,1,70.94804461624037,1,0,11.397874827066516,8.783260305363996,2.6146145217025207,0,737.8657014323546,665.6092985676453,701.7375,0.10296785174614347,1.070364847585844,14.420088567278299,0.019409231213876044,23.807076862643218,33.457163877446874,11.059576150003547,0,98.12502179827008,93.93693220961838,5547626.285714285,5089040.933333334,1.0901123332251481,0,1268399070.0,700.416317584773,40247838.2465155,0.24658671745097271,0.23541771788186192,0.2028190955283237,1.1607275797607814,0.20652235128799126,0.9985887260847194,1.369564312507182,0.9686124458480821,1.369564312507182,0.028131131396009017,0.005617570877862386,0.0,1.0,1.0,1.0,1.0,2287.677001953125,0.006375819464373267,-0.006166117018873263,0.288277397732489,0.3441,0.28466889986678084
2025-09-04,744.0499877929688,745.0,737.2000122070312,739.0499877929688,3763325.0,0,1,-0.005249376606747735,0.027028922827844637,0.04725800624777876,0.06299890369359051,0.07025562985753342,-0.005263202991955601,0.8777777777777778,0.8666666666666667,704.6,0.04889297160512167,689.9938024902344,0.07109655931065935,664.337515258789,0.11246161900863882,644.6814456176758,0.14638011194021186,716.6382046225823,703.9717214366761,1,1,1,68.31665204019927,0,0,12.666483185906145,9.559904881472425,3.10657830443372,0,743.0728535499072,666.1271464500928,704.6,0.10920480712434628,0.9477181260844093,13.94722422625619,0.018871827963771307,25.74236303033349,32.63280389205679,10.617785431516559,1,87.60414123535156,90.73739670766527,5338209.0,5061381.7,1.054694017643443,0,1264635745.0,702.3763064530591,40228083.136296906,0.22112178076334368,0.236408020016757,0.20263443169040346,1.166672504986491,0.2048614038395896,0.9920134064335151,1.3623749536436702,0.9635278343338426,1.3623749536436702,0.010554073366893516,0.0014805512724468193,1.0,1.0,1.0,1.0,1.0,2277.78173828125,-0.004325463631197457,0.0029930273782290406,0.28821906737035147,0.3433,0.2852526361937091
2025-09-05,738.0,746.6500244140625,738.0,743.7999877929688,2778157.0,0,1,0.006427170121719339,0.03169425785289515,0.05398891161526587,0.04151783570018508,0.08047392038778689,0.006406603938368766,0.9111111111111111,0.9,708.1524993896485,0.05033871720292533,691.0243383789062,0.07637306891081495,665.7248876953125,0.11727832553766482,645.143331604004,0.15292207383385206,720.8169404949494,706.9219633889941,1,1,1,69.78645096253996,0,0,13.894977105955377,10.426919326369015,3.4680577795863616,0,747.3566175702008,668.9483812090962,708.1524993896485,0.1107222475789948,0.954639589636321,13.568852811099498,0.018242609617891373,27.611686107110888,32.015465099455966,10.134303653250896,1,94.25974779523668,93.32963694295279,4988053.428571428,4979956.9,1.0016258230209638,0,1267413902.0,704.1636602676914,40245938.82396075,0.21638512495197493,0.2361402777218173,0.19983843394677306,1.1816559660626307,0.20405318666993355,0.9961829015898978,1.3711311692403074,0.969720591642118,1.3711311692403074,0.011629503301995442,-0.0014207263518186874,0.0,1.0,1.0,0.0,1.0,2280.38037109375,0.0011408612022945075,0.004137303209336807,0.2834608348138527,0.3388,0.28585510096637634
2025-09-08,745.0,749.8499755859375,737.4000244140625,738.75,2703395.0,0,1,-0.006789443231846826,-0.005653155849011382,0.053250604912851385,0.04535161630021256,0.07952079568422854,-0.0068125963589497265,0.9,0.8888888888888888,711.4475006103515,0.03837598609345822,692.0432189941406,0.06749113310256256,666.9376702880859,0.10767472420757782,645.5482006835938,0.14437620493359216,723.5758727264957,709.27959573055,1,1,1,66.26676412712179,0,0,14.296276995945732,11.200790860284359,3.095486135661373,0,749.2095586686593,673.6854425520438,711.4475006103515,0.10615557163644998,0.8615070363417581,13.488931265440606,0.018259128616501665,29.489216118135964,31.599272749388906,9.466181328355274,1,78.99719827138195,86.95369576732342,4571316.285714285,4902343.5,0.9324757201763372,0,1264710507.0,705.910949754685,40227584.27707499,0.21827071382639526,0.23643032316589135,0.19975317703263082,1.1836123293662013,0.20418633955328233,0.9851970714845141,1.3618219520033346,0.9631367287344108,1.3618219520033346,0.016852725782571912,0.0016133533567161936,1.0,1.0,1.0,1.0,1.0,2309.8671875,0.01293065699916851,0.0156909450014997,0.2864897784616895,0.3071,0.2566772550245784
2025-09-09,740.7000122070312,750.5499877929688,739.0,742.9000244140625,3393363.0,0,1,0.0056176303405244266,0.005209440071288096,0.055330650659291436,0.05999864492107543,0.080334980269956,0.005601910300640127,0.9111111111111111,0.8888888888888888,715.2400024414062,0.03867236435076526,693.1163110351563,0.07182591519820845,668.210814819336,0.11177491884042652,645.9492501831055,0.15009038899491658,726.5488191399675,711.7699978552546,1,1,1,67.70812008209849,0,0,14.778821284712876,11.916396945170064,2.8624243395428124,0,749.2797086473179,681.2002962354945,715.2400024414062,0.09518401121223716,0.9062905508839642,13.36829244597833,0.01799473954321394,31.264340318472804,29.980998905674333,8.869348911158243,1,85.71435084451932,86.32376563704601,4293918.285714285,4915938.7,0.8734686390036323,0,1268103870.0,711.6543957515285,40246646.9360202,0.2171528320321115,0.23650406882970904,0.19755532280025942,1.1971536148830026,0.20441220170043234,0.9898075231452587,1.3694721643193009,0.9685472748438229,1.3694721643193009,0.015547163027862888,0.002639610432529611,1.0,1.0,1.0,1.0,1.0,2310.56689453125,0.0003029208930438454,0.029803544695850448,0.28404632802591645,0.3072,0.25905812529913547
2025-09-10,745.0,749.7999877929688,741.0499877929688,743.1500244140625,3351988.0,0,1,0.0003365190359190251,-0.0008738416100743107,0.0327265836952666,0.050685758857367924,0.08681752733452153,0.00033646242608809156,0.6888888888888889,0.9333333333333333,717.3725036621094,0.03593324335733762,694.1139929199219,0.07064550202750022,669.3971142578125,0.11017811189404782,646.3738858032226,0.14972160963863834,729.1028507205974,714.094444267018,1,1,1,67.79738451094977,0,0,15.008406453579369,12.534798846851926,2.473607606727443,0,752.838077833464,681.9069294907547,717.3725036621094,0.098876313185428,0.8634160922844089,13.038414414122736,0.017544794436901066,32.9126699330713,28.543851433528484,8.444194218769454,1,86.18120435897114,83.6309178249575,4233953.142857143,4933360.9,0.8582289495295474,0,1271455858.0,715.5303275379083,40247774.943790376,0.19502221498451752,0.23532950241777073,0.19749923952811466,1.1915463724318331,0.20290587874897417,0.9901406122186929,1.3699330177717555,0.9688732094389952,1.3699330177717555,0.011774204013380673,0.0028267270385322514,1.0,1.0,1.0,0.0,1.0,2339.154052734375,0.012372356875183455,0.02451618932704802,0.287390958530042,0.2971,0.2464058236348108
2025-09-11,742.0,747.9500122070312,738.0,742.6500244140625,3756027.0,0,1,-0.0006728116579074461,0.005279220865059164,0.03009919112228232,0.05460098202288455,0.09522909831561277,-0.0006730380972440012,0.6666666666666666,0.9333333333333333,719.7425048828125,0.03182738184259358,695.2108740234376,0.06823706613804438,670.585859375,0.10746448651068748,646.7573052978515,0.14826692846097725,731.1870312888227,716.2096724260584,1,1,1,67.39611639539422,0,0,14.977358862764277,13.023310850034397,1.9540480127298796,0,755.3183476329181,684.1666621327068,719.7425048828125,0.09885713990421621,0.8219532941518588,12.817814256473344,0.01725956215592448,33.93182508658732,26.96116756360636,9.675621820342318,1,85.24749733006749,85.71435084451934,4104686.4285714286,4853998.8,0.8456298811963919,0,1267699831.0,717.5188374448009,40245247.84503736,0.19710551487959674,0.23320421343748332,0.1967826997160945,1.1850849377203152,0.19940543216413104,0.9894744340718244,1.3690113108668462,0.9682213402486505,1.3690113108668462,0.013397982737402628,-0.001547499665318908,1.0,1.0,1.0,1.0,1.0,2397.72802734375,0.025040665680357677,0.05478855026764151,0.27471851382860873,0.2413,0.2074725139470895
2025-09-12,748.9000244140625,759.5999755859375,745.1500244140625,758.0499877929688,5698959.0,0,1,0.02073650154533624,0.020393004281908933,0.02032434933419136,0.058950916597419356,0.13556268859352016,0.02052442707459761,0.5555555555555556,0.9555555555555556,722.8825042724609,0.048648962054908054,696.4847155761719,0.08839429041291533,671.9906488037109,0.12806627464602693,647.2211990356445,0.17123788423874003,735.3197938279221,719.3089550458295,1,1,1,72.74643247562895,1,0,16.010838782092605,13.62081643644604,2.3900223456465657,0,760.3895038106349,685.3755047342869,722.8825042724609,0.10377066623274445,0.9688122744224712,13.112966893287748,0.017298287849678105,35.482776266506654,30.817796490598194,8.782278619638989,1,97.52398019574157,89.65089396159344,3635030.5714285714,4928108.9,0.7376116569641087,0,1273398790.0,720.6758251294951,40363424.31714767,0.14643077761462983,0.2315912542071409,0.19927001354587162,1.1621982158084663,0.1996388912424633,0.9979594683480958,1.3973998160302195,0.9882988635669442,1.3973998160302195,0.019062003040123298,0.008415807977561352,0.0,0.0,0.0,0.0,1.0,2390.930908203125,-0.0028348165693149463,0.04513482723384721,0.25703718048427354,0.1605,0.14650600412499118
2025-09-15,758.1500244140625,763.4000244140625,752.5999755859375,753.6500244140625,2554957.0,0,1,-0.005804318250458129,0.014129044816056702,0.019755140873074062,0.06794673569165832,0.1039361659328133,-0.005821228773421786,0.5555555555555556,0.9444444444444444,724.8575042724609,0.039721628005356203,697.8164880371094,0.08001177578077512,673.2864154052735,0.1193602115979356,647.6593701171874,0.16365185032017232,738.1398293027129,721.8527379619949,1,1,1,69.2498559545998,0,0,16.287091340718007,14.154071417300434,2.1330199234175726,0,764.5260067169111,685.1890018280108,724.8575042724609,0.10945186387844714,0.8629141304479698,12.947758460061838,0.01718006772457585,37.09178621529468,31.078024523142115,8.259027332515391,1,85.31627045917908,89.36258266166276,3462406.5714285714,4937064.6,0.70130874354542,0,1270843833.0,722.5178770911625,40348594.53360344,0.14776543763087624,0.22673393334516517,0.19719157521811873,1.1498155187125458,0.19641458218972732,0.9872281900862088,1.3892888627748485,0.9825624624362356,1.3892888627748485,0.014330323728870937,0.0001319657314222806,0.0,0.0,0.0,1.0,1.0,2382.334716796875,-0.0035953324191665414,0.04590122782989625,0.25693077655597846,0.1564,0.13991395410041918
2025-09-16,754.4000244140625,757.2999877929688,749.1500244140625,755.9500122070312,2662690.0,0,1,0.0030517982066768923,0.017908822939125546,0.016335069391590684,0.07120589362446861,0.10827211081821808,0.0030471509231767197,0.5,0.9444444444444444,727.3200042724609,0.03936370203815443,699.3233142089844,0.08097355950744792,674.665737915039,0.12048080956829084,648.1189685058594,0.1663753862192309,740.8798574418388,724.3784619801457,1,1,1,70.05996738241237,1,0,16.50139546169305,14.62353622617896,1.8778592355140908,0,768.3343132413681,686.3056953035536,727.3200042724609,0.11278201817076078,0.8490246288956694,12.605058811407867,0.016674460755158677,38.02692329445985,29.642746118869727,9.83256986830384,1,88.78010622319371,90.54011895937147,3445911.285714286,4915733.8,0.7009963163005869,0,1273506523.0,724.3274063504879,40356720.52617037,0.14567650990384234,0.22639199900365073,0.1961561198307357,1.1541419110400724,0.19573119889322807,0.9902410113062946,1.3935286920348209,0.9855610447970464,1.3935286920348209,0.010781087700643132,0.0009951568708341776,0.0,0.0,0.0,1.0,1.0,2398.32763671875,0.006713128851758565,0.051722627996674264,0.25331271811933104,0.1483,0.1343550383642088
2025-09-17,756.0,759.7000122070312,744.4000244140625,750.0999755859375,4182521.0,0,1,-0.007738655369571745,-0.010487451137856207,0.01536375713832494,0.06943249141252616,0.10330854182573757,-0.00776875414629833,0.4888888888888889,0.9222222222222223,729.782504272461,0.02784044724904926,700.9444421386719,0.07012757430144641,675.965712890625,0.10967163168423577,648.5413748168945,0.15659540734423685,742.2983371563155,726.2837592842785,1,1,1,65.34450369393315,0,0,16.014577872036966,14.901744555350563,1.1128333166864035,0,770.0116135691231,689.5533949757988,729.782504272461,0.11024958548922079,0.7525220128992798,12.797553738662215,0.017061130722828593,38.161426541869496,27.11138257509995,11.644086839601016,1,79.96981334647182,84.6887300096149,3657215.0,4971862.266666667,0.7355825249865463,0,1269324002.0,727.0263924386909,40324353.43757538,0.14828229708236842,0.22791618191055163,0.1971165756816345,1.156250716726441,0.1977002087425108,0.982577877386979,1.3827446537395534,0.977934127525687,1.3827446537395534,0.020397264752631445,6.612579160202447e-05,0.0,0.0,0.0,1.0,1.0,2400.926513671875,0.0010836204834301366,0.03942188826467974,0.2502485397262141,0.1361,0.12562042997275027
2025-09-18,746.3499755859375,751.4500122070312,736.25,750.1500244140625,4915450.0,0,1,6.672287662179421e-05,-0.004644065397226171,0.009759052041650174,0.06562967740022407,0.10024939548964684,6.672065074967238e-05,0.4666666666666667,0.9,731.9250061035157,0.024900117031893397,702.5447314453126,0.06776122691976325,677.2661883544922,0.10761475666849869,648.9729660034179,0.15590334838402453,743.5062890421227,728.0516307753736,1,1,1,65.3659808799276,0,0,15.454658266749107,15.012327297630273,0.4423309691188333,0,771.6738939737172,692.1761182333141,731.9250061035157,0.10861464641523638,0.7292519273754264,12.969157914974287,0.017288752240066135,37.16486543012493,24.841748787040757,15.157984875273616,1,78.27868852459017,82.34286936475193,3874656.0,5021799.8,0.7715671978799314,0,1274239452.0,728.8544116371639,40324681.41053927,0.1466243965436513,0.2281040956464201,0.19046894563883487,1.197592053031829,0.19691605261575257,0.9826434378094632,1.3828369144404842,0.9779993781038221,1.3828369144404842,0.020262629757166088,-0.0049993335849274,0.0,0.0,1.0,1.0,1.0,2400.926513671875,0.0,0.03910712100761593,0.24020943919600957,0.1408,0.135529192027794
2025-09-19,752.0,756.7999877929688,739.0,743.2999877929688,5132517.0,0,1,-0.009131555553096526,-0.01673394299859876,0.00020179421917454476,0.032934981949844344,0.10486806063614829,-0.009173503770099964,0.36666666666666664,0.9333333333333333,733.8800048828125,0.012835862603533466,704.0894226074219,0.055689751793657434,678.4400891113281,0.09560151253237262,649.4030670166015,0.14458958626071103,743.4745503884067,729.1811387026029,1,1,1,59.89483503419231,0,0,14.29341168580379,14.868544175264978,-0.575132489461188,0,771.6860234239869,696.0739863416381,733.8800048828125,0.10303051804010194,0.6245831123409226,13.314217191973892,0.01791230648544326,36.637385016310255,25.3396844689307,13.710488446372873,1,59.14627716653041,72.46492634586416,4129017.285714286,5077156.5,0.8132538923537783,0,1269106935.0,731.3849464033183,40277813.54642656,0.15998142161661577,0.2257746816660274,0.190920313230421,1.1825597698110877,0.19623050248144336,0.9736703746682203,1.3702094623353982,0.9690687224517732,1.3702094623353982,0.023947246179595764,0.0024661408061440837,0.0,1.0,1.0,1.0,1.0,2522.8720703125,0.0507910408528609,0.07854036691741872,0.25693761890568867,-0.0413,-0.03682908126352927
2025-09-22,743.2999877929688,752.5,741.5499877929688,745.7000122070312,2232330.0,0,1,0.0032288772413258116,-0.005865835918031137,0.004106897855924885,0.03432970328169249,0.10827084679263566,0.003223675611148613,0.43333333333333335,0.9444444444444444,735.3725067138672,0.014043910261636233,705.7704663085938,0.0565758243006141,679.6092010498047,0.0972482583448471,649.8878549194336,0.14742875491876278,743.8169291297336,730.4047589621902,1,1,1,61.122643671521104,0,0,13.412170167543422,14.577269373720668,-1.1650992061772456,0,772.5328444058874,698.212169021847,735.3725067138672,0.10106534403380756,0.6389587142447007,13.145345407335133,0.01762819524225185,36.14758177491092,23.83198157562976,12.89471889231584,1,56.07942739096983,64.50146436069683,3911346.285714286,5043731.433333334,0.7754866287813684,0,1271339265.0,732.6572241810672,40285021.465958685,0.1609688053984778,0.22557465580546365,0.19029202634373227,1.185413073472658,0.1934268484952601,0.9768142367815397,1.3746337004841824,0.9768142367815397,1.3746337004841824,0.014684205481803264,0.0,0.0,1.0,1.0,1.0,1.0,2628.324951171875,0.04179874282975948,0.09617309436199273,0.2478938786559103,-0.0221,-0.020427275138213255
2025-09-23,745.0,752.25,739.6500244140625,745.9000244140625,3783529.0,0,1,0.0002682207372362022,-0.005665533375566634,-0.01602791844147422,0.003970673879212683,0.11820708802046531,0.00026818477248511145,0.2,0.9666666666666667,737.3825073242188,0.011551015931679396,707.3691442871094,0.054470682582267185,680.813569946289,0.0956009946642343,650.4433813476562,0.14675626780709075,744.1374053273225,731.5525564030695,1,1,1,61.229170988855444,0,0,12.584848924253038,14.178785283827143,-1.593936359574105,0,772.0502549995322,702.7147596489053,737.3825073242188,0.09402921097522159,0.6228449735127874,13.106390420092445,0.017571242782017733,35.42038394600697,22.19547135649974,13.044717664876028,1,35.543336046004505,50.25634686783494,3637713.4285714286,4761886.466666667,0.7639227549912246,0,1275122794.0,734.8401418389213,40286036.28689642,0.08219328422431725,0.22288703153722486,0.19029825814013257,1.1712510335911452,0.18838972791909936,0.9770762386162721,1.375002405748756,0.9770762386162721,1.375002405748756,0.016892311534424925,-0.0009387316555882035,0.0,1.0,1.0,1.0,1.0,2675.203857421875,0.017836038968126244,0.11889634629065537,0.25056851438714556,-0.0345,-0.031101542141382336
2025-09-24,744.0,748.9500122070312,737.7000122070312,741.0499877929688,2415165.0,0,1,-0.006502260976467555,-0.0030270416210832485,-0.016718684021658214,0.0027061768933553942,0.05788720598567987,-0.0065234927618209124,0.17777777777777778,0.5777777777777777,739.1500061035156,0.0025704953984497215,708.9522241210938,0.04527493190626125,681.9073931884766,0.08673112389638717,651.0066729736328,0.13831396598139462,743.662418014345,732.2560698393584,1,1,1,57.14050583425629,0,0,11.406348174986647,13.624297862059045,-2.217949687072398,0,770.4582842743898,707.8417279326413,739.1500061035156,0.08471427426732545,0.5303431201020294,12.973791104371557,0.017507308977914884,34.46210664199478,20.820726959717454,13.310352912480342,1,17.67949715169527,36.4340868628899,3617743.1428571427,4404013.433333334,0.8214650562768437,0,1272707629.0,736.8515543692016,40270332.253765196,0.08355071186975875,0.17872637383799087,0.19073186233662953,0.9370556741198818,0.16965131268682948,0.9707230339188838,1.366061781263307,0.9707230339188838,1.366061781263307,0.015181162114994833,-0.0025472909932601935,1.0,1.0,1.0,1.0,1.0,2618.629150390625,-0.021147811548751116,0.09918607655243994,0.2609810222998517,0.0791,0.05458407347289366
2025-09-25,746.0,769.0999755859375,740.0499877929688,745.6500244140625,4702510.0,0,1,0.006207457927087656,-6.703472193969606e-05,-0.013625223396580788,0.002487277025351009,0.07249194450062935,0.00618827102046853,0.2222222222222222,0.7777777777777778,741.3625061035157,0.005783295318077723,710.47244140625,0.0495129451301234,683.2070446777344,0.09139686164357709,651.6110818481445,0.14431759248046888,743.9682036143016,733.2482146226698,1,1,1,59.8771356236306,0,0,10.719988991631794,13.043436087973594,-2.3234470963418,0,767.2174672892554,715.5075449177759,741.3625061035157,0.0697498483478193,0.582914808491602,14.122090867842786,0.018939301824525565,35.01675196045758,27.953192010732668,11.354624759605985,1,28.61501187260086,27.279281690100238,3909146.0,4421455.133333334,0.8841311021181608,0,1277410139.0,740.1233917211214,40299522.88674191,0.09367729544982807,0.1768690731497545,0.1900717617048311,0.9305384006721656,0.17883511406552524,0.9695098791883204,1.3745415522963014,0.9695098791883204,1.3745415522963014,0.038959279610828755,0.0066797278032128685,1.0,1.0,1.0,1.0,1.0,2575.24853515625,-0.016566154557587476,0.07376844419787143,0.2680180277301182,0.0556,0.03699976059520168
2025-09-26,745.9000244140625,749.5,731.9500122070312,743.8499755859375,3636265.0,0,1,-0.0024140666119329968,-0.0027484230607652815,-0.00833222264154565,0.006903520251692052,0.06990287750584323,-0.0024169851687429245,0.3333333333333333,0.7666666666666667,743.3575042724609,0.000662495919723817,711.929853515625,0.04483604938419947,684.419701538086,0.08683308489556156,652.2397463989258,0.1404548399462007,743.950014686861,734.0335302495785,1,1,1,58.308195778788374,0,0,9.91648443728252,12.41804575783538,-2.5015613205528595,0,762.2876683726822,724.4273401722396,743.3575042724609,0.05093152081312111,0.5130075817322373,14.366940648208926,0.019314298742689282,34.50656021147382,25.51416902547764,14.390980672726279,1,32.03223448037919,26.108914501558463,3831109.4285714286,4403355.333333333,0.8700432144483068,0,1273773874.0,742.6876723815034,40290744.70081326,0.0848241664492921,0.17728432536580704,0.18945980210475205,0.9357358310117245,0.1799773390017254,0.9671694177590328,1.3712233174281885,0.9671694177590328,1.3712233174281885,0.023593450788439514,0.00033527793443908474,1.0,1.0,1.0,1.0,1.0,2542.563232421875,-0.012692096428041255,0.05899252557021706,0.27223531955441066,0.0672,0.044087805553919966
2025-09-29,745.0,758.7999877929688,744.8499755859375,753.7999877929688,4347158.0,0,1,0.013376369608930183,0.017205317063660797,0.004865644551244497,0.014672180671286394,0.0555204957269837,0.013287695857008027,0.4777777777777778,0.5444444444444444,745.0675048828125,0.011720391579189504,713.4512561035157,0.056554293435288054,685.4856640625,0.09965828216684655,652.861079711914,0.15461008661382555,745.4653951647236,735.4977122898296,1,1,1,63.93380558775093,0,0,9.96768287489408,11.927973181247122,-1.9602903063530412,0,760.8842916822416,729.2507180833834,745.0675048828125,0.042457325532984674,0.7760511038332842,14.408588616696235,0.0191146044707201,34.60434399860379,28.233586963857555,13.324427628507792,1,58.81560464294809,39.82095033197607,3749924.8571428573,4307880.966666667,0.8704801470047251,0,1278121032.0,744.5648095501582,40348893.89296968,0.12202166473761464,0.16489206857854094,0.1894681968977863,0.8702888995533978,0.17474587716194498,0.9801066333654315,1.3895653073384913,0.9801066333654315,1.3895653073384913,0.018506251569299074,0.0015460434923811285,1.0,1.0,1.0,1.0,1.0,2508.37841796875,-0.013445020370471905,0.04475434949174795,0.270488547398459,-0.0588,-0.03611676882308051
2025-09-30,759.9500122070312,769.7000122070312,758.0499877929688,761.9500122070312,4718308.0,0,1,0.01081191900509948,0.021860104954435355,0.02509084450470489,0.0252977019112548,0.07818027316492282,0.010753888117604159,0.6777777777777778,0.8222222222222222,747.1175048828125,0.019852977914826552,714.9897290039063,0.06567966125687995,686.8038745117187,0.10941426000069882,653.5564193725586,0.1658519289559347,748.0014900943095,737.457141913326,1,1,1,67.76998889539298,0,0,10.544348180983434,11.651248181194385,-1.1069000002109508,0,760.1569320393806,734.0780777262443,747.1175048828125,0.034905960766140706,1.0687560943483394,14.51511974507954,0.019049963268634482,35.25772927819273,31.388364930573857,12.281875702764978,1,79.47019867549669,56.77267926627468,3690752.1428571427,4277118.066666666,0.8629063040416598,0,1282839340.0,747.0817183605069,40399907.856906794,0.11255527795001548,0.16261342122771238,0.18898767502057573,0.8604445830131945,0.17517844137756328,0.9899311421630647,1.3899632748327577,0.9899311421630647,1.4045891748937311,0.015289748969643751,0.008158695295378016,1.0,1.0,1.0,0.0,1.0,2504.780029296875,-0.0014345477724165834,-0.007171208254481143,0.26328766849710866,-0.0131,-0.008175569383046135
2025-10-01,761.9000244140625,769.4000244140625,755.2999877929688,765.9500122070312,3663841.0,0,1,0.005249688215653192,0.029710341260259288,0.02715569219325409,0.03137411570322368,0.09288726387793278,0.005235956639170589,0.6888888888888889,0.9,748.2675048828125,0.023631264499435922,716.5019799804687,0.0690131131639168,688.0052355957031,0.11329096433959604,654.2717590332031,0.1706909271750497,750.7628011885744,739.5677248980448,1,1,1,69.485490730407,0,0,11.195076290529528,11.560013803061413,-0.3649375125318848,0,763.6124644504463,732.9225453151788,748.2675048828125,0.04101463572185174,1.0761666313385219,14.485470950509127,0.018911770637316472,35.53284650102981,29.205995454933404,12.783980304991122,1,90.06622516556291,76.11734282800258,3895253.714285714,4220643.766666667,0.9229051134448298,0,1286503181.0,749.1489016362713,40419141.87982852,0.11296444481071947,0.15948966465912987,0.18488816316488974,0.8626277741582159,0.1770453607389826,0.9951279720143861,1.397260148656838,0.9951279720143861,1.4119628301330047,0.018408559822938684,-6.560508191863864e-05,1.0,1.0,1.0,0.0,1.0,2591.541259765625,0.03463826342192022,-0.013995107945023899,0.2798669245645309,-0.0034,-0.001927934280679552
2025-10-02,761.9000244140625,769.4000244140625,755.2999877929688,765.9500122070312,3663841.0,0,1,0.0,0.01611836642454212,0.026880261612431067,0.010421508530147339,0.0829210030061951,0.0,0.6777777777777778,0.8777777777777778,749.6125061035157,0.02179460183827229,718.0102612304687,0.06676750119755563,689.0993829345703,0.11152328847718317,654.9806460571289,0.16942388575589054,753.0992951914138,741.5219684024141,1,1,1,69.485490730407,0,0,11.577326788999699,11.56347640024907,0.013850388750627829,1,766.219415590861,733.0055966161704,749.6125061035157,0.044307984064108005,0.9918888163979267,14.457939926979456,0.018875827007718057,35.78831249366424,27.17149494839067,11.893443481951815,1,90.06622516556291,86.53421633554086,3878155.4285714286,4235068.733333333,0.9157243182494973,0,1286503181.0,750.3014413915256,40419141.87982852,0.11333022918801551,0.15860252032481592,0.1849418586739335,0.857580438858053,0.17871985027073609,0.9951279720143861,1.397260148656838,0.9951279720143861,1.4119628301330047,0.018408559822938684,-0.005287535385369332,1.0,1.0,1.0,1.0,1.0,2591.541259765625,0.0,-0.03127335414986898,0.2792160356460037,0.0071,0.004046626143330395
2025-10-03,766.0,790.5999755859375,764.0999755859375,780.3499755859375,6522416.0,0,1,0.018800134668597757,0.02414851772967319,0.0530328431824334,0.03542751981283798,0.10813683904981031,0.018625596306703227,0.9,0.9555555555555556,751.4400054931641,0.038472758811663225,719.849228515625,0.08404641510149134,690.3752532958985,0.13032727036563607,655.8178695678711,0.18988824763210957,757.291707559802,744.3981170826752,1,1,1,75.03372974771555,1,0,12.89359047712685,11.829499215624626,1.0640912615022238,0,772.7359721664611,730.1440388198671,751.4400054931641,0.05668041764510699,1.1787663254803917,15.318087075052352,0.019629765559421638,36.999975364769305,33.699494421898045,10.423769798960086,1,82.52343324789447,87.55196119300679,4464905.571428572,4265047.766666667,1.0468594528586261,0,1293025597.0,752.912221863835,40541764.178993136,0.11758747366074217,0.16366406768837502,0.18711740253838577,0.8746597882834577,0.18726447445823094,0.9870351627668551,1.364472644186531,0.9870351627668551,1.4385079214865597,0.03395912196973169,6.526247427650491e-05,0.0,0.0,0.0,0.0,1.0,2588.742431640625,-0.0010799859405877799,-0.011413116189263328,0.2693178460567654,-0.0438,-0.026812678595519446
2025-10-06,782.0499877929688,784.9500122070312,774.3499755859375,776.7000122070312,3544658.0,0,1,-0.004677341568653959,0.014034858448561893,0.041641503086341514,0.02744890490763985,0.08500389564347866,-0.004688314560385937,0.8333333333333334,0.8666666666666667,753.3375061035156,0.03101200446577187,721.6966003417969,0.07621403764294397,691.6066821289063,0.12303717167131807,656.7177502441406,0.1826998918763597,760.2776005824527,746.7908500548497,1,1,1,71.48575840035359,1,0,13.486750527603022,12.160949478020305,1.3258010495827168,0,776.5492679226579,730.1257442843732,753.3375061035156,0.0616238050835951,1.0032471530069083,14.981083471198167,0.019288120555874182,38.12509088793829,31.99631856744119,9.896951419676949,1,76.30013289333878,82.96326376893207,4299498.142857143,4231891.8,1.015975442202266,0,1289480939.0,754.443573950284,40525184.60278308,0.1384785313908672,0.16050983097140517,0.18674331093646818,0.8595211799902815,0.18592867374859454,0.9824184621703225,1.3580905395685858,0.9824184621703225,1.4317795285885524,0.013647529875753735,0.002178525354287056,0.0,0.0,0.0,1.0,1.0,2572.349853515625,-0.006332255354817629,-0.0011255929674567344,0.2681343375175886,0.0066,0.003998107609713151
2025-10-07,771.0,780.75,765.9000244140625,767.7999877929688,4918764.0,0,1,-0.011458766929554498,0.0024152693471561903,0.03219736908395476,0.023596870794729607,0.0879976966299374,-0.011524924474149639,0.7111111111111111,0.8777777777777778,754.5825042724609,0.017516286748858027,723.2994580078125,0.0615243510726861,692.7054309082031,0.10840763408814266,657.5664297485351,0.16763866441081676,761.4348909225321,748.3470824798956,1,1,1,63.589904300036864,0,0,13.087808442636515,12.346321270943548,0.7414871716929667,0,778.1060866430477,731.0589219018742,754.5825042724609,0.0623486026707371,0.7809411277645069,14.971718622250977,0.019499503595053435,38.145882920133566,29.72945146594767,13.227161854821182,1,61.125316233072226,73.3162941247685,4482712.285714285,4221542.4,1.0618659866389795,0,1284562175.0,755.9204227482979,40468821.63252559,0.1687330252553115,0.15815529407197568,0.18880685614393258,0.8376565200122267,0.18628764388395316,0.9711611579850215,1.2847684869422524,0.9711611579850215,1.415373100675949,0.019340942722106007,-0.007338756427767247,1.0,0.0,1.0,1.0,1.0,2541.063720703125,-0.012162471900834637,-0.0005897637862566363,0.26745584849492665,-0.0065,-0.003870147215322211
2025-10-08,770.0,781.5,766.1500244140625,768.2000122070312,6393179.0,0,1,0.0005210008080520634,-0.015569890124982999,0.019103243097978728,0.024061837239914174,0.08856454430904037,0.0005208651342531285,0.5222222222222223,0.8777777777777778,755.8350036621093,0.016359401833749433,724.9877490234375,0.05960412881707443,693.8056982421875,0.10722643840102163,658.4642636108398,0.16665406865731833,762.475678812455,749.8176698670908,1,1,1,63.78353119106997,0,0,12.658008945364259,12.408658805827692,0.24935013953656693,0,779.462885220964,732.2071221032546,755.8350036621093,0.06252126838364154,0.7616613875036132,14.998736976800014,0.01952452061763028,38.20429877451746,27.913363528602986,12.260239431111176,1,61.80737022086103,66.41093978242405,4775001.0,4260340.166666667,1.1208027559301699,0,1290955354.0,757.6005994782605,40472152.483950615,0.15793540200143003,0.1580820270992769,0.1880180271542307,0.8407812245024922,0.18684663641972252,0.9716671337330804,1.2854378523621093,0.9716671337330804,1.416110511205096,0.019981743480890046,0.0028653454571615153,1.0,0.0,1.0,1.0,1.0,2522.971923828125,-0.007119773001990626,0.005817904409811003,0.2691458435294388,-0.0035,-0.0020491570260041288
2025-10-09,770.25,780.0,769.25,774.0999755859375,6806889.0,0,1,0.007680243797387742,-0.0033475429126177403,0.01594587989271523,0.04143681999029902,0.10364976994776587,0.007650900869787471,0.4888888888888889,0.9222222222222223,757.4075012207031,0.022038960979830997,726.9082019042969,0.06492122878516339,695.098486328125,0.1136551018477106,659.3615673828125,0.17401440101908475,764.2640321622216,751.6163591795979,1,1,1,66.6043863160441,0,0,12.647672982623703,12.456461641186895,0.19121134143680862,0,781.5218135824422,733.2931888589641,757.4075012207031,0.06367592695576517,0.8461113490368374,14.770254892240638,0.019080552070888036,38.25854206787394,26.32050317078417,11.560615777832242,1,71.8669901063667,64.93322552010001,5073369.714285715,4299884.633333334,1.1798850776032945,0,1297762243.0,759.5663903988457,40524431.05097237,0.15228862001882393,0.15634110599666418,0.18736674445540008,0.8344122456260049,0.18710677704150547,0.9791297742100594,1.2915558656573707,0.9791297742100594,1.4269865851751946,0.013887095128588565,0.0026685599588564895,0.0,1.0,1.0,1.0,1.0,2541.263671875,0.00725007990541604,0.014565607419173787,0.26925550127718045,-0.0046,-0.0027097172640759178
2025-10-10,774.5,775.75,764.2999877929688,773.9500122070312,4365229.0,0,1,-0.0001937261124349554,0.00800993033581654,0.01044454582218557,0.0378838668868855,0.0994388788779692,-0.00019374487976212833,0.43333333333333335,0.8888888888888888,758.2025024414063,0.020769530191364568,729.0361120605469,0.06160723646396578,696.3843145751953,0.11138346457322519,660.297085571289,0.1721239259104252,765.7541829383462,753.2707038482966,1,1,1,66.46268524038112,0,0,12.483479090049514,12.461865130959419,0.02161395909009478,0,783.428748715545,732.9762561672676,758.2025024414063,0.06654223955449996,0.8121255060006469,14.533094700439968,0.018777820881476222,37.676451859644814,24.83930216609893,13.342912550429133,1,71.61129791106657,68.42855274609813,5173568.0,4267553.966666667,1.2123028883548037,0,1293397014.0,760.524189935571,40523585.39212831,0.1513137468157876,0.1566607822536807,0.18744146795278077,0.8357850798156673,0.1866337091660164,0.9789400912053324,1.2913056575605242,0.9789400912053324,1.4267101406115519,0.014794252892870783,0.0005167606597064037,0.0,0.0,1.0,1.0,1.0,2549.759765625,0.003343255500808162,-0.01612225697089753,0.2642604841931393,-0.0028,-0.0016920136781643262
2025-10-13,772.25,774.5999755859375,767.2000122070312,770.2000122070312,3077938.0,0,1,-0.004845274166100588,0.00260348863345361,0.005548664968036077,0.03257807614640784,0.07031689596694668,-0.004857050562284361,0.3888888888888889,0.6888888888888889,759.0300018310547,0.014716164511324209,730.7862426757813,0.053933376450733435,697.5199688720703,0.10419779587455931,661.2984832763672,0.1646783285984831,766.43815667199,754.5247266896844,1,1,1,62.86118370284668,0,0,11.913429982305615,12.35217810122866,-0.4387481189230442,0,784.7091832811018,733.3508203810077,759.0300018310547,0.06766315267670471,0.7174915582434979,14.023585320330417,0.01820771890167258,37.13593952343205,23.903073651329578,12.839999259377226,1,65.21743202614991,69.56524001452776,5089867.571428572,4244427.1,1.1991883595853425,0,1290319076.0,761.0070245337671,40508671.93865205,0.1560471817757408,0.14768852620789946,0.18733266153432593,0.7883757429071584,0.18177394439012082,0.974196858071255,1.2850489276174066,0.974196858071255,1.419797338824733,0.009607846353704192,-0.0021965400610091308,1.0,1.0,1.0,1.0,1.0,2526.270263671875,-0.009212437293035447,-0.025186168982566426,0.2640525581701972,-0.0396,-0.022310970478816212
2025-10-14,776.0499877929688,781.5499877929688,754.4500122070312,760.0999755859375,3510594.0,0,1,-0.013113524358629669,-0.018085519237231673,-0.025949895090077946,0.02570675137544276,0.05430329803179723,-0.013200265777525042,0.08888888888888889,0.4444444444444444,759.2375,0.0011359760100594946,732.3462854003906,0.03789694948800532,698.574476928711,0.08807292663729134,662.197759399414,0.14784437850607757,765.4630518895203,754.9377080894069,1,1,1,54.32299428799255,0,0,10.525343800113433,11.986811241005615,-1.4614674408921822,0,784.8789307330758,733.5960692669241,759.2375,0.06754521670248327,0.5168180082249663,14.957613196445209,0.019678481353607266,35.147958777552525,20.809700474203748,17.266967659884465,1,47.996557469344516,61.60842913552036,4659607.285714285,4206083.766666667,1.1078256031517502,0,1286808482.0,761.3954006733175,40462635.678719796,0.11460663422438695,0.15434745669978847,0.18905728446757822,0.8164057636523273,0.18970393639999322,0.9614217038428372,1.2681974072030648,0.9614217038428372,1.4011787918377372,0.035653172551475175,0.007595397939782186,1.0,1.0,1.0,1.0,1.0,2515.875,-0.00411486602259481,-0.02814781059328675,0.2639853653060656,-0.0137,-0.008069040105368065
2025-10-15,765.0,768.7000122070312,759.3499755859375,764.25,5690264.0,0,1,0.005459840214918188,-0.012533124948690522,-0.016029370427913303,0.0249446455802822,0.028669476334880706,0.005444989318489752,0.15555555555555556,0.16666666666666666,759.9450012207031,0.005664882027491085,734.0340014648438,0.04116430366285073,699.7647937011719,0.09215268741623187,663.1071136474609,0.15252873068454437,765.2764285219018,755.6275074901915,1,1,1,56.91266896631793,0,0,9.648921031710302,11.519233199146552,-1.87031216743625,0,785.3041633850647,734.5858390563416,759.9450012207031,0.06673946699728807,0.5848805404412546,14.557072012491535,0.019047526349351043,33.301976656378685,19.854978156120467,16.474781371045303,1,55.07247734204997,56.09548894584816,4966122.428571428,4096207.566666667,1.2123707960953414,0,1292498746.0,762.045051607837,40493703.6109405,0.12664035784783986,0.12964507346621593,0.1888064654231807,0.6866559001336973,0.18434100699201122,0.9666709127249735,1.2751215624073673,0.9666709127249735,1.4088290041537035,0.012234264469864246,0.006446552521311717,1.0,1.0,1.0,1.0,1.0,2531.668212890625,0.006277423516917624,-0.015814971890157348,0.26397626450066825,-0.0346,-0.017052268500365692
2025-10-16,765.0999755859375,780.8499755859375,763.5,780.0999755859375,4180590.0,0,1,0.020739254937438556,0.01285375645546627,0.01601978117807068,0.04873294506926018,0.055544264218928774,0.020527124527255153,0.5222222222222223,0.4777777777777778,761.4424987792969,0.024502804658987715,736.0000012207031,0.05991844333164643,701.1131140136719,0.11265922715393023,664.0828125,0.17470285467738625,767.5569742240612,757.4402829046912,1,1,1,65.06027004592333,0,0,10.11669131936992,11.238724823191227,-1.1220335038213065,0,787.880490558406,735.0045070001878,761.4424987792969,0.06944186021004356,0.8528535178186919,14.756565124880533,0.01891624866902065,32.560775974621784,24.06866176190984,15.091198382958604,1,77.04918032786885,60.03940504642114,4860669.0,4110116.4,1.18261103262185,0,1296679336.0,763.5627846656339,40580405.93273941,0.16795133429727652,0.14004875046524345,0.19267845950401294,0.7268521391843837,0.1875517584491193,0.9867189472245833,1.3015666335663587,0.9867189472245833,1.438047068034105,0.02224070776685493,0.0011121695596172719,1.0,1.0,1.0,1.0,1.0,2556.45703125,0.009791495675916861,0.006057821542001962,0.2635030164854627,-0.0173,-0.009227341079079061
2025-10-17,780.0,781.9500122070312,766.0,772.7999877929688,3254932.0,0,1,-0.00935775928910354,0.01670834444803293,0.005987992076076365,0.025205625242353147,0.038988976170932554,-0.009401818195738924,0.4222222222222222,0.24444444444444444,762.9174987792969,0.012953548751318808,738.0010009765625,0.047153034711820634,702.5522332763671,0.09998936903096832,665.0954727172851,0.1619384276300224,768.3635916962007,758.5780388223415,1,1,1,59.48147844962878,0,0,9.785552873859274,10.948090433324836,-1.1625375594655623,0,788.3668273653731,737.4681701932208,762.9174987792969,0.06671580774276706,0.694160112716662,14.841811345034156,0.019205242727061533,31.95197088167724,22.750514090959417,13.932768357947559,1,50.760703112205185,60.9607869273747,4412348.0,4126008.9,1.069398565766545,0,1293424404.0,764.9777194443292,40549947.06258101,0.1822373366492066,0.14299568656693917,0.19382535808686124,0.7377553070370536,0.18987106479539628,0.977485468830458,1.289386886310716,0.977485468830458,1.4245901697250407,0.020639250076313693,-0.00012815740170022153,1.0,1.0,1.0,1.0,1.0,2548.260498046875,-0.003206208085225426,0.010023327639880897,0.2642110983661746,0.004,0.0021873753219055297
2025-10-20,774.2999877929688,789.4500122070312,772.0499877929688,786.3499755859375,4845432.0,0,1,0.017533628373450183,0.028917207178197568,0.01582482933257756,0.03202305005315287,0.06443313108079529,0.017381687786950675,0.5,0.6,764.9499969482422,0.02797565687047551,740.2710009765625,0.06224608899793157,704.150678100586,0.11673538071010643,666.2289935302734,0.18029984167929455,771.1307276792371,760.6352193233486,1,1,1,65.41034832229907,0,0,10.495508355888546,10.85757401783758,-0.36206566194903367,0,791.0930958477594,738.806898048725,764.9499969482422,0.06835243873145894,0.9092854240414955,15.024540849964753,0.01910668444895599,31.906519264448857,24.43414290921504,12.78022298946067,1,88.24341824235456,72.01776722747623,4132139.8571428573,4197410.133333334,0.9844498692962742,0,1298269836.0,766.4148896079226,40634905.06657784,0.20536755642435775,0.14820314814139768,0.19566802913278775,0.7574213774127678,0.19158980228855135,0.994624335781379,1.311994516804888,0.994624335781379,1.44956840434547,0.022127583079146303,0.001940993819479519,1.0,1.0,1.0,1.0,1.0,2546.96142578125,-0.0005097878598442351,0.0022420947378696265,0.2630621253915511,0.007,0.003965057901066066
2025-10-21,791.0,791.9500122070312,782.5,784.9500122070312,457667.0,0,1,-0.0017803311787008003,0.006217198785900324,0.014212804220561814,0.024805796327690866,0.056602485409977366,-0.0017819178517357028,0.4666666666666667,0.4777777777777778,766.9024963378906,0.02353299924738939,742.6290014648438,0.05698809319149779,705.7261883544921,0.11225858577993471,667.2207525634766,0.17644723907527798,773.2567714527438,762.4363150925103,1,1,1,64.36246375782682,0,0,10.820456360233493,10.850150486316764,-0.029694126083271044,0,792.8874991980407,740.9174934777405,766.9024963378906,0.0677661188592645,0.8472679215444272,14.62636023261236,0.01863349258570958,32.02744219760514,24.527404326741145,12.190420637805115,1,81.33333333333333,73.4458182292977,3573916.714285714,4099553.6,0.8717819213988846,0,1297812169.0,767.4379538369695,40634090.267748274,0.20637759565749056,0.14822408049490501,0.19577331687495456,0.7571209542798907,0.1908260494381727,0.9911610582838528,1.309658732060336,0.9911610582838528,1.4469876925195542,0.012038998738863388,0.005913428573069644,1.0,1.0,1.0,1.0,1.0,2548.76025390625,0.0007062643771482691,-0.0003920023102667036,0.26302355123141347,0.0118,0.006652084073575165
2025-10-22,791.0,791.9500122070312,782.5,784.9500122070312,457667.0,0,1,0.0,0.015722081529480292,0.019150869600395692,0.024805796327690866,0.05624703817499843,0.0,0.5666666666666667,0.4666666666666667,769.0974975585938,0.020611840109686162,744.3180017089844,0.054589584565675,707.2634790039062,0.10984100764334241,668.2092855834961,0.17470683084206823,775.0557315687881,764.1039963602526,1,1,1,64.36246375782682,0,0,10.951735208535524,10.870467430760517,0.08126777777500749,1,793.2387346027426,744.9562605144449,769.0974975585938,0.06277809281861471,0.8283285487700324,14.256621087927995,0.01816245731093485,32.139727778393116,23.3661179879488,11.613247090933665,1,81.33333333333333,83.63669496967377,3199592.285714286,4003076.2333333334,0.7992833758876503,0,1297812169.0,768.2690149075585,40634090.267748274,0.20158569101395277,0.14825684915383816,0.19514709790170034,0.7597184418725931,0.19087616751933184,0.9911610582838528,1.309658732060336,0.9911610582838528,1.4469876925195542,0.012038998738863388,0.007707481621610651,1.0,1.0,1.0,1.0,1.0,2548.76025390625,0.0,0.00890244822883135,0.26180013415137265,0.0163,0.009262094813028119
2025-10-23,791.5,799.8499755859375,784.0,792.4000244140625,5916416.0,0,1,0.00949106578912473,0.0076938373700805585,0.04249447423442665,0.015441851996057299,0.06698983150138837,0.009446308596995861,0.8333333333333334,0.6333333333333333,771.4349975585938,0.027176660278335853,746.2610021972656,0.061826923932708146,708.861371459961,0.11784906939144739,669.1802209472656,0.18413545351410965,777.7240843142149,766.1999984383126,1,1,1,67.5690056736661,0,0,11.524085875902301,11.001191119788874,0.522894756113427,0,795.0647844457986,747.8052106713889,771.4349975585938,0.06126190012635538,0.9436143871196092,14.370432123500102,0.018135325190236168,32.759173089828515,25.451968069546226,10.698324395683667,1,83.59040268447353,82.08568978371342,3543281.1428571427,4075089.2,0.869497811939219,0,1303728585.0,770.8803796201454,40690243.361240104,0.16980511090397532,0.14966998250265054,0.19439780505156953,0.7699160104351298,0.19262406512243962,0.9906858143410988,1.3220887892476223,0.9906858143410988,1.460721147905311,0.02000249255123094,0.008344464859045298,1.0,1.0,1.0,0.0,1.0,2544.662353515625,-0.0016078014337930213,0.011442282909772894,0.253562462318305,0.0235,0.013923915787529856
2025-10-24,811.3499755859375,826.5,811.3499755859375,824.4500122070312,16905398.0,0,1,0.040446727417339456,0.05032167575733704,0.07877005195555276,0.061478047186217966,0.08759320029459206,0.039650166518578334,0.9777777777777777,0.8333333333333334,775.4649993896485,0.06316856706097347,748.8450024414062,0.10096216108692103,710.6517028808594,0.16013232482924217,670.2399301147461,0.2300819082293174,784.9126886054174,770.5148142730325,1,1,1,77.11057329050682,1,0,14.397874332384959,11.680527762308092,2.7173465700768666,0,805.8210704216204,745.1089283576765,775.4649993896485,0.07829127312222876,1.3068404630788717,15.779685227959916,0.019139650669320885,34.53062923766602,33.58670824636732,9.046957937422313,1,97.15477010369625,87.35950204050106,5145443.142857143,4448637.166666667,1.156633582394985,1,1320633983.0,780.6418063011338,41374011.38602774,0.26365953957497057,0.17770060477744523,0.20497922614407638,0.8669200685368113,0.19241461286750122,0.9975196759915683,1.3755629541278414,0.9975196759915683,1.5198025380073805,0.01837591629540556,0.023914627193364207,1.0,1.0,1.0,0.0,0.0,2503.080810546875,-0.016340691687957043,-0.01129192292978598,0.25881611880821875,-0.0939,-0.06511421165563544
2025-10-27,834.9000244140625,845.0999755859375,827.0,840.8499755859375,7308067.0,0,1,0.019892004531607554,0.07121467929114766,0.0778746338946752,0.09514194966706113,0.11570350739346158,0.019696743780529442,0.9666666666666667,0.9777777777777777,779.8174987792969,0.07826507728049066,751.3790014648438,0.11907569142425652,712.5995819091797,0.17997539843224772,671.3759307861328,0.2524279424217112,793.518425063959,775.7248262221365,1,1,1,80.3038749973636,1,0,17.793598841822472,12.903141978210968,4.8904568636115044,0,820.3508374845717,739.2841600740221,779.8174987792969,0.10395596089783692,1.2528676239874876,16.1275622387418,0.019180071007914908,36.70720199495092,38.7528121143966,8.219539689382426,1,95.31163627475998,92.01893635430993,5592225.571428572,4607074.166666667,1.2138345008399738,0,1327942050.0,786.0212248535629,41519383.48790903,0.2624212213399811,0.18227563915445735,0.20397823294243514,0.8936033836801475,0.19449529179791628,0.9949710092027239,1.402925658644864,0.9949710092027239,1.5500344569805722,0.021525808540726568,0.012675131363097248,1.0,1.0,0.0,0.0,0.0,2491.68603515625,-0.004552300246405294,-0.02533623499319282,0.25899962022651596,-0.1189,-0.08450485347677297
2025-10-28,838.0,859.9000244140625,837.0,848.9500122070312,8010504.0,0,1,0.009633153185797827,0.07136545437991937,0.09853781782727311,0.10511585357569309,0.1230240075378557,0.009587050207217122,1.0,0.9888888888888889,784.1674987792969,0.08261310693006328,754.2240014648437,0.12559400199173187,714.5535107421875,0.18808458631075742,672.5683154296875,0.2622509754487287,802.0463615475086,781.1489140728694,1,1,1,81.66446539694955,1,0,20.897447474639193,14.502003077496614,6.39544439714258,0,834.1898667923526,734.1451307662412,784.1674987792969,0.12758082448182273,1.1475354526481658,16.611309536978993,0.019566887682578932,39.05490164270037,41.30083750792275,7.410161428401368,1,89.61592134713749,94.02744257519792,6271593.0,4785334.633333334,1.310586088653821,0,1335952554.0,791.9050415357158,41596549.90003647,0.22307217120789805,0.18307161457123217,0.2041527508545587,0.8967384167243231,0.1992010023818698,0.9872659473239431,1.4164402564228764,0.9872659473239431,1.564966176347931,0.026974526279266876,-0.0033893984285978296,0.0,0.0,0.0,0.0,0.0,2493.28515625,0.0006417827411588917,-0.021573674213845484,0.2585602481650508,-0.1188,-0.08493136096391755
2025-10-29,854.0,858.8499755859375,849.5499877929688,856.25,5663683.0,0,1,0.00859884290947921,0.03857115328052574,0.08889174869240324,0.10612327477711236,0.1415145018917563,0.008562083435438782,0.9888888888888889,1.0,788.6824981689454,0.08567135949881427,757.332001953125,0.13061378337607546,716.6117102050781,0.19485906775785253,673.8046453857422,0.27076891776222584,810.3853828478918,786.711957474879,1,1,1,82.81653119591083,1,0,23.673425373012833,16.33628753659986,7.337137836412975,0,847.3374803833384,730.0275159545523,788.6824981689454,0.1487416859143448,1.075974105525128,16.131927668545227,0.018840207496111216,41.23490845846772,39.49042248478362,7.085338292035417,1,96.53862115549464,93.82205959246404,6388486.0,4834706.7,1.3213802607715581,0,1341616237.0,796.270946578367,41645251.02044256,0.22277949339913908,0.1801468224682505,0.2038788515013663,0.8835973968935333,0.19694192827359042,0.9957552921148599,1.428620003678519,0.9957552921148599,1.5784230746569952,0.010861299612226278,0.005948510183585724,0.0,0.0,0.0,0.0,0.0,2536.265869140625,0.01723858692331426,-0.004199339861358231,0.26258503322570775,-0.1078,-0.07466571820430905
2025-10-30,852.0999755859375,864.0,848.0999755859375,861.3499755859375,4704178.0,0,1,0.005956175866788316,0.024380092281877985,0.09733099202596818,0.11292714258078829,0.1482369493472091,0.005938507971991368,0.9888888888888889,1.0,793.4524963378906,0.08557220446267634,760.4130017089843,0.13273967390102898,718.7621075439453,0.19837977899144382,675.0922857666015,0.27589959735331726,818.2260894229757,792.2406995571797,1,1,1,83.5921801864695,1,0,25.985389865796037,18.266108002439093,7.719281863356944,0,859.3881454507978,727.5168472249834,793.4524963378906,0.16619936144186906,1.014876854641867,16.11536315036789,0.018709425445104746,43.36804518297621,38.99002934541871,6.586005314047341,1,97.58099068064654,94.57851106109291,6995130.428571428,4827664.3,1.4489678639360712,0,1346320415.0,800.1138931936653,41673269.93191924,0.20671521985547583,0.17971944935646028,0.2039126070627593,0.8813552626549817,0.19638282971269067,0.9969328421133535,1.43712911566724,0.9969328421133535,1.587824440081849,0.018459424002707413,-0.004846743841240876,0.0,0.0,0.0,0.0,0.0,2525.7705078125,-0.004138115587890345,-0.009019971987759834,0.26312672390502795,-0.1109,-0.07646957674192363
2025-10-31,856.9500122070312,860.5999755859375,845.7000122070312,847.8499755859375,4138495.0,0,1,-0.015673071785735626,-0.001295761358473868,0.08013244461523272,0.10081792021321578,0.14065651757025055,-0.01579719299055195,0.9555555555555556,0.9777777777777777,796.8274963378906,0.06403202635769877,763.2860009765625,0.11078936925501354,720.8693310546874,0.17614932285365445,676.3191268920898,0.2536241278316181,822.7836103711237,796.3599051889396,1,1,1,74.0620180531339,1,0,26.423705182184108,19.8976274383881,6.526077743796009,0,866.7300885075865,726.9249041681946,796.8274963378906,0.1754522590923597,0.8649541287695345,16.082120309549204,0.018968120272026982,45.049159388764686,36.27986551283731,7.194158935571269,1,85.25784918882569,93.12582034165564,7520963.0,4794530.233333333,1.5686548283107082,0,1342181920.0,803.5140827844119,41608407.00269933,0.26329092596025205,0.18507843865151327,0.2048516168503796,0.9034756058903438,0.1943555371469918,0.9813078421133535,1.4146048878720168,0.9813078421133535,1.562938353649301,0.017573820614441946,-0.005108217917941141,0.0,0.0,0.0,0.0,0.0,2479.89111328125,-0.018164514309332414,-0.0270206428868508,0.22470357636256788,0.095,0.0789692430884351
2025-11-03,847.8499755859375,856.0,842.5999755859375,847.2000122070312,4885067.0,0,1,-0.000766601872527084,-0.01056932880930661,0.06915697388259212,0.11459023736180374,0.13611371642544667,-0.0007668958620007547,0.9222222222222223,0.9666666666666667,800.3524963378907,0.05853360373522546,765.9130017089843,0.10613086645176532,722.8926232910156,0.17195830322641575,677.6419903564453,0.25021770236138563,826.5399798843403,800.1258390421316,1,1,1,73.62679655000383,1,0,26.414140842208667,21.20093011915221,5.213210723056456,0,873.0364279578667,727.6685647179146,800.3524963378907,0.18162979925108041,0.8222687244966345,15.890542031300154,0.018756541315319248,46.216985957912556,34.09459849473427,8.154306695672554,1,83.94650370410116,88.92844785785782,7373627.428571428,4882954.8,1.5100748891985296,0,1337296853.0,806.4368291435077,41604662.10118971,0.27280109163183824,0.185656839858882,0.20493095128125205,0.9059482654920301,0.19462096129876608,0.980555569684064,1.3809271188186905,0.980555569684064,1.5617402021807487,0.015816836899180686,0.0,0.0,0.0,0.0,0.0,0.0,2465.8974609375,-0.005642849506095615,-0.030952983789501953,0.18585294039766706,0.1327,0.13376321341011532
2025-11-04,841.5499877929688,847.0,829.25,831.4000244140625,4673187.0,0,1,-0.018649654822133876,-0.0347709433108202,0.008429877013921283,0.08786395081983978,0.11462662180117777,-0.01882575251233526,0.3888888888888889,0.9111111111111111,803.5324981689453,0.03468126840995297,768.427001953125,0.0819505591303765,724.8363397216797,0.14701758017996283,678.9506289672852,0.22453679095733337,827.287679042759,802.4424453659783,1,1,1,63.810268300935554,0,0,24.84523367678071,21.92979083067791,2.915442846102799,0,875.783618799724,731.2813775381666,803.5324981689453,0.1798337237023304,0.6928518616861824,16.037647043852374,0.01928992852165847,45.771929326434666,31.368875978471234,13.448223879660418,1,67.56221334732587,78.92218874675092,5626168.714285715,4912610.066666666,1.1452504143287758,0,1332623666.0,809.3779278142614,41517508.77672043,0.2228969604377312,0.19711290942727394,0.20860614532168692,0.9449046149781949,0.19588730302951018,0.9622685467755353,1.355173304718198,0.9622685467755353,1.5326142864882282,0.021349530284786183,-0.006669056105586785,0.0,0.0,0.0,0.0,0.0,2418.718505859375,-0.019132569713660397,-0.033703388373253707,0.18231722916776583,0.2356,0.25659998732676426
2025-11-05,841.5499877929688,847.0,829.25,831.4000244140625,4673187.0,0,1,0.0,-0.019401959834352334,-0.01123856983558802,0.06576086454764107,0.12192164915915948,0.0,0.2,0.9333333333333333,806.6924987792969,0.030628183195149976,770.9410021972657,0.07842237219771946,726.7438226318359,0.14400700566428457,680.2083908081055,0.2222725206702278,827.9203475614211,804.5874512213919,1,1,1,63.810268300935554,0,0,23.33289634002915,22.21041193254816,1.122484407480993,0,877.9585952902141,735.4264022683797,806.6924987792969,0.17668714316485776,0.6733469829583038,16.15995796929149,0.01943704293331045,45.35866245434806,28.90777715950888,12.393120473019751,1,66.7347187898597,72.7478119470956,5249757.285714285,4987877.466666667,1.0525032583093163,0,1332623666.0,812.885744975373,41517508.77672043,0.18178293324932235,0.19509297021964497,0.1861579971941251,1.0479967187023531,0.19757731140908805,0.9622685467755353,1.355173304718198,0.9622685467755353,1.5326142864882282,0.021349530284786183,0.012208278904080546,0.0,0.0,0.0,0.0,0.0,2418.718505859375,0.0,-0.029284399505935088,0.1744509354165874,0.1984,0.22346495726056373
2025-11-06,788.0,795.0,770.1500244140625,788.4000244140625,34786635.0,1,0,-0.0517199888589186,-0.06940508374142906,-0.07132338408895922,0.020186383110131434,0.057332526789083404,-0.05310544993838,0.011111111111111112,0.4,807.4075012207031,-0.023541367621558635,772.6810021972656,0.020343482203000845,728.2610144042969,0.08257892269430087,681.2325390625,0.15731410231672796,821.8402978464428,803.3883825689971,1,1,1,44.910668558186416,0,0,18.451915277445664,21.458712601527658,-3.006797324081994,0,877.5752489655254,737.2397534758809,807.4075012207031,0.17380999715444068,0.364556883913641,19.380675257199243,0.02458228647519757,43.313900729155876,22.382126045991996,31.377122619723313,1,19.44592940601104,51.24762051439888,9074918.857142856,5990681.633333334,1.5148391139078763,1,1297837031.0,807.3708551672842,39718344.40208116,0.33992326381418886,0.25528078361044404,0.2177671209375089,1.1722650440132336,0.19390904523623187,0.9125000282570168,1.285083756496269,0.9125000282570168,1.4533474926660375,0.03151950128921668,-0.05220113439935139,1.0,1.0,1.0,1.0,1.0,2313.265869140625,-0.04359855703062998,-0.0722016439467883,0.20770068391732904,0.5015,0.6132067779753964
2025-11-07,788.5,802.5999755859375,783.0,790.4000244140625,13189011.0,0,1,0.002536783280145727,-0.04931440798175968,-0.07690508097627735,0.005150440584813509,0.06257988889689359,0.002533571076736255,0.011111111111111112,0.5,808.2300018310547,-0.02206052407928206,774.4100024414063,0.02064800547803625,729.7207733154297,0.08315406840200167,682.2346722412109,0.15854566848312962,817.0033327029997,802.4262819649279,1,1,1,45.71600995146917,0,0,14.577050738071875,20.082380228836506,-5.50532949076463,0,877.1204663200308,739.3395373420785,808.2300018310547,0.1704724257523328,0.370591833360005,19.396339566394833,0.024539902539569988,40.97219809599627,23.56537004870363,29.112369685290233,1,21.576990162834164,35.919212786234986,10149965.714285715,6309106.5,1.608780215437117,1,1311026042.0,807.0472273286887,39751802.06466762,0.3273643837775259,0.2549633527075752,0.21772488352833377,1.1710345118838719,0.19429810774647163,0.9148148430718316,1.2883437354833354,0.9148148430718316,1.4570343202856744,0.024797539196013192,0.00012680819741450627,1.0,1.0,1.0,0.0,1.0,2368.341064453125,0.023808415646127346,-0.06620946436676167,0.22020736370641542,0.4687,0.5398955192461291
2025-11-10,792.0,799.9000244140625,783.8499755859375,785.2000122070312,5914226.0,0,1,-0.006578962609326999,-0.05556893294487353,-0.0884076920384248,0.00031849161871733145,0.041655644630610666,-0.006600699373191275,0.011111111111111112,0.2222222222222222,808.9800018310547,-0.029395027775964193,775.7220031738282,0.012218306293265209,731.006923828125,0.07413484963330964,683.3113180541992,0.1491102100327722,812.1105141651585,801.1502619828615,1,1,1,43.91831006403403,0,0,10.96025218229704,18.25795461952861,-7.297702437231571,0,876.4389277738472,741.5210758882621,808.9800018310547,0.16677526215754473,0.323744676544438,19.15731879937556,0.024398011336663618,38.797759936633774,22.15514683362148,27.370197188469692,1,16.03621918813141,19.019712918992223,10322829.714285715,6361342.1,1.6227439983593581,0,1305111816.0,807.110692472402,39712892.59295051,0.30746001130579065,0.25384134004200065,0.21224602373452214,1.1959768931148789,0.19481614288079988,0.9087963104248047,1.27986777021963,0.9087963104248047,1.4474485459720088,0.020440713930978818,0.0020242605472129004,1.0,1.0,1.0,0.0,1.0,2297.3310546875,-0.029983016733285406,-0.09044347157368826,0.2323803959302311,0.4988,0.5421570699309899
2025-11-11,790.7999877929688,794.7000122070312,778.0999755859375,793.75,5411465.0,0,1,0.01088892977591338,0.006785864307796707,-0.06380842972667389,0.011210889427501147,0.04173500529366514,0.010830072258198037,0.044444444444444446,0.2222222222222222,810.6625030517578,-0.02086256979703669,777.1780029296875,0.021323296603663357,732.2991564941407,0.08391494508890782,684.3815740966797,0.15980621051593397,809.285819678211,800.6020944285755,1,1,1,47.56906192743938,0,0,8.683725249635586,16.343108745550005,-7.659383495914419,0,874.5735210580195,746.751485045496,810.6625030517578,0.1576760187270714,0.3676871095207657,18.974655786641147,0.023905078156398297,37.06329638165546,20.77068261190514,27.824388466793508,1,25.14649091658765,20.919900089184427,10504682.57142857,6384447.333333333,1.6453550359141351,0,1310523281.0,807.4397096889038,39771817.655320324,0.3380811217390349,0.2538659329914661,0.21156424862730155,1.1999472247254996,0.19646546053139774,0.9186921296296297,1.2938041604920063,0.9186921296296297,1.463209711543346,0.02091343196358268,0.007131909703105012,1.0,1.0,1.0,0.0,1.0,2293.5517578125,-0.0016450815250543815,-0.07514013598048519,0.23237027978770877,0.4985,0.5419029129888963
2025-11-12,798.0,809.0,791.75,794.4000244140625,7589035.0,0,1,0.0008189283956692162,0.005060728588622387,-0.06232293086896934,0.002523977711230918,0.03714343201725989,0.0008185932567679601,0.05555555555555555,0.13333333333333333,812.1700042724609,-0.021879630822264486,778.2070031738281,0.020808115545340827,733.5656262207032,0.08292972846448025,685.3724365234375,0.1590778707758794,806.9956973298805,800.1426818349078,1,1,1,47.84702631425738,0,0,6.8530154949727375,14.445090095434551,-7.592074600461814,0,872.810156214081,751.5298523308409,812.1700042724609,0.14932871596493222,0.35348008465161773,18.85146608759535,0.023730445000300585,34.580923674853594,24.831391809579063,26.005770151144993,1,25.83911167648042,22.340607260399846,10890963.714285715,6515287.133333334,1.67160149528417,0,1318112316.0,808.6501033801453,39778032.53157755,0.3399142221453112,0.25360300888216997,0.21049993660897126,1.2047652506103497,0.19740725958318672,0.9194444727014612,1.2948636934574682,0.9194444727014612,1.464407975524948,0.021714500843228624,0.005354330708661417,1.0,0.0,0.0,1.0,1.0,2407.609130859375,0.04972958323628962,-0.02363777529336708,0.25638959827245134,0.4289,0.4221421852990377
2025-11-13,803.0,816.5,799.0,811.9500122070312,5854638.0,0,1,0.022092128969801283,0.03406775290898345,-0.023394288712871858,-0.01516162267562815,0.06005613847756752,0.021851633481642516,0.13333333333333333,0.4444444444444444,813.7625061035156,-0.002227300819207118,779.6650036621094,0.0414088209593585,734.8294030761718,0.1049503582845407,686.476611328125,0.18277884316576065,807.7578996186729,801.0172988995096,1,1,1,54.81251419457898,0,0,6.7406007191633535,12.904192220180313,-6.16359150101696,0,872.4995177393333,755.025494467698,813.7625061035156,0.14435910034013283,0.48457110903324246,19.08350248033408,0.023503297239274086,32.360800735243416,25.584573582499797,23.85459688353157,1,44.53915681064073,31.841586467902953,11059742.42857143,6588313.7,1.6786909264158791,0,1323966954.0,809.6213870919836,39907373.94934505,0.37708654320509954,0.26050674182404954,0.21390041350670086,1.2178879767144004,0.19838179490795663,0.9397569585729528,1.323469989171644,0.9397569585729528,1.4967598653846506,0.021553050972228874,0.01082574939783104,0.0,0.0,0.0,0.0,1.0,2411.194580078125,0.0014892156591341799,-0.00311070749366793,0.2565432427771821,0.4277,0.4323547801806008
2025-11-14,807.0,812.5,796.0,803.6500244140625,4113598.0,0,1,-0.010222289141184726,0.012472471702756005,-0.033377434670581185,-0.04424088987569108,0.02985846037943407,-0.010274895551188323,0.1,0.12222222222222222,815.3050079345703,-0.014295243383863952,780.8620043945313,0.029183158984922998,735.9431713867187,0.09200011041581577,687.4799710083008,0.16897954603008938,807.1259188179637,801.2123156042912,1,1,1,51.321458533387194,0,0,5.913603213672445,11.506074418878741,-5.592471205206296,0,871.0571316838872,759.5528841852534,815.3050079345703,0.13676384471267977,0.3954749816086547,18.898966588881645,0.023516413880110058,30.122750657591773,23.989076426890406,23.50083283685713,1,35.69526767678738,35.357845387969526,10979801.142857144,6508019.766666667,1.687118591602077,0,1319853356.0,810.252721834837,39865323.56117845,0.3782540732575886,0.2578781125655621,0.2150232589461072,1.1993033396921768,0.1926371150494714,0.9301504912199797,1.3099410962726508,0.9301504912199797,1.481459553265768,0.020531325202198646,-0.006096449452074267,0.0,0.0,0.0,1.0,1.0,2438.909423828125,0.011494237743808311,0.00834777503865669,0.2596224986974219,0.4039,0.39931865923578574
2025-11-17,801.0,809.0,799.75,807.1500244140625,2770547.0,0,1,0.0043551295883452745,0.016049848449342985,0.0237823432513653,-0.049237278039846566,0.039204341094969175,0.004345673456657766,0.6333333333333333,0.17777777777777778,816.3450103759766,-0.011263602821164098,782.2300048828125,0.03185766254898813,737.1366119384766,0.0949802402182534,688.5574157714843,0.1722334346071965,807.1296273712097,801.6521458864964,1,1,1,52.689838644900135,0,0,5.47748148471328,10.30035583204565,-4.82287434733237,0,870.578228868943,762.1117918830101,816.3450103759766,0.1328683774718945,0.41522736233046365,18.209754689675812,0.02256055768925348,28.04456129977239,23.11866791417582,22.64813952790782,1,39.424624001227855,39.88634949621868,6406074.285714285,6482216.066666666,0.9882537422126481,0,1322623903.0,811.0679759515073,39877389.65239406,0.17035618306170702,0.2574812749984633,0.21303109311643806,1.2086558409467945,0.19222296369376538,0.9342014171459057,1.315646059500017,0.9342014171459057,1.4879115016001323,0.011460075227916753,-0.0032974856387201885,0.0,0.0,0.0,1.0,1.0,2460.899658203125,0.009016421093852589,0.06382050201490497,0.26112986472161104,0.4028,0.3953315431427373
2025-11-18,804.5,804.5,788.3499755859375,797.1500244140625,7299555.0,0,1,-0.012389270516666717,-0.018227708073726867,0.008539979493300098,-0.06902186929744525,0.03822614885090059,-0.012466657370721685,0.4111111111111111,0.15555555555555556,816.9550109863281,-0.024242444572749045,783.3150048828124,0.017662140320317033,738.2156579589844,0.07983353620271294,689.5856051635742,0.15598414242561418,805.5943038393409,801.3186554070569,1,1,1,48.49528857227148,0,0,4.275648432284015,9.095414352093323,-4.819765919809308,0,869.961979752927,763.9480422197292,816.9550109863281,0.12976716723385393,0.313185067613739,18.2519185567079,0.02289646615782744,26.654967171795104,21.417742672977084,25.4432128638046,1,28.76932021711222,34.62973729837584,5564723.428571428,6561575.766666667,0.8480772952193392,0,1315324348.0,810.4595150962518,39786953.49084777,0.1953455984649722,0.25790242488401083,0.2124707346744094,1.2138256371128995,0.1925573047072504,0.9226273430718316,1.2993461645646847,0.9226273430718316,1.4694773635019485,0.020259705098715164,-0.0032831869341591637,0.0,0.0,1.0,1.0,1.0,2435.7109375,-0.0102355740589265,0.02844601820997905,0.2604951656722979,0.401,0.39515213263196897
2025-11-19,797.1500244140625,798.7999877929688,790.0,790.9500122070312,3005726.0,0,1,-0.0077777231601899866,-0.015802913981481925,0.007322974924360848,-0.08173212442598188,0.029614683205535952,-0.007808127402092041,0.3888888888888889,0.12222222222222222,817.2550109863281,-0.03218701436599317,784.2710046386719,0.00851619851920508,739.1924987792969,0.07001899168783064,690.5676553344726,0.14536208885129287,803.3413358959087,800.5506077626105,1,1,1,46.04767180615954,0,0,2.7907281332982166,7.834477108334302,-5.0437489750360855,0,869.5626012965782,764.947420676078,817.2550109863281,0.1280080014367148,0.2485546684212085,17.576780645012246,0.022222365982354296,25.364629767244768,20.651813877150694,24.533327555708333,1,22.996129377056437,30.396691198465522,5149223.428571428,6448660.666666667,0.7984950200881136,0,1312318622.0,810.1996740435727,39763575.78612438,0.1974970055492014,0.25923347806056457,0.21339009651398425,1.2148336886082998,0.19041504470224577,0.9154514030173972,1.289240209807446,0.9154514030173972,1.4580481753784644,0.011125845700935841,0.0,0.0,1.0,1.0,1.0,1.0,2432.0126953125,-0.0015183419881900084,0.05862526445641958,0.2599093116481217,0.3996,0.39677085045952215
2025-11-20,799.7999877929688,802.6500244140625,789.2999877929688,799.7999877929688,6016713.0,0,1,0.011189045387638208,-0.00910615920061375,0.007622031865157419,-0.056672747746158825,0.03319986179766787,0.01112691107214559,0.3888888888888889,0.14444444444444443,817.6250091552735,-0.021800973750448965,785.41400390625,0.018316434154688144,740.3124389648438,0.08035465257250658,691.5760867309571,0.15648878429787855,802.796513110841,800.4950062833777,1,1,1,49.93218600343758,0,0,2.3015068274632995,6.727883052160101,-4.426376224696802,0,869.293117049656,765.956901260891,817.6250091552735,0.12638583046221455,0.32750460498048645,17.2748703575895,0.02159898802356717,23.887623014535553,21.103755207843644,23.179086169536557,0,34.53695027464051,28.76746662293641,5235687.428571428,6422321.466666667,0.8152328493280594,0,1318335335.0,810.3862064005543,39830897.06096577,0.19812191048482045,0.26020552949125214,0.21354983764749627,1.218476831252711,0.19111950219560925,0.925694430315936,1.3036655770305496,0.925694430315936,1.4743623425901373,0.016691718960802807,0.01118904538763825,0.0,1.0,1.0,1.0,1.0,2445.0068359375,0.005342957563521322,0.06603516908179641,0.25943563057369745,0.4002,0.3995460034392849
2025-11-21,786.0,787.0,776.25,777.7000122070312,5099356.0,0,1,-0.027631877873519284,-0.02439943751030782,-0.02102216980588456,-0.082034937439326,0.004845274166100699,-0.028020819752891602,0.1111111111111111,0.06666666666666667,815.2875091552735,-0.046103364182761696,785.8070043945313,-0.010316772619946978,741.1458599853515,0.04932113123104026,692.455652770996,0.12310443144613423,798.9355129717934,798.8064882036484,1,1,0,41.832397439529146,0,0,0.12902476814497277,5.408111395357076,-5.279086627212103,0,869.806873389204,760.7681449213429,815.2875091552735,0.13374267021561154,0.15528305881408871,17.723093031545158,0.02278911245127652,23.305874166163623,19.10074633024163,26.238579475815985,0,9.824320353265401,22.4524666683208,4880019.0,6446792.366666666,0.7569685391501493,0,1313235979.0,808.1201455052617,39689992.27874017,0.2642700143924128,0.273553704366737,0.22230865867551539,1.2305130443255452,0.19086607113587803,0.9001157548692491,1.2676428490181306,0.9001157548692491,1.4336229423983708,0.013822810635546507,-0.017254298579135425,1.0,1.0,1.0,1.0,1.0,2421.217529296875,-0.009729750563868378,0.005652245733360539,0.2602304352202173,0.4093,0.42812574413909205
2025-11-24,782.8499755859375,788.0999755859375,771.8499755859375,774.6500244140625,5666985.0,0,1,-0.0039218049956218914,-0.020608113713135978,-0.04593877360944976,-0.06825835738938679,0.005777735830306829,-0.00392951543867198,0.06666666666666667,0.07777777777777778,811.9775115966797,-0.04597108497403596,786.2270043945313,-0.014724729519287024,742.0217462158203,0.043972132036076694,693.2968884277344,0.11734242190358236,795.1992839629117,797.0171205155309,1,1,0,40.847591747395306,0,0,-1.8178365526191556,3.9629218057618294,-5.780758358380985,0,867.9804418067794,755.9745813865801,811.9775115966797,0.13794207206545653,0.1667363025239923,17.617872100720504,0.022743008514130605,23.0089307463768,17.84233617681513,26.293821776063076,0,5.855564644868201,16.738945090924723,4853211.428571428,6533093.933333334,0.7428657046869077,0,1307568994.0,805.434048036245,39667767.468657054,0.199678177495095,0.2734190252613819,0.21849919040038254,1.251350289950105,0.19356091129734318,0.896585676405165,1.262671400960187,0.896585676405165,1.4280005527810347,0.020977214855561824,0.006622043587592589,1.0,1.0,1.0,1.0,1.0,2398.127685546875,-0.009536459847416245,-0.005419261738232151,0.2603145548077259,0.4087,0.4271236912667335
2025-11-25,777.9500122070312,791.75,772.6500244140625,789.3499755859375,6090783.0,0,1,0.0189762482522271,-0.013065781903632945,-0.017793875933185044,-0.050577396672270014,0.03848177994934421,0.01879844508986106,0.13333333333333333,0.2222222222222222,808.997509765625,-0.024286272754262928,786.8950036621094,0.003119821465891871,743.1091589355469,0.062226142814102006,694.208645324707,0.1370500510213746,794.2993903664542,796.4491838540796,1,1,1,47.28848059469188,0,0,-2.149793487625402,2.7403787470843834,-4.890172234709786,0,863.0247743813632,754.9702451498868,808.997509765625,0.13356596024971812,0.31817019314758993,17.723736635378863,0.02245358482746828,22.436604823682785,17.939922241888436,24.269855819659416,0,41.42386469282247,19.03458323031871,5135666.428571428,6619100.233333333,0.77588588290423,0,1313659777.0,802.0930028507144,39783347.6789155,0.24822307000954535,0.2755198774327329,0.2214457921179553,1.2441865559855592,0.1884126807410668,0.9135995087800203,1.2629267514560651,0.9135995087800203,1.455098645774925,0.02419709403520221,0.004259972489466876,1.0,1.0,1.0,1.0,1.0,2331.857177734375,-0.027634269939795786,-0.043893489872092184,0.27099178757152875,0.3318,0.335692589508919
2025-11-26,790.1500244140625,803.0,787.2000122070312,800.7999877929688,3842280.0,0,1,0.014505621791565781,0.029702938438154636,-0.007867232148947134,0.01572800988701384,0.047824648731395136,0.014401421709054636,0.2777777777777778,0.32222222222222224,806.2250091552735,-0.006728917238611623,787.90900390625,0.016361005931914245,744.4267230224609,0.07572708371030218,695.1039428710938,0.15205789868678132,795.2994822782257,796.7714656273307,1,1,1,51.700065634459,0,0,-1.4719833491050167,1.8979063278465036,-3.3698896769515203,0,855.5267794219518,756.9232388885952,806.2250091552735,0.12230275594733661,0.44498147497584534,17.58632600377814,0.021960946892927203,21.053513415664476,21.357957072677507,22.71238186596969,0,64.83761786681904,37.372349068169925,5288771.142857143,6557500.766666667,0.8065223826951302,0,1317502057.0,799.8131164282598,39839082.3394128,0.2666311323078814,0.2779148451318052,0.2150569644449428,1.292284794631493,0.1903734037151845,0.9268518377233435,1.279112954230868,0.9268518377233435,1.4762057563999555,0.01973025478748325,0.0010135540037625524,1.0,1.0,1.0,1.0,1.0,2313.96533203125,-0.00767278797087767,-0.05970756494767526,0.27013029154279444,0.3183,0.32590845789415696
2025-11-27,807.9000244140625,813.9500122070312,800.4500122070312,807.5499877929688,4481695.0,0,1,0.008429071057559856,0.04247074464858036,0.013046431738555908,0.021697827491363952,0.03518781318562847,0.008393744810926279,0.4888888888888889,0.17777777777777778,803.535009765625,0.004996643554479177,789.0570031738281,0.023436817042059355,745.8008673095703,0.0827957209357432,695.9709454345704,0.16032140865985067,797.1841754343401,797.5698746766373,1,1,1,54.136948072546346,0,0,-0.38569924229716435,1.44118521381777,-1.8268844561149344,0,845.4972191534634,761.5728003777865,803.535009765625,0.10444401022446552,0.5478404031379172,17.294445574936844,0.021415944320923714,20.05187621901413,24.68961634826351,21.44600849332479,0,79.955190787729,62.07222444912352,4886219.714285715,6567537.6,0.7439956970000011,0,1321983752.0,798.0982306844909,39876858.86502611,0.25863090419032153,0.27289763291601554,0.21511168101662353,1.2686323291524386,0.1885731340141962,0.9346643377233435,1.2840917401576177,0.9346643377233435,1.4886487996162296,0.016717231383899158,0.00886617973192243,0.0,1.0,1.0,1.0,1.0,2253.9921875,-0.02591790970290997,-0.07460604097238033,0.2753806506876539,0.2704,0.26657517604281394
2025-11-28,812.2000122070312,815.0,807.2000122070312,808.4000244140625,3200488.0,0,1,0.0010526117688600678,0.024133843564109858,0.022062092341764483,0.02954662741512304,0.04606630070319162,0.001052058161547087,0.6555555555555556,0.3111111111111111,801.5625122070312,0.008530229524088911,790.35900390625,0.022826361714925785,747.2242132568359,0.08187075588809811,696.7689852905273,0.16021241111498252,798.9096906619897,798.3721079905206,1,1,1,54.44862743878312,0,0,0.5375826714690675,1.2604647053480298,-0.7228820338789623,0,838.1137468146411,765.0112775994213,801.5625122070312,0.09119996020514812,0.5935332592788499,16.61627001908198,0.020554514494387405,19.188332646727993,24.31313540204081,20.726925827171435,0,81.85896717362955,75.55059194272589,4914042.857142857,6565722.8,0.7484389772201253,0,1325184240.0,796.7862864449169,39880227.736361004,0.2500532964000868,0.2710600141058164,0.21486736906813753,1.2615224697979124,0.18588507926540918,0.935648176405165,1.2824069457842566,0.935648176405165,1.4902157688624054,0.009648673376305586,0.005758187708937994,1.0,1.0,1.0,1.0,1.0,2279.180908203125,0.011175158832765542,-0.06284168968523285,0.27889253176884954,0.2689,0.2599291957823025
2025-12-01,817.9500122070312,817.9500122070312,808.2000122070312,810.7999877929688,2064678.0,0,1,0.002968781922843,0.012487512677866519,0.013753438569503285,0.021480299581692952,0.031093041223550166,0.0029643837923670016,0.5,0.16666666666666666,799.7425109863282,0.013826296157501137,791.6610034179688,0.02417573215349506,748.7157348632812,0.0829209939617796,697.6368505859375,0.16220923122393371,800.7389671436788,799.2926916795908,1,1,1,55.37080763288313,0,0,1.4462754640879893,1.2976268570960217,0.1486486069919677,1,829.76799850663,769.7170234660264,799.7425109863282,0.0750878866831054,0.6841348420931391,16.125822160576124,0.01988877948120261,18.57994054206716,24.569814011559124,19.83178862423162,0,84.49019797352851,82.1014519782957,4349466.428571428,6473031.0,0.6719365979510106,0,1327248918.0,795.1578642324666,39886357.3150839,0.24378991309985798,0.26690914316427566,0.21420679811813045,1.2460348854898666,0.18298643292189523,0.9384259117974175,1.286214132342629,0.9384259117974175,1.4946398944981396,0.012025160516516416,0.011813443226811738,0.0,1.0,1.0,1.0,1.0,2260.989013671875,-0.007981768566845515,-0.07526270256625534,0.27902225120251883,0.2662,0.2532118268282209
2025-12-02,811.0,813.5,802.5999755859375,806.8499755859375,4237151.0,0,1,-0.004871746751974326,-0.0008668345212218265,0.037482271983231286,0.015672143491004986,0.027899819145591698,-0.004883652393434533,0.7888888888888889,0.13333333333333333,798.5150085449219,0.010438084383916378,792.8800024414063,0.017619277950655054,750.1245733642578,0.07562130909439498,698.5963986206054,0.15495868169243532,801.6791222886417,799.8524904874683,1,1,1,53.452744756011896,0,0,1.8266318011733347,1.4034278459114844,0.4232039552618503,0,824.8746654418397,772.1553516480041,798.5150085449219,0.0660216943071645,0.6581008256975869,15.75255089296801,0.019523519079898896,17.566404588264756,23.355445737427175,21.39088614195589,0,75.9218485826218,80.7570045765933,4226294.285714285,6599013.8,0.6404433168050483,0,1323011767.0,794.1424990950275,39865714.98846202,0.14301643490585111,0.26734318807147445,0.21443760429596487,1.2467178457304986,0.18329960178073057,0.9338541384096499,1.2799480228210454,0.9338541384096499,1.4873583874467469,0.013509357060024525,0.0002466850148526661,1.0,1.0,1.0,1.0,1.0,2238.59912109375,-0.009902698528270859,-0.0754242053815617,0.27922319587002126,0.2713,0.25829743932161947
2025-12-03,810.7999877929688,819.5999755859375,800.9500122070312,816.2999877929688,4948661.0,0,1,0.011712229649841088,0.009772344310148062,0.053766168032344464,0.005357442601809259,0.03993881788445508,0.011644172374339805,0.8888888888888888,0.3111111111111111,797.7600067138671,0.023240048289048097,794.3850024414063,0.027587360391007502,751.66861328125,0.0859838675843922,699.6031967163086,0.16680425650482136,803.9284862123843,801.0708236212091,1,1,1,57.266630955681165,0,0,2.857662591175199,1.6942747949642274,1.1633877962109715,0,820.8111185424112,774.708894885323,797.7600067138671,0.057789589938197654,0.9021493890837757,15.959508927677884,0.019551034137373476,17.05151022043647,24.136079096524966,19.605388833926177,0,93.08903080006544,84.50035911873861,4123676.5714285714,6748713.6,0.6110314966438303,0,1327960428.0,793.3659283757864,39923674.842553236,0.13102603281604572,0.2691202068481212,0.21545318802474414,1.2490889984752214,0.18646000873174476,0.9447916525381582,1.2949390680041857,0.9447916525381582,1.5047786704521406,0.022846948006614798,0.0048955968600764175,1.0,1.0,1.0,1.0,1.0,2188.8212890625,-0.02223615276277302,-0.0872790876590227,0.28374064955911266,0.2447,0.23076285637477872
2025-12-04,824.0,826.25,809.0,810.7999877929688,3381601.0,0,1,-0.006737719076623239,0.0,0.02717427360545477,0.008896862019159624,0.023220548727913126,-0.006760519980905328,0.7222222222222222,0.12222222222222222,798.8800048828125,0.014920867761491652,795.6880017089844,0.01899235133812085,753.0802215576172,0.07664491057269857,700.5204498291016,0.15742515152951045,804.9856403017051,801.7915024487468,1,1,1,54.469320833872686,0,0,3.194137852958306,1.9942474065630433,1.1998904463952629,0,822.1915076384507,775.5685021271743,798.8800048828125,0.058360461178541545,0.755667406668436,16.051686861415178,0.019797344725064114,17.010552896604004,25.24257195807189,18.10046040978044,0,71.59925501239776,80.20337813169503,3736650.5714285714,6664219.766666667,0.5607033834806415,0,1324578827.0,797.0344199131962,39900890.564986005,0.12801671340886306,0.2689591839858258,0.2160835139518812,1.2447001581329304,0.1868215000977731,0.9384259117974175,1.286214132342629,0.9384259117974175,1.4946398944981396,0.021275283990759813,0.009432821661372043,1.0,1.0,1.0,1.0,1.0,2216.90869140625,0.012832204476492581,-0.049294822781474346,0.2882506511546998,0.2225,0.2064572968991931
2025-12-05,811.5499877929688,831.9000244140625,808.0,823.25,4273147.0,0,1,0.015355220022783556,0.020325989849789394,0.0280344812053559,0.01994669528459103,-0.001455530583132414,0.015238521734168096,0.7222222222222222,0.05555555555555555,800.5225036621093,0.028390827533167844,797.2760021972656,0.03257842670687559,754.6029278564453,0.09097111819928437,701.4880407714844,0.17357667152044945,807.7955417937504,803.3810207858767,1,1,1,59.314106932014646,0,0,4.414521007873759,2.4783021268251866,1.9362188810485725,0,825.8594116773088,775.1855956469099,800.5225036621093,0.06330092633072028,0.948505719882169,16.61228240088999,0.02017890361480715,17.32329144866106,25.077910466991106,16.24038468276316,0,85.59530827556766,83.42786469601032,3798203.0,6243144.733333333,0.6083797768968376,0,1328851974.0,798.8086906237537,39966505.677360706,0.13098409676980427,0.24667303700228285,0.21435658551432019,1.1507602456459345,0.19089193845340593,0.9528356481481481,1.3059642333411638,0.9528356481481481,1.5175904189329885,0.029031308125189798,0.0009250123474243397,0.0,1.0,1.0,1.0,1.0,2264.387451171875,0.02141665101033441,-0.02142550719022851,0.29537360228111215,0.3435,0.28388688831902475
2025-12-08,825.7999877929688,833.5,817.25,819.4500122070312,4354685.0,0,1,-0.00461583697900847,0.00385890537935607,0.014735960118809732,0.027974643555157774,-0.025450394244221686,-0.0046265228500222905,0.4777777777777778,0.03333333333333333,802.2350036621094,0.02145881003239365,798.5890026855469,0.026122335082666526,756.0201293945313,0.08389972746267829,702.4257116699218,0.16660025194536232,809.5885372419475,804.571316446703,1,1,1,57.3096561848083,0,0,5.017220795244498,2.986085860509049,2.031134934735449,0,827.8397874348753,776.6302198893435,802.2350036621094,0.06383362395278956,0.8361678172660897,16.586405086540704,0.020240899187820387,17.712600564768284,24.011983775809767,15.10388485604211,0,77.21008559768889,78.13488296188478,3780058.714285714,6144698.666666667,0.615173976681967,0,1324497289.0,800.5295995860268,39946405.16130577,0.13564469175444843,0.23972993691365702,0.2141991986539629,1.1191915675694886,0.19024736015422739,0.9484375141285084,1.2998338754600536,0.9484375141285084,1.5105854689582885,0.019830373735957054,0.003097464674119344,1.0,1.0,1.0,1.0,1.0,2215.20947265625,-0.02171800523367773,-0.01720623303790847,0.30022278631658317,0.3602,0.2844595972309224
2025-12-09,819.0,819.4000244140625,803.0999755859375,812.9000244140625,3394966.0,0,1,-0.007993151132340115,0.0025900797394067254,0.005566551044158707,0.02775145314908456,-0.04246420551811869,-0.008025267620633858,0.35555555555555557,0.011111111111111112,803.1925048828125,0.012086167976214304,799.6080029296875,0.016623172148945892,757.2988659667968,0.07342036406760374,703.3053179931641,0.1558280644508985,810.0979968068883,805.1882577776186,1,1,1,53.92678914381549,0,0,4.909739029269758,3.3708164942611907,1.5389225350085676,0,828.8933536542918,777.4916561113332,803.1925048828125,0.06399673456920292,0.688856010506988,16.569521624723066,0.02038322195483554,16.814222067931663,22.319561374473064,20.139177094681845,0,66.5856164993852,76.46367012421393,3807841.285714286,5990847.4,0.6356097946534719,0,1321102323.0,801.6362691049545,39919268.68497861,0.14885247988330297,0.23849221922721722,0.21503476534846813,1.1090867973870915,0.1876430596333101,0.9408565097384982,1.289444106846566,0.9408565097384982,1.4985111310065882,0.020051726336057202,-0.0005491637077644657,1.0,1.0,1.0,1.0,1.0,2244.196533203125,0.013085471556835149,-0.015349538456594591,0.30394417602269586,0.3382,0.26248081423198644
2025-12-10,816.0499877929688,831.75,813.5999755859375,821.75,5280811.0,0,1,0.010886917603817992,-0.001822046765866947,0.013505195327934816,0.027444376771750045,-0.040291970802919685,0.010828081758511342,0.4444444444444444,0.022222222222222223,804.5600036621094,0.021365710773151882,800.7240026855469,0.02625873240209365,758.6129913330078,0.08322690144819439,704.1512460327149,0.16700780497066886,811.8906126827517,806.4150534977949,1,1,1,57.57102078418935,0,0,5.475559184956751,3.7917650324003027,1.6837941525564482,0,831.1849092363711,777.9350980878476,804.5600036621094,0.06618500908092229,0.8228179775125318,16.73241119338124,0.020361924178133543,16.78615836140918,25.795596862831985,18.518613984439384,0,80.94080235705503,74.91216815137638,4267288.857142857,5978085.0,0.7138220445414973,0,1326383134.0,803.137306878236,39976760.43921695,0.16067830496280167,0.23940722570541428,0.21509538842233833,1.1130281660680694,0.1905926800875638,0.9510995370370371,1.3034821785925332,0.9510995370370371,1.5148252982182608,0.022087039140933983,0.0038749702107300837,1.0,1.0,1.0,1.0,1.0,2210.61181640625,-0.014965140663923848,-0.0222810446937165,0.29930646181182574,0.2999,0.23729540147831796
2025-12-11,826.0,830.9000244140625,821.1500244140625,824.3499755859375,3098584.0,0,1,0.003163949602601246,0.005979575698228601,0.021689286149251474,0.05998452185505121,-0.04295582637571982,0.003158954846721478,0.6111111111111112,0.011111111111111112,805.1800018310547,0.02380830834259231,801.892001953125,0.028006232233408982,759.9511315917969,0.08474076992194293,704.888069152832,0.1694764199608038,813.8074377447804,807.7435662450648,1,1,1,58.606872563214075,0,0,6.06387149971556,4.246186325863354,1.8176851738522064,0,833.0766131809894,777.28339048112,805.1800018310547,0.06929285696737421,0.8435896481191733,16.233667536711152,0.019692688806319754,16.760099205352585,24.68895902934774,17.724160614438116,0,85.158117128052,77.56151199483077,4104636.4285714286,5924565.2,0.6928164835744282,0,1329481718.0,803.5296697053215,39986564.20283238,0.1534671003875552,0.2388045754128841,0.21509947622243267,1.1102052855114262,0.1889508943983042,0.9541087680392795,1.3076063305134888,0.9541087680392795,1.5196181291185686,0.011827500805188747,0.0051718892607240646,1.0,1.0,1.0,1.0,1.0,2276.68212890625,0.029887794867309303,0.01701198193712017,0.31537866739358783,0.3032,0.22709239440384052
2025-12-12,830.7999877929688,855.0,830.5999755859375,852.0999755859375,8178645.0,0,1,0.03366288690707564,0.04822235206614778,0.04385641103555726,0.09998057023293505,0.0050126792739044745,0.033108694791219605,0.8222222222222222,0.1111111111111111,807.6024993896484,0.05509823982704162,803.327001953125,0.06071372369437481,761.588115234375,0.11884620904792867,705.7169845581054,0.20742449768229942,819.6985974126507,811.0292261962405,1,1,1,67.67719092491141,0,0,8.669371216410127,5.130823303972709,3.5385479124374184,0,842.480701331108,772.7242974481888,807.6024993896484,0.08637467558067001,1.1378980813141506,17.26340731366482,0.02025983782219196,18.002317711613834,31.529523713560295,15.47644196687638,0,96.47841496803343,87.52577815104684,4566062.714285715,6059236.866666666,0.7535705922646356,0,1337660363.0,807.3272490419282,40261881.0045205,0.23580939736983628,0.25482487352707955,0.22337254815159346,1.1408065836010464,0.19317874140383326,0.986226823594835,1.344110385958683,0.986226823594835,1.570772862341029,0.02863516619312667,0.007824361494578396,0.0,0.0,1.0,1.0,1.0,2281.3798828125,0.00206342108395563,0.04228695792229065,0.31251030409586134,0.2792,0.22593721387055188
2025-12-15,851.9500122070312,856.25,845.2999877929688,847.8499755859375,2521938.0,0,1,-0.004987677645545641,0.03176145492660476,0.04569559490722286,0.07411161311125047,0.0007671900018191291,-0.005000157624395266,0.8222222222222222,0.07777777777777778,809.6374969482422,0.04719702185450796,804.7500012207031,0.053556973345582154,763.22330078125,0.11088062264092563,706.5355697631836,0.20001032059874863,824.0295786700793,813.7566891139959,1,1,1,65.31655932938074,0,0,10.272889556083442,6.159236554394855,4.113653001688586,0,848.8807408615221,770.3942530349623,809.6374969482422,0.09694028268502643,0.9868669715752552,16.81245052033385,0.01982951112160497,19.210886015888306,30.593785773059487,14.756451622927138,0,87.83486473705378,89.82379894437976,4443253.714285715,5980465.9,0.7429611318886902,0,1335138425.0,808.5737341654336,40249302.39073445,0.2319725248692576,0.2552546416528851,0.22385893721124292,1.140247715068958,0.1925245125908699,0.9813078421133535,1.3341680040536201,0.9813078421133535,1.562938353649301,0.012915035115102582,-0.00017599270414616464,1.0,1.0,1.0,1.0,1.0,2277.88134765625,-0.0015335171413614068,0.027503458525990565,0.31238843389657683,0.2779,0.22538095701319083
2025-12-16,845.0,845.0,831.1500244140625,837.1500244140625,2713249.0,0,1,-0.012620099640246352,0.015527444904728682,0.01688432968607656,0.0453921543146818,0.0069160450218321845,-0.012700409492015563,0.5111111111111111,0.12222222222222222,811.6374969482422,0.031433401687018456,806.137001953125,0.038471156125817925,764.7182299804688,0.0947169710279349,707.269136352539,0.18363714940444428,826.0481087845383,815.4895287658527,1,1,1,59.673139878358626,0,0,10.558580018685575,7.039105247253,3.5194747714325754,0,852.2542036826113,771.020790213873,811.6374969482422,0.10008583114281434,0.8140644517620635,16.80441485258679,0.02007336124053574,19.12919420455416,28.422099968828068,19.72353202823641,0,65.77064558364607,83.36130842957778,4220411.142857143,5915134.633333334,0.713493674188584,0,1332425176.0,810.508735777542,40215060.91800565,0.24724471515681448,0.2519192255406518,0.22589051895727563,1.115227087456022,0.19113918912474362,0.9689236393681279,1.2747173595877515,0.9689236393681279,1.543213915894684,0.016544197792541862,-0.003361414953120593,1.0,1.0,1.0,1.0,1.0,2246.895263671875,-0.013603028101642378,-0.007724909220348963,0.3102265342552369,0.2642,0.21297674477786724
2025-12-17,844.0499877929688,851.9000244140625,840.0999755859375,848.7999877929688,3270389.0,0,1,0.013916219362306359,-0.0038727706695443898,0.035816676000637315,0.05108042922858069,0.020928509583781896,0.013820277852397787,0.7444444444444445,0.14444444444444443,814.529995727539,0.042073333388808774,807.7490014648438,0.05082146341707568,766.3683752441407,0.10756134414154025,708.0889971923829,0.19871935753628958,829.5483978627584,817.9569701752687,1,1,1,63.38278052997077,0,0,11.591427687489727,7.949569735300345,3.6418579521893815,0,857.1344255203109,771.9255659347672,814.529995727539,0.10461107636611348,0.9021881319867341,16.657670934544875,0.019624966039240632,19.413634907002557,29.58319723631022,18.476049718307397,0,86.52800388505963,80.04450473525318,4065511.714285714,5868374.7,0.6927832529653762,0,1335695565.0,812.4943833026949,40260572.368729725,0.25000981512926757,0.25497552043107213,0.22648800976651276,1.1257793323978926,0.18911548589778004,0.982407393278899,1.2924566059887146,0.982407393278899,1.5646896192712383,0.013902036990843072,0.008242206507412655,1.0,1.0,1.0,1.0,1.0,2231.502197265625,-0.0068508161707078186,0.007354936321140926,0.310426465801714,0.2544,0.20745616368486525
2025-12-18,850.0,861.9500122070312,847.5,856.7000122070312,4174631.0,0,1,0.009307286201315712,0.010438210622082833,0.053881149560230046,0.05974763277373363,0.08663113353367691,0.009264240300639768,0.8888888888888888,0.7222222222222222,817.3749969482421,0.048111350855621106,809.4010021972656,0.05843705392180628,768.1546020507812,0.11527029834860825,709.0104034423828,0.20830386697795525,833.7255693003387,820.8268251405844,1,1,1,65.68779978304508,0,0,12.898744159754301,8.939404620191137,3.959339539563164,0,863.307119288098,771.4428746083863,817.3749969482421,0.11238935008129283,0.9280774897338714,16.49998102543676,0.019259928551803678,20.161406750905407,32.083291964639464,17.320294519231382,0,91.39344262295081,81.23069736388554,4176892.4285714286,4847974.566666666,0.8615747403648911,0,1339870196.0,815.7072880015676,40299426.85423161,0.23304503238403518,0.19843568896419395,0.2268032378276265,0.8749244096550672,0.18323546742944333,0.9915509400544343,1.3044858695234327,0.9915509400544343,1.5792526333740236,0.01686706198334831,0.0014137750050533054,1.0,1.0,1.0,1.0,1.0,2228.3037109375,-0.0014333332640426022,-0.007081742632826016,0.2849209624111193,0.0099,0.006917393965323131
2025-12-19,858.0,864.4000244140625,847.5499877929688,852.0,4939377.0,0,1,-0.005486182024117214,0.01773872681462474,0.03681168238515364,0.050814026674049995,0.0779351893765472,-0.005501286389580784,0.7333333333333333,0.6333333333333333,821.0899963378906,0.037645086165913354,810.962001953125,0.05060409482569949,769.999057006836,0.106494861580637,709.9083096313476,0.20015498965273418,836.5370201772097,823.1359492042449,1,1,1,63.14121936825934,0,0,13.401070972964817,9.831737890745874,3.569333082218943,0,865.5046012387535,776.6753914370278,821.0899963378906,0.10818449889526018,0.8479711654657641,16.524984996555116,0.01939552229642619,20.96894256069617,30.805558261540295,16.058795224168186,0,80.45701807967755,86.1261548625627,4128116.1428571427,4572986.766666667,0.9027177102168178,0,1334930819.0,820.1395919572163,40272328.53292387,0.24359869392241543,0.19987983861598047,0.22716581527992408,0.879885199142659,0.18137642653121022,0.9856547616105542,1.2973292225953383,0.9856547616105542,1.5705885659652672,0.01977703828766872,0.0015174364123326208,1.0,1.0,1.0,1.0,1.0,2237.999267578125,0.0043510929829875256,0.012389082048967826,0.2755720168412855,0.0034,0.0024974844174698433
2025-12-22,860.0,872.3499755859375,857.25,864.5499877929688,4865457.0,0,1,0.01473003262085526,0.018555608183917105,0.04876571043561628,0.0715126900327776,0.10105702286338669,0.014622599401962163,0.8333333333333334,0.8111111111111111,825.584994506836,0.04719682836460532,812.8490014648437,0.06360466240956705,771.8176220703125,0.12014802858985299,710.8520892333985,0.2162164265780271,840.8467075027111,826.2036557663725,1,1,1,66.83814332956302,0,0,14.64305173633852,10.794000659864404,3.849051076474117,0,868.3773230239086,782.7926659897633,825.584994506836,0.10366547067061138,0.9552801242235172,16.79819861008243,0.019429991148302513,22.07706038750582,31.52035751963746,14.669207063399366,0,89.07564174567474,86.97536748276771,4380526.571428572,4538027.8,0.9652930225391242,0,1339796276.0,825.5956154701911,40343996.87324924,0.24927936155336258,0.2009432933092368,0.22745882139866277,0.8834271279241673,0.1804894064839474,0.9910586484653368,1.3164389243641565,0.9910586484653368,1.593723386775878,0.017465705626212382,0.009389671361502348,0.0,1.0,1.0,1.0,1.0,2262.488525390625,0.010942478028154623,-0.006234336948234276,0.2644264411607019,-0.0182,-0.01390444311507785
2025-12-23,871.0,871.7999877929688,860.8499755859375,863.8499755859375,5452783.0,0,1,-0.0008096839013533863,0.008345935890074818,0.013789461725920438,0.05825062906288858,0.08831492987204714,-0.0008100118724106488,0.4222222222222222,0.7444444444444445,829.3099945068359,0.04164905922741403,814.9240014648437,0.06003746856534873,773.6351434326172,0.11661160033790265,711.7923687744141,0.2136263515628032,844.3856718232074,828.9922720493032,1,1,1,66.43786487461604,0,0,15.393399773904207,11.713880482672366,3.6795192912318413,0,871.7905553500296,786.8294336636421,829.3099945068359,0.10244796547630078,0.9065386660806717,16.38047100986449,0.018962171063041176,23.106026940971926,30.01530617176732,13.968773705395714,0,87.72563176895306,85.75276386476848,3991117.714285714,4539405.066666666,0.8792160328658298,0,1334343493.0,831.2489027804149,40339581.84263657,0.16913052296118863,0.19993654823463253,0.22685357034526635,0.8813462707698774,0.17807409639791832,0.9902562042323774,1.315373024959984,0.9902562042323774,1.592432974606395,0.012675826262082149,0.0074605428235525175,1.0,1.0,1.0,1.0,1.0,2247.794921875,-0.0064944433311935335,-0.014721336499249005,0.2650015355213532,-0.0129,-0.009780299920247582
2025-12-24,865.9500122070312,882.2999877929688,862.1500244140625,864.4500122070312,3683590.0,0,1,0.0006946074411668945,0.0146126903838395,0.019578978709790862,0.06616924669683355,0.08817974023180142,0.000694366313071351,0.5666666666666667,0.7333333333333333,832.4924957275391,0.03838775321519691,816.9280017089844,0.05817160190204334,775.4810015869141,0.11472751806692162,712.6472964477539,0.21301240672061741,847.4724934207188,831.618771320246,1,1,1,66.62238762991907,0,0,15.85372210047285,12.541848806232462,3.311873294240389,0,875.5133592489889,789.4716322060893,832.4924957275391,0.10335435752811825,0.8714188170997363,16.649720464796044,0.01926047802612388,24.5188399841186,31.925216743425867,12.76124472955714,0,77.46215551169725,84.75447634210838,4157068.0,4409223.566666666,0.9428117983009662,0,1338027083.0,834.5571662510886,40342140.49166078,0.16261886960811348,0.199947683521224,0.22677565512888273,0.8816981849642914,0.1786617812186777,0.9797688135181908,1.3162866928510313,0.9797688135181908,1.593539090400116,0.023309576140164875,0.002431020061868178,1.0,1.0,1.0,1.0,1.0,2221.70654296875,-0.011606209557804448,-0.02466098804720407,0.2196439195835457,0.0098,0.00897779563061365
2025-12-25,865.9500122070312,882.2999877929688,862.1500244140625,864.4500122070312,3683590.0,0,1,0.0,-0.00011563887264942618,0.03261062772120993,0.05004556599700116,0.06465915291668667,0.0,0.7333333333333333,0.5111111111111111,835.3374969482422,0.03485120129905151,818.6150024414062,0.05599092324099663,777.3075018310547,0.11210815561499206,713.4654934692383,0.21162133294439817,850.0844193878438,834.0507150896374,1,1,1,66.62238762991907,0,0,16.03370429820643,13.240219904627256,2.793484393579174,0,878.9350544237132,791.7399394727713,835.3374969482422,0.10438309697516725,0.833877824178206,16.899737815803917,0.01954969931998395,25.830737809897656,29.206273681979177,11.67442054002372,1,77.46215551169725,80.88331426411587,4295688.142857143,4336855.3,0.9905076018692952,0,1338027083.0,837.6322359569576,40342140.49166078,0.12548856654142237,0.19173227613811472,0.22677565512888273,0.8454711597201564,0.17920635833612825,0.9797688135181908,1.3162866928510313,0.9797688135181908,1.593539090400116,0.023309576140164875,0.0017352073327760655,1.0,1.0,1.0,1.0,1.0,2221.70654296875,0.0,-0.011210456094852272,0.21944634875604527,-0.0076,-0.006656555543347431
2025-12-26,865.25,874.75,861.0,872.9000244140625,2334952.0,0,1,0.009775015429125178,0.01047641266874666,0.02839306900057581,0.06522669035427064,0.08616934971225798,0.009727549038276138,0.6888888888888889,0.6777777777777778,838.5624969482421,0.04094808388257762,820.6170031738282,0.06371184247709212,779.3090020751953,0.12009488160620099,714.3785546875,0.22190121565996143,853.5945124688005,836.9284417062615,1,1,1,69.37256045762378,0,0,16.666070762538993,13.925390076209604,2.740680686329389,0,883.297628268796,793.8273656276883,838.5624969482421,0.10669480565457476,0.8837870422215993,16.674756543246495,0.019102710593277266,26.91989598270723,27.486024693268572,11.479425870339226,1,88.13136119937145,81.01855740758867,4162054.285714286,4277567.1,0.972995674507195,0,1340362035.0,839.6398695610607,40364964.68348705,0.11478314493358469,0.18927287061847195,0.22471593645555044,0.8422761358356565,0.17776426059681755,0.9893460687873069,1.3291534155828024,0.9893460687873069,1.6091159595956914,0.015752090291473803,0.0009254297896604774,1.0,1.0,1.0,1.0,1.0,2228.9033203125,0.0032393015029488215,-0.0011646311423352262,0.2161075569491545,0.0399,0.03502674746299191
2025-12-29,886.0,887.4500122070312,860.9000244140625,865.0,9836341.0,0,1,-0.009050319845466226,0.0006362285675312052,0.00968832458819091,0.06409149221454524,0.07167189969167476,-0.00909152277833551,0.35555555555555557,0.5666666666666667,841.2724975585937,0.028204300640118904,822.1900036621093,0.052068252042971844,781.230502319336,0.10722763311464044,715.2215896606446,0.20941539308177443,855.3492028582158,839.0078163946866,1,1,1,64.05837825970244,0,0,16.341386463529147,14.408589353673513,1.9327971098556347,0,885.490032695739,797.0549624214484,841.2724975585937,0.10512060067449339,0.768304218765394,17.380130203940944,0.020092636073920166,28.481344468423373,29.70632533987833,10.22685175614149,1,69.600540183593,78.39801896488726,4970870.0,4513093.566666666,1.1014329586947702,1,1330525694.0,843.7699920356539,40275942.651327975,0.13110067557118713,0.19227453219226365,0.22544464952635296,0.852868021468782,0.18437610132660365,0.9747027867505467,1.317124152048084,0.9747027867505467,1.5945529454929062,0.030693627506322256,0.015007418054239269,1.0,1.0,1.0,1.0,1.0,2202.21533203125,-0.011973596179805757,-0.011707730314407638,0.21460125342679817,0.0564,0.05063451646242218
2025-12-30,868.0,888.2999877929688,863.8499755859375,884.1500244140625,15280248.0,0,1,0.022138756548049088,0.022789070424945823,0.0377347704390405,0.0759355332084728,0.10913880365737749,0.021897252182138845,0.7777777777777778,0.8888888888888888,845.1375,0.046161156514842205,824.17400390625,0.07277106560453311,783.4015026855469,0.1286039424013659,716.2003317260742,0.23450099818192235,859.7800984821922,842.3516836553811,1,1,1,70.04800837456233,1,0,17.42841482681115,15.01255444830104,2.415860378510109,0,890.1917640717293,800.0832359282708,845.1375,0.10661996201027459,0.9329504123289203,17.885121775590253,0.020228605193381013,29.96540489795433,27.14504856373535,9.228229815296048,1,93.81985756940878,83.85058631745777,6448137.285714285,4779116.666666667,1.3492320308245844,1,1345805942.0,850.6709651117169,40614228.34179379,0.16846589828454625,0.1951039108031938,0.22740730512633467,0.8579491793142049,0.18737323811921666,0.9953281960644658,1.3462836429938323,0.9953281960644658,1.6298543649561483,0.027653691717346933,0.003468208092485549,1.0,1.0,1.0,1.0,1.0,2213.710205078125,0.0052196862312607895,-0.01085302522296383,0.21512715645854646,0.0675,0.06140846815060374
2025-12-31,886.4000244140625,890.0,879.4500122070312,886.7000122070312,3539118.0,0,1,0.0028841121105647183,0.015809356635351213,0.025620293478468836,0.07563539572713163,0.12105695495575453,0.0028799610387538845,0.6333333333333333,0.9222222222222223,848.6575012207031,0.04482669502314896,826.20900390625,0.07321514049687741,785.2635028076172,0.1291751227922089,717.2024954223633,0.23633146547384806,863.921623670629,845.6367450295774,1,1,1,70.7470852442235,1,0,18.28487864105159,15.66701928685115,2.6178593542004407,0,895.2011853221856,802.1138171192207,848.6575012207031,0.10968779285998018,0.9086753307213649,17.36118363397443,0.019579545951242023,31.414882475838915,26.66623529872237,8.82767404529016,1,94.44446727838802,85.95495501046328,6258660.285714285,4796896.4,1.3047311769573104,0,1349345060.0,853.8546070319884,40624435.55487831,0.15537284253998337,0.1921805856150057,0.2273775777166455,0.8452046483426711,0.18753070135525574,0.9962921485472261,1.3501664759528462,0.9962921485472261,1.634555047668575,0.011898035014919437,0.0025448169856593103,1.0,1.0,1.0,1.0,1.0,2238.698974609375,0.011288184638588827,-0.01051477190459682,0.21910623196069312,0.0681,0.05990900620315596
2026-01-01,888.0999755859375,895.9500122070312,882.4500122070312,894.9500122070312,2566505.0,0,1,0.00930416136959944,0.034624291568822185,0.03600166406209482,0.05028756935666889,0.1189672741514125,0.009261144279639755,0.7444444444444445,0.9111111111111111,852.8650024414062,0.04934545285027847,828.2600036621094,0.08051820473046553,787.2605029296875,0.1367901842866386,718.2357339477539,0.24603938499129577,868.6952219069985,849.2895796353146,1,1,1,72.94704374252362,1,0,19.405642271683973,16.414743883817717,2.990898387866256,0,900.206400673714,805.5236042090984,852.8650024414062,0.111017331223086,0.9444842287833443,17.085384802976257,0.019090881691640055,33.00647798001977,27.64872516560654,8.32944704774772,1,98.45678983274668,95.57370489351452,5846334.857142857,4681889.466666667,1.2487127042974027,0,1351911565.0,856.1722749115678,40648314.731554195,0.1550792415874228,0.19163854526824708,0.22756055294157163,0.8421430814393044,0.18711987499377547,0.9988838663023881,1.3627286427209349,0.9988838663023881,1.6497632115995768,0.015084641394336344,0.001578846689560414,1.0,1.0,1.0,1.0,1.0,2258.989990234375,0.009063753481434622,0.0049804669680615365,0.2205485365381208,0.0689,0.06007386241111431
2026-01-02,898.0,927.2999877929688,896.5499877929688,925.7000122070312,5357771.0,0,1,0.034359460953766074,0.04699427319532612,0.07085429942168942,0.09182053295135462,0.1903047417731054,0.03378235682756488,0.9333333333333333,1.0,857.9875030517578,0.07892015782797329,830.2850036621094,0.11491838118727689,789.5650030517578,0.1724177346122185,719.4768255615235,0.2866293663935022,877.4651896454651,854.9496116776639,1,1,1,79.21993877313987,1,0,22.515577967801164,17.634910700614405,4.880667267186759,0,913.3310767560008,802.6439293475148,857.9875030517578,0.129007878337138,1.1117468083749908,18.175712716044917,0.019634560307189398,35.41629581944199,36.45388970227574,7.270508778827028,1,98.33595819518689,97.07907176877389,6085503.571428572,4690503.3,1.2974095064443452,0,1357269336.0,860.9769578137533,40832404.855027914,0.22660419364326806,0.18624896261973858,0.23637728788760973,0.7879308722261605,0.1946438255502187,0.9982745868575438,1.4095512643110835,0.9982745868575438,1.7064481862514924,0.03321810477963223,0.003407997934373108,1.0,0.0,1.0,1.0,1.0,2278.78125,0.008761109987730276,0.025689579576510635,0.22181860794082697,0.0869,0.07364988344772362
2026-01-05,932.5,937.9000244140624,925.8499755859376,931.7000122070312,5278463.0,0,1,0.006481581420415994,0.05074997110690593,0.0777951287527936,0.11294270445628452,0.20273669766132096,0.006460666298292654,0.9333333333333333,1.0,863.6000030517578,0.07885596215218178,832.1020043945313,0.11969446929162399,791.7405029296875,0.17677447188750578,720.747917175293,0.2926849873649134,885.8090085010906,860.6348265316911,1,1,1,80.18538850251247,1,0,25.174181969399456,19.142764954371415,6.03141701502804,0,924.9312360060668,802.2687700974487,863.6000030517578,0.14203620365349465,1.0551821304979072,17.748876965401077,0.019049991126818978,37.87502516355677,38.92996492481841,6.913543353328657,1,93.66052238079439,96.81775680290934,6313342.571428572,4677552.566666666,1.3497106620284565,0,1362547799.0,866.3822166352968,40866617.64273707,0.21804768794844562,0.18394930245964305,0.2359112640401251,0.7797393787367267,0.1925556710086028,0.9933894743089441,1.4170342390981463,0.9933894743089441,1.7175086691104027,0.012933399882200661,0.00734577908966036,0.0,0.0,1.0,1.0,1.0,2278.481201171875,-0.00013167074642417287,0.025554526263968258,0.22068598419844349,0.0721,0.060687484846585746
2026-01-06,936.0,970.7999877929688,936.0,942.25,10369133.0,0,1,0.011323374106197326,0.052852100282475556,0.07944778742845027,0.11009662293942535,0.19370371716368795,0.011259744588975367,0.9555555555555556,0.9888888888888889,870.0675018310546,0.08296195182217184,833.9680041503906,0.12983950860311755,794.0960028076172,0.18656937784419944,722.1645779418945,0.30475798561780687,894.4922379624612,866.6803949367511,1,1,1,81.78765279289888,1,0,27.811843025710118,20.876580568639156,6.935262457070962,0,935.9956669191524,804.1393367429569,870.0675018310546,0.1515472419079029,1.0474329375957157,19.273955438296536,0.020455245888348673,40.66924202348649,45.481498993786566,5.911749666384233,1,76.84510087632236,89.61386048410122,7461082.714285715,4820164.233333333,1.54788973012359,1,1372916932.0,876.2394812819902,40984031.21485298,0.2179537333080689,0.18071525352095075,0.2339783786563416,0.7723587733137441,0.19826354243759373,0.9705912771405418,1.4330798479087452,0.9705912771405418,1.7369566623013766,0.03693286048603741,0.00461520632889426,0.0,0.0,1.0,0.0,1.0,2258.090576171875,-0.008949218009572601,0.013094895410395324,0.2078084990177336,0.1464,0.12859622644575852
2026-01-07,951.0499877929688,954.5999755859376,935.0999755859376,938.4500122070312,6555117.0,0,1,-0.0040328870182740895,0.01377336051838407,0.08491330890986282,0.09542430119662959,0.17189064249792319,-0.004041041037333825,0.9666666666666667,0.9666666666666667,875.9025024414062,0.07140921460012516,835.6120043945313,0.12306908861010737,796.4720031738282,0.17825863114766222,723.5748959350586,0.29696319963435797,901.2549724616258,871.9966628826978,1,1,1,79.30029465525479,1,0,29.258309578927992,22.552926370696923,6.705383208231069,0,944.4308309995438,807.3741738832687,875.9025024414062,0.15647478655929925,0.9563624349349293,19.29010147841821,0.020555278626990553,43.17612344148447,42.19747113046917,5.818153635440837,1,73.75255530552738,81.41939285421473,6992336.428571428,4910592.133333334,1.4239293834051325,0,1366361815.0,882.9271195255798,40957595.16860041,0.19982946558347375,0.18108242740020067,0.23446261867475854,0.7723296294467916,0.19850067603432997,0.9666769921789117,1.4273003987939639,0.9666769921789117,1.7299517123266768,0.020778943733124604,0.009339334351784292,0.0,1.0,0.0,1.0,1.0,2273.083740234375,0.006639753170538443,0.03218050804221684,0.20794794389201607,0.1436,0.12629778045422618
2026-01-08,934.0499877929688,934.2000122070312,898.5999755859375,903.9500122070312,6266789.0,0,1,-0.03676274660475887,-0.029784264931225213,0.022394375667286193,0.06097419273125726,0.11937344544766004,-0.03745552847778753,0.5666666666666667,0.8666666666666667,879.8825042724609,0.02735309296150945,836.4640051269531,0.08068010896635719,798.4385034179687,0.1321473204728819,724.8551525878906,0.2470767559280402,901.669593960919,874.3635776474632,1,1,1,61.12469144811617,0,0,27.306016313455757,23.503544359248693,3.802471954207064,0,944.9635349123807,814.801473632541,879.8825042724609,0.14793118472956274,0.6849041702161341,20.758668274323608,0.022964398466725457,42.58349267625998,36.411348617196424,17.579664948587922,1,41.12727188679012,63.9083093562133,5704699.428571428,4970095.266666667,1.1478048452776328,0,1360095026.0,886.1905141822751,40727210.79256792,0.34003869141691345,0.21902884216596705,0.24621303873670047,0.8895907515287843,0.20767378675114956,0.9311392908667879,1.37482891590423,0.9311392908667879,1.6663539358879425,0.03938274920111433,-0.0046886081909835505,1.0,1.0,1.0,1.0,1.0,2213.010498046875,-0.026428081431485673,-0.0003160788750239396,0.20849412919955126,0.3412,0.35930235629637786
2026-01-09,902.0,908.4500122070312,894.0,900.9500122070312,4320582.0,0,1,-0.003318767586136029,-0.04383124201960065,0.016070824183853638,0.04210285689435356,0.11448538470796077,-0.003324286910233969,0.4666666666666667,0.8111111111111111,882.3250061035156,0.02110900855657092,837.526005859375,0.0757278053504472,800.4060034179688,0.1256162601975872,726.3819909667968,0.24032537068807092,901.5588890757055,876.3329431703942,1,1,1,59.840308014363124,0,0,25.225945905311278,23.84802466846121,1.3779212368500673,0,946.678425503026,817.9715867040053,882.3250061035156,0.14587236892152713,0.6447087526762977,20.308049983802725,0.02254070670808326,41.73833717737933,34.560764973157305,18.30411793874775,1,36.47115249572421,50.450326562680594,5816337.142857143,5007431.733333333,1.161540976013534,0,1355774444.0,889.8731940382974,40712871.78507308,0.3422864671365371,0.2198644940885024,0.24527613690497385,0.8963957801312055,0.20887106402808475,0.9280490559700815,1.3702661782616445,0.9280490559700815,1.6608236944584873,0.016038639226646407,-0.002157212435088324,1.0,1.0,1.0,1.0,1.0,2152.737548828125,-0.02723572674957697,-0.03839793860460816,0.21920445870441876,0.3627,0.36463971867489764
2026-01-12,909.9500122070312,921.9500122070312,897.0,920.1500244140624,6884726.0,0,1,0.021310851819622556,-0.0195002264957419,0.028158010909330677,0.06517341022083989,0.13486684542108707,0.02108695104201215,0.6666666666666666,0.9,885.9400085449219,0.03861437065623378,838.9850061035156,0.09674191757907587,802.44900390625,0.1466772591589675,728.1941909790039,0.2636052797633388,904.419063743145,879.5786528921474,1,1,1,64.92066572014207,0,0,24.840410850997614,24.04650190496849,0.7939089460291235,0,950.2620792809689,821.6179378088748,885.9400085449219,0.14520637992563487,0.7659275072900344,20.639618714033332,0.022430710391141195,41.389803743858074,36.24860239604461,16.72363481777883,1,53.91266582657669,43.83703006969703,6433225.857142857,5168100.0,1.2447951582095658,0,1362659170.0,892.2123056803853,40859591.16067778,0.35934922189415747,0.22559891540026852,0.24634785809064288,0.9157738051745518,0.21324127760014946,0.9478265718832004,1.3994677177400188,0.9478265718832004,1.69621726210961,0.027115156816866947,0.009989455439323386,1.0,1.0,1.0,1.0,1.0,2170.629638671875,0.008311319628112601,-0.03911498144944525,0.2203007848883911,0.3802,0.39030040739887106
2026-01-13,927.4000244140624,937.9000244140624,922.9500122070312,936.2999877929688,6868939.0,0,1,0.01755144590599822,0.03578735012896761,0.011450767469112666,0.08311640299766676,0.16043876324470863,0.017399198143420464,0.35555555555555557,0.9555555555555556,890.8975067138672,0.05096263120835475,841.0830053710938,0.11320759284615947,804.7550036621094,0.16345966602537687,730.0546292114258,0.2825067472064666,909.3238212892717,883.7802332551712,1,1,1,68.52722947841472,0,0,25.54358803410048,24.34591913079489,1.1976689033055905,0,954.6675556469293,827.1274577808051,890.8975067138672,0.1431591141573221,0.8559859357075253,20.433217377316666,0.021823366061855365,41.52121811649949,39.575078491321364,15.685952916455086,1,68.60781483515781,52.99721105248626,6649107.0,5255826.266666667,1.2650926158213702,0,1369528109.0,895.8794261069054,40980150.97196788,0.31267085495223,0.22702707235112551,0.24801496946367638,0.9153764905483872,0.21378206834916705,0.9644622986878761,1.4240303996851236,0.9644622986878761,1.7259883276303474,0.01596711780619699,0.007879149929509256,0.0,0.0,1.0,1.0,0.0,2157.535400390625,-0.00603246083438802,-0.05320644515983053,0.2192653391043431,0.3543,0.36771941035997063
2026-01-14,941.0,959.0,936.75,955.3499755859376,7050653.0,0,1,0.020346030162697204,0.06038066778604545,0.025383667563644075,0.1051535220027695,0.17034177370125714,0.020141815023064575,0.6222222222222222,0.9555555555555556,896.2250061035156,0.06597112229603751,843.5620043945313,0.1325189738383753,807.2515032958985,0.1834601381172697,732.0319088745117,0.30506602786588105,916.4047681041433,889.0816956500428,1,1,1,72.16282288540478,1,0,27.323072454100497,24.941349795456013,2.3817226586444846,0,962.9226199941904,829.5273922128408,896.2250061035156,0.14884122499695374,0.943231519341417,20.59513129372485,0.02155768233635364,42.15286845905214,43.77732962556922,14.451017069571773,1,85.94174944921178,69.48741003698211,6902277.0,5325892.666666667,1.2959849985711314,0,1376578762.0,900.4410636818393,41123603.770572595,0.33174808460303956,0.2305103115364137,0.2504190937700481,0.9204981459923498,0.21393249965009806,0.9840852777077641,1.453003765149715,0.9840852777077641,1.7611053382047779,0.02328989435139052,0.005019771727339272,0.0,0.0,0.0,1.0,0.0,2152.337646484375,-0.002409116395174271,-0.05536299997674832,0.21002103375387157,0.3848,0.4234530241068633
2026-01-15,955.3499755859376,955.3499755859376,955.3499755859376,955.3499755859376,0.0,0,1,0.0,0.038254578316498034,0.013902866103409517,0.09445520548268971,0.17828069803804514,0.0,0.4111111111111111,0.9666666666666667,901.157504272461,0.060136514490026126,846.9010034179687,0.12805389500105055,809.7910028076171,0.17974881453813962,734.0091885375977,0.30155043084586997,922.3963384859577,893.9904571267757,1,1,1,72.16282288540478,1,0,28.40588135918199,25.63425610820121,2.7716252509807795,0,970.100900855482,832.21410768944,901.157504272461,0.15301075839940248,0.8930214784835742,19.12405048703022,0.020017847883756955,42.739400919993884,43.77732962556922,14.45101706957177,1,85.94174944921178,80.16377124452714,,,,0,1376578762.0,902.0748047575248,,0.32765564116625634,0.22827301231838495,0.25017285279081464,0.9124611634390981,0.21075690912310274,0.9840852777077641,1.453003765149715,0.9840852777077641,1.7611053382047779,0.0,0.0,0.0,0.0,0.0,1.0,1.0,2152.337646484375,0.0,-0.04683289979748384,0.20621403911857505,0.4254,0.472196596515091
2026-01-16,966.5,966.5,930.0,934.6500244140624,4037987.0,0,1,-0.021667401162782762,-0.0017622165976907134,-0.00404921705316208,0.08052025943822239,0.13531736946743078,-0.021905586150971705,0.2111111111111111,0.8777777777777778,905.290005493164,0.032431617208569824,849.7860034179688,0.09986516682406814,812.0980029296875,0.15090792126351973,735.7027899169922,0.2704179421686263,924.2815209364353,897.0022769258339,1,1,1,62.99271131632136,0,0,27.27924401060136,25.96325368868124,1.3159903219201183,0,971.6881649972602,838.8918459890679,905.290005493164,0.14668925780954628,0.7210906080844539,20.365189737956634,0.02178910737280908,41.68353417977881,38.17297465973413,21.492217770325606,1,66.19919658454256,79.36089849432206,,,,0,1372540775.0,905.5974225776532,41036111.086353496,0.3575909629953342,0.23956422740315117,0.24349605889305914,0.9838525867409017,0.21525337022528315,0.9627627072172814,1.4215209496791823,0.9627627072172814,1.7229467623519767,0.03905205055002493,0.011671141151412942,1.0,1.0,1.0,1.0,1.0,2156.3359375,0.0018576504584006948,-0.051360977454502965,0.1953220402989071,0.3695,0.4540180746395603
2026-01-19,938.5,946.7999877929688,928.4500122070312,939.9500122070312,4007683.0,0,1,0.005670558663165348,-0.01611970876898927,0.03982521103363279,0.06311144743783514,0.14704984831894308,0.005654541567449642,0.7888888888888889,0.9111111111111111,909.0600067138672,0.0339801611170063,852.8810034179687,0.10208810893914694,814.3015032958984,0.1543021944606125,737.4228912353516,0.2746417603505643,926.6920580549886,900.183590650367,1,1,1,64.24551177482647,0,0,26.50846740462157,26.072296431869308,0.4361709727522616,0,974.2701251899139,843.8498882378206,909.0600067138672,0.1434671374704354,0.736849788154508,20.221245869955265,0.021513107726308937,40.61427449522721,35.69865646153259,20.646632977211947,1,66.22880806693223,72.78991803356222,,,,0,1376548458.0,908.511345885454,41058836.88790837,0.24746682281761087,0.2381099840285497,0.24084563075520574,0.9886414932333294,0.21522094965485805,0.968222109627265,1.4295817676152567,0.968222109627265,1.7327168330414044,0.019522288789433812,0.004119162772558836,1.0,1.0,1.0,0.0,1.0,2133.64599609375,-0.01052245200372448,-0.03586268660865788,0.18783089367596928,0.3485,0.44256761713189396
2026-01-20,944.5,949.8499755859376,925.7000122070312,928.0999755859376,5709976.0,0,1,-0.012607092363634775,-0.028523578475298517,0.030134816594760805,0.046689932117921495,0.14171478375205004,-0.012687236050940118,0.7,0.9,912.2725067138672,0.01734949672996633,855.5680029296875,0.08477639697590578,816.3730029296875,0.13685775038530149,738.9978723144532,0.25588991573039205,926.9086607520577,902.2514710159649,1,1,1,59.403393456953786,0,0,24.657189736092846,25.789275092714018,-1.1320853566211717,0,974.3605227546736,850.1844906730607,912.2725067138672,0.13611725791113918,0.6274599341495148,20.50186854916606,0.022090150941144686,39.72700677503924,33.7576401181782,18.909455324698236,1,51.669469149431634,61.365824600302155,,,,0,1370838482.0,911.8837332169613,40986850.69308223,0.2672041287464137,0.24062350850750233,0.24211477407033227,0.9938406668136793,0.21703991682414694,0.9560156440626807,1.4115588982295628,0.9560156440626807,1.7108723118872267,0.026020864146300362,0.004840669965294473,1.0,1.0,1.0,1.0,1.0,2054.181640625,-0.037243458199828994,-0.04578166449355403,0.20994812922555853,0.4454,0.5113763958088734
2026-01-21,928.75,944.1500244140624,926.4000244140624,939.2000122070312,5590031.0,0,1,0.01195995788501758,0.004868119268301774,0.020703132410499592,0.04944410234810248,0.14292669571893057,0.011889002775172368,0.5444444444444444,0.9,916.0100067138671,0.02531632331873416,858.4640026855469,0.09404705295611297,818.3355029296876,0.14769554644108912,740.6665728759766,0.2680469817345176,928.7996378989767,904.9883999930809,1,1,1,62.27184534798997,0,0,23.811237905895837,25.393667655350384,-1.5824297494545476,0,974.8936559351552,857.1263574925791,916.0100067138671,0.1285655152011487,0.6969137935559563,20.30530650993991,0.021619789444236016,38.90311532057899,31.649823369443993,17.728754703940773,1,58.85419191586048,58.91748971074147,,,,0,1376428513.0,914.4257819732177,41053707.22841817,0.2478474854888795,0.24088860993545283,0.24262555866784175,0.9928410314975644,0.216154646075473,0.9674495509030884,1.4284410832046102,0.9674495509030884,1.7313342726840406,0.018899062786731848,0.0007003818889791546,1.0,1.0,1.0,1.0,1.0,2031.291748046875,-0.011143071345511846,-0.06419238369483216,0.20831901847054055,0.4511,0.5224570144744379
2026-01-22,945.0,951.4000244140624,934.1500244140624,944.4500122070312,6165965.0,0,1,0.005589863641145998,0.004787488634032666,0.008704501249939822,0.020254941938800064,0.14569059280401886,0.005574298331747527,0.3333333333333333,0.9,920.0100067138671,0.026564934418985303,861.1140026855469,0.09677697640682331,820.3895031738281,0.15122147291408802,742.3635092163086,0.27222041558058196,931.2073877925236,907.9114823792994,1,1,1,63.58249786935579,0,0,23.295905413224204,24.974115206925152,-1.6782097937009475,0,974.8782710923927,865.1417423353416,920.0100067138671,0.11927753824005986,0.722715314307714,20.087070330658488,0.02126853731910931,38.408331970924074,32.28648218930694,16.6412711578132,1,65.69013050240366,58.73793052256528,,,,0,1382594478.0,917.3340789911346,41088174.13198425,0.22822679242264685,0.2408775700169934,0.2425985110575494,0.9929062176307102,0.21752023343545648,0.9728574619723246,1.436425874079135,0.9728574619723246,1.741012195185587,0.018264598207468345,0.006175455406287024,1.0,1.0,0.0,0.0,1.0,2085.467529296875,0.02667060568827262,-0.03340286842139506,0.2041075503835268,0.4739,0.5601187550139318
2026-01-23,955.0,963.9000244140624,948.5,950.2999877929688,5958887.0,0,1,0.006194055281196986,0.023919850006477672,-0.005286008187598057,0.01996348110147328,0.11524470721819347,0.006174950968974928,0.2111111111111111,0.7333333333333333,923.8800048828125,0.028596768812533653,864.047001953125,0.09982441423310791,822.4545031738281,0.15544383807953946,744.0896954345703,0.2771309609898112,934.1447108695152,911.0513716692009,1,1,1,65.03988293703684,0,0,23.09333920031429,24.59796000560298,-1.5046208052886918,0,975.5848257422635,872.1751840233615,923.8800048828125,0.11192973240287721,0.7554885837625621,20.04156617897082,0.021089725809127394,38.3818932326708,34.503401628996826,15.487693907877496,1,73.30728742397426,65.9505366140795,,,,0,1388553365.0,920.0588293498944,41125083.807476655,0.19217694472586047,0.2252551162725812,0.24005943908858918,0.9383305948217903,0.21345073005130233,0.9788833948725061,1.445323175350523,0.9788833948725061,1.7517961209678048,0.01620543471733414,0.011170509456943187,1.0,1.0,1.0,0.0,1.0,1863.3668212890625,-0.10649924052411153,-0.13425905813026917,0.3625061177426436,0.2432,0.1510451833493209
2026-01-26,955.0,963.9000244140624,948.5,950.2999877929688,5958887.0,0,1,0.0,0.011818542846750546,-0.005286008187598057,0.00854336725175786,0.12083507124739779,0.0,0.21666666666666667,0.7777777777777778,928.1450042724609,0.02387017483100531,866.9100012207032,0.09619220732814644,824.5700030517578,0.1524794550806852,745.7538366699218,0.2742810577233156,936.630138088508,913.9586765672577,1,1,1,65.03988293703684,0,0,22.671461521250308,24.21266030873245,-1.5411987874821413,0,973.0213290624333,883.2686794824886,928.1450042724609,0.09670110722655735,0.7468448967712519,19.710027481477365,0.02074084787399931,38.35734297572132,32.577792849571175,14.62333741100959,1,77.65515557650862,72.2175245009622,5347059.428571428,,,0,1388553365.0,925.8758327320028,41125083.807476655,0.19217694472586047,0.22405227624085775,0.24002817590593578,0.933441565329652,0.2141149472633547,0.9788833948725061,1.445323175350523,0.9788833948725061,1.7517961209678048,0.01620543471733414,0.004945819496374853,1.0,0.0,1.0,1.0,0.0,1863.3668212890625,0.0,-0.13425905813026917,0.3627143341247199,0.2463,0.15209852922008277
2026-01-27,985.0,985.0,950.75,961.8499755859376,10009735.0,0,1,0.012154043924375024,0.018423382025529733,0.029101749811569322,0.024934693456793333,0.1489577107271245,0.012080776597969677,0.6888888888888889,0.9222222222222223,932.0300018310547,0.03199465006094109,870.2040002441406,0.10531550684217172,826.7595025634765,0.1633975449977839,747.4851586914062,0.28678136870277354,940.5101130881126,917.5061801982711,1,1,1,67.97453392162245,0,0,23.003932889841508,23.970914824954264,-0.9669819351127558,0,974.243878869692,889.8161247924174,932.0300018310547,0.09058480296922723,0.8532010780197874,20.780740676159787,0.021604970841217336,38.99198664143624,35.94474196125263,12.879174408705843,1,74.56041273179957,75.17428524409418,6200166.285714285,,,0,1398563100.0,935.8328795786391,41246742.56633801,0.13468067621483915,0.21965988548365228,0.236959512107899,0.9269933227395852,0.22093519955505628,0.9764974371430839,1.4628896967086504,0.9764974371430839,1.7730875279685974,0.0356084637618623,0.03651479811929762,1.0,0.0,0.0,1.0,0.0,1958.624267578125,0.05112114544529889,-0.09168871439906379,0.3983172439400637,0.2589,0.14267067956125407
2026-01-28,971.0499877929688,1007.9000244140624,963.0499877929688,998.2000122070312,12615677.0,0,1,0.03779179450407533,0.0504051615588339,0.06197138065164465,0.10426461499777484,0.1760132263933334,0.037095181294763205,0.8777777777777778,0.9555555555555556,937.6050018310547,0.06462743933494404,874.3490002441406,0.1416494007865375,829.3100024414063,0.20365123930548237,749.3535583496093,0.33208150022732413,949.3854821833309,923.4835010878089,1,1,1,75.06787555432827,1,0,25.901981095521933,24.3571280790678,1.5448530164541339,1,983.8687856282291,891.3412180338802,937.6050018310547,0.09868501918574592,1.1548860188525842,22.585691258443003,0.022626418535605694,40.13877817118262,37.95216120898076,11.003503266804913,1,91.48374879028248,81.23310569953024,7429879.714285715,,,0,1411178777.0,942.8930315208983,41723511.6390518,0.24049138004183748,0.23773727220634808,0.24730444373243016,0.9613141948373833,0.2334530043955025,0.9903760174897602,1.5181749235087927,0.9903760174897602,1.8400956874633254,0.044930911713705265,0.009564913906065958,0.0,0.0,0.0,0.0,0.0,1993.8084716796875,0.01796373336324919,-0.06553923409510065,0.403369817419355,0.3022,0.1785603798336831
2026-01-29,1010.25,1029.800048828125,1008.5499877929688,1024.050048828125,14615261.0,0,1,0.02589665027546828,0.07760713667526997,0.10338333775045205,0.136633592267277,0.1953426336366757,0.025567010949233082,1.0,0.9888888888888889,944.0600036621094,0.08472983163752912,878.8340014648437,0.16523717462141274,832.1240026855469,0.23064596805664486,751.3549310302734,0.362937816118311,960.8723385902223,930.932874994499,1,1,1,78.68370639666053,1,0,29.939463595723282,25.4735951823989,4.465868413324383,0,1000.2299732957744,887.8900340284443,944.0600036621094,0.1189966091472485,1.2120356810561126,23.229573070060912,0.022684021251347775,41.62818517648644,40.998502041003086,9.934327027095742,1,95.67018231488613,87.23811461232275,8702063.285714285,,,0,1425794038.0,952.4087764517781,42101997.94185349,0.20529999962214462,0.2446327766692141,0.22230003268339021,1.1004621714007177,0.2344174348463572,0.994416391797084,1.5574905685598859,0.994416391797084,1.8877480019549608,0.020750998507811046,0.012071716735733247,0.0,0.0,0.0,0.0,0.0,2018.2974853515625,0.01228253065413254,-0.01746883263084731,0.4059083632795237,0.3183,0.19240881033601256
2026-01-30,1000.0,1000.0,955.5499877929688,962.5999755859376,11977092.0,0,1,-0.0600069042645992,0.000779747381646656,0.024914781808742292,0.046133728246007255,0.12981217791776722,-0.06188274870740142,0.5555555555555556,0.7777777777777778,945.9050018310547,0.017649736202436025,882.5320007324219,0.09072529357243307,834.1695025634766,0.15396208160066127,753.0800756835938,0.2782172927788007,961.1381288972555,933.2785861494204,1,1,1,57.37999569744628,0,0,27.859542747835008,25.950784695486124,1.9087580523488832,0,1001.9597156643129,889.8502879977966,945.9050018310547,0.1185208107045614,0.6489167691101252,26.46317935328201,0.027491356767564624,40.064219682250396,33.41815843908548,22.403128976483316,1,37.10804846938058,74.75399319151641,9614500.57142857,,,0,1413816946.0,955.514353561252,41383289.72884119,0.501486612114693,0.31267601030387915,0.2604789683069992,1.2003887006161695,0.24503230911638504,0.9347445425753683,1.4640303811192967,0.9347445425753683,1.7744700883259612,0.04617703442177462,-0.023485227949206926,1.0,0.0,1.0,0.0,0.0,2019.4970703125,0.0005943548806079946,-0.005806491236778677,0.4054657459683797,0.2413,0.18450726994111138
2026-02-02,905.7000122070312,936.75,897.5,930.5,9659915.0,1,0,-0.033347160191229186,-0.0678220911431826,-0.014770514084098796,-0.006194582792466319,0.07628247427935197,-0.03391585542407863,0.14444444444444443,0.4666666666666667,945.8450012207031,-0.01622358970116556,885.6490002441407,0.05064195831926144,835.938002319336,0.11312082644681642,754.6122088623047,0.23308368069325772,956.42457060537,933.072764953167,1,1,1,49.795487641109226,0,0,23.351805652202984,25.430988886829496,-2.0791832346265124,0,1001.9662652808969,889.7237371605094,945.8450012207031,0.1186690503999364,0.36328710269030473,29.222950512757407,0.03140564267894402,37.77817298889887,28.100612615050157,33.027253297590086,1,24.943301451741185,52.57384407866932,10113636.285714285,,,0,1404157031.0,954.1128933492986,41061158.99590254,0.5484531814432695,0.32962609764156753,0.27072065794705713,1.2175875315212559,0.2542987052578942,0.9035734665762302,1.4152091254752852,0.9035734665762302,1.7152965500360107,0.04218162278344976,-0.059110705196383555,1.0,1.0,1.0,0.0,1.0,1994.50830078125,-0.012373758743498997,-0.0436157491007747,0.4040825228457569,0.2406,0.19454868101658931
2026-02-03,950.0,972.5499877929688,945.2000122070312,955.2999877929688,10099249.0,0,1,0.0266523243341954,-0.06713545018022371,0.00526149643715379,-5.232406369004572e-05,0.10586330357305607,0.02630333841543965,0.2111111111111111,0.6333333333333333,946.4975006103516,0.009300063842684036,888.9680004882813,0.07461684477759993,837.9315020751953,0.1400693080843747,756.2986199951172,0.26312538795738694,956.2515578650006,934.7192259042636,1,1,1,54.76973611639551,0,0,21.532331960736997,24.651257501611,-3.1189255408740024,0,1002.7460841375491,890.2489170831541,946.4975006103516,0.11885627482571368,0.5782463008900565,30.139167461343934,0.031549427244288476,35.5350158363469,33.7846457280019,29.735865580972312,1,43.68856119475698,35.24663703862627,10705116.57142857,,,0,1414256280.0,954.680871671251,41330327.45578234,0.5739522326635849,0.33658896287801504,0.27450449878318006,1.226169204402996,0.25816457276660687,0.927655799667193,1.4529277380881653,0.927655799667193,1.7610131900168966,0.02862972462621317,0.02095647501343364,0.0,1.0,1.0,0.0,0.0,2201.61572265625,0.10383883676687433,0.18152566499664813,0.5103945462672759,0.3126,0.20446639837004071
2026-02-04,958.9500122070312,970.7999877929688,955.4500122070312,964.9500122070312,4388355.0,0,1,0.010101564469143343,0.0024413429053571356,0.015416210251761209,0.010048711850550562,0.11625889129599631,0.010050884677802746,0.4222222222222222,0.7,947.8225006103515,0.018070378774138012,892.2510009765625,0.08147820641377837,840.0800024414062,0.1486406168492678,758.0228576660156,0.27298273719364224,957.5897816099283,936.9585434081722,1,1,1,56.57278830180054,0,0,20.631238201756105,23.84725364164002,-3.2160154398839147,0,1004.5195915438018,891.1254096769013,947.8225006103515,0.11963651611338634,0.6510440069736876,29.09351264267651,0.030150279573688904,33.4520841946915,32.49898353731847,28.604278220474583,1,50.982605678897066,39.871489441798424,10480754.857142856,,,0,1418644635.0,955.5118392323509,41374656.706728324,0.5765630640729973,0.33703855335166577,0.2748304201254138,1.2263509738036438,0.25651801098161986,0.9370265745327059,1.4381846555645967,0.9370265745327059,1.7788021782868642,0.015907534475106202,0.003820814886112537,0.0,1.0,0.0,0.0,0.0,2227.2041015625,0.011622545498256809,0.19525800079542988,0.5103197526648922,0.3141,0.20575757546178117
2026-02-05,943.1500244140624,943.1500244140624,923.7000122070312,935.4500122070312,4580529.0,0,1,-0.03057153181699812,0.005319733699120199,-0.02744706976035849,0.0008559222939841238,0.08213314708473374,-0.031048589194752257,0.08888888888888889,0.4888888888888889,949.3975006103516,-0.014690883844073459,894.8090014648437,0.04541864316927557,841.933002319336,0.11107417054572866,759.599595336914,0.23150409498588562,954.1836632402518,936.8468003562359,1,1,1,50.00965372180881,0,0,17.336862884015886,22.545175490115195,-5.208312606099309,0,1002.6057930034333,896.1892082172699,949.3975006103516,0.11208854533296116,0.36893501204397017,29.961833168199618,0.032029325754681315,31.52514799131202,29.303053131485566,33.36050427886762,1,28.684805896279947,41.11865758997802,9705154.0,,,0,1414064106.0,956.7434063736652,41234622.91866614,0.60294349895464,0.3516688030952683,0.2808476053110061,1.252169491371792,0.2559296476033348,0.9083802367960065,1.3596657154171965,0.9083802367960065,1.7244214708972216,0.02079214490696539,-0.022591831200776905,1.0,1.0,0.0,0.0,1.0,2235.6005859375,0.003769966286030657,0.14141370703114053,0.51039920179908,0.2957,0.20208401994299136
2026-02-06,926.0,944.0,922.0,942.5499877929688,3830296.0,0,1,0.007589903782444063,-0.013346592863940465,-0.055750374407449343,0.00276607857031963,0.07979145541399091,0.007561245381055418,0.06666666666666667,0.4888888888888889,951.4774993896484,-0.009382787929726624,897.4920007324218,0.05020433276706217,843.9255023193359,0.11686397105264153,761.1827957153321,0.2382702198454109,952.3938670175928,937.2692586848829,1,1,1,51.468948241667526,0,0,15.124608332709954,21.06106205863415,-5.936453725924196,0,999.7334675568871,903.2215312224097,951.4774993896484,0.10143375581281504,0.407498368225253,29.393130799042506,0.03118469171896983,29.782057393453496,27.736440332198256,31.990092071997424,1,34.05137654294788,37.90626270604165,8450099.57142857,,,0,1417894402.0,957.8970157261458,41263694.49676442,0.5413418069162559,0.35134483843154535,0.2797971633546692,1.2557126534774148,0.25772883602791463,0.915274755391162,1.3699854473735011,0.915274755391162,1.7375096639417122,0.02334093712261795,-0.010102102820797012,1.0,0.0,0.0,0.0,0.0,2225.40478515625,-0.004560654011894649,0.1161577537492624,0.510563943662694,0.2938,0.20052340626191686
2026-02-09,960.5,970.7000122070312,948.2999877929688,964.25,5294536.0,0,1,0.02302266456747093,-0.000725438829137004,-0.05839563105002277,0.03895057145243408,0.1147398843930636,0.022761641726486363,0.06666666666666667,0.6666666666666666,953.6824981689454,0.011080733736169083,900.5610009765625,0.0707214713432778,846.1110021972656,0.13962588536957823,762.8601016235351,0.2639932249017384,954.2178874764247,939.2678321156322,1,1,1,55.72317901010892,0,0,14.950055360792476,19.838860719065817,-4.888805358273341,0,999.8982812875429,907.4667150503478,953.6824981689454,0.09692069049674513,0.6143278455753595,29.30433748582965,0.030390808904153122,27.947472656868854,32.34136503978781,29.795093091116943,1,50.45349611829467,37.72989285250752,7118567.428571428,,,0,1423188938.0,960.2503242542504,41385588.82313282,0.5342080426958506,0.3542830922426263,0.282801195033995,1.2527637735054076,0.2555003694163916,0.9363468190716066,1.3834289813486371,0.9363468190716066,1.7775117661173812,0.023230515337373605,0.019044095739751868,1.0,0.0,0.0,0.0,0.0,2249.094482421875,0.010645118327972769,0.11435231859792494,0.5099895209323321,0.2934,0.20213848355935843
2026-02-10,970.25,976.6500244140624,955.0,968.9000244140624,4101779.0,0,1,0.004822426148884951,0.0357582038276012,0.00654482546011903,0.03162267016717646,0.09585477312650048,0.004810835500332079,0.28888888888888886,0.5777777777777777,955.3125,0.014223120093228537,903.802001953125,0.07202686243254598,848.3410021972657,0.14211151164984362,764.5772860717774,0.2672362128255841,956.4766777745228,941.4628093229234,1,1,1,56.60110905219959,0,0,15.013868451599478,18.87386226557255,-3.859993813973073,0,1001.2456361017524,909.3793638982476,955.3125,0.0961635822869531,0.647905472684936,28.757600837846272,0.02968066891652448,26.41189315474106,32.080092196316606,28.192871978764696,1,53.96825250368602,46.157708388309544,5993522.714285715,,,0,1427290717.0,961.860962423585,41405369.34943937,0.383379252215112,0.35005946491903595,0.28098547984202904,1.2458275962012006,0.2538559402654435,0.9408622824563229,1.3901004654434181,0.9408622824563229,1.7860836853382565,0.02234495187174253,0.00622245268343272,0.0,0.0,0.0,0.0,0.0,2227.404052734375,-0.00964407225086572,0.10294988067979882,0.5107913535529331,0.292,0.19842967471114284
2026-02-11,970.0,972.0,950.1500244140624,965.9500122070312,6275356.0,0,1,-0.003044702376610142,0.024826295387107233,0.03809781000218293,0.02276457167887358,0.08937633800493994,-0.0030493469127739568,0.7777777777777778,0.5666666666666667,955.8425018310547,0.010574451707905975,906.7950024414063,0.06523526222173612,850.5900024414062,0.13562351948002319,766.2486978149414,0.26062206038530883,957.9341138410626,943.2766762032277,1,1,1,55.84459347299704,0,0,14.65743763783496,18.030577340025033,-3.3731397021900733,0,1002.0214191792442,909.6635844828653,955.8425018310547,0.0966245323046988,0.6094385810278509,28.264199034138514,0.029260519361203417,24.82578869112011,30.30867096573058,27.861771630932274,0,51.7384632986468,52.053403973542515,5510014.285714285,,,0,1421015361.0,962.5008606932126,41386262.758112095,0.3015385012823102,0.3505061858969067,0.2803539650741126,1.2502273181841717,0.25608225152506664,0.9379976368288652,1.3858680232525555,0.9379976368288652,1.7806455920966824,0.022620192877283722,0.0011352828550116082,0.0,0.0,0.0,0.0,0.0,2233.4013671875,0.0026925130381094675,0.11977541848919637,0.5098509517825258,0.2916,0.19882891460891003
2026-02-12,950.0,966.5499877929688,943.9500122070312,964.4000244140624,4557796.0,0,1,-0.0016046252636069402,0.00015558663631054515,0.009525841868916363,0.014837458489124433,0.07760211325743316,-0.001605914053593071,0.35555555555555557,0.4777777777777778,956.2950042724609,0.00847543917451256,909.8670031738282,0.059935156511897174,852.7775024414062,0.1308929019035955,767.9922735595703,0.25574183180796994,958.9288693138318,944.8413686632895,1,1,1,55.42542260066107,0,0,14.087500650542324,17.241962002128492,-3.1544613515861677,0,1002.6306955899001,909.9593129550217,956.2950042724609,0.09690668906649978,0.5874597951509467,27.8596116449813,0.028888024616038226,23.143151988600632,28.55247987705648,27.83696834718795,0,50.56689321481222,52.09120300571502,4718378.142857143,,,0,1416457565.0,962.363544882468,41378949.20350413,0.26424268532623846,0.3501948159368196,0.2800559793448141,1.2504457742916044,0.25802271647800673,0.936492502123606,1.3836442244104195,0.936492502123606,1.7777883231940736,0.023434233734770486,-0.016512254263125054,0.0,0.0,0.0,0.0,0.0,2210.8115234375,-0.010114547291805054,0.004176841892351346,0.5100561245859472,0.2912,0.19829594076387502
2026-02-13,923.5499877929688,932.6500244140624,901.0,909.0,10170485.0,0,1,-0.057445067411442285,-0.06182270915958188,-0.057982290791480984,-0.04345994772544004,-0.018040414806969163,-0.059161077444823434,0.07777777777777778,0.05555555555555555,955.0125030517578,-0.048180000685566,911.5820031738281,-0.0028324420236889125,854.4290026855468,0.0638683812732616,769.4243521118165,0.18140269086245367,951.2475048040114,942.1864524660089,1,1,0,43.00147353820457,0,0,9.061052338002582,15.60578006930331,-6.544727731300728,0,1005.1358214307913,904.8891846727242,955.0125030517578,0.10496892599597112,0.041007014900626595,30.39821255705852,0.03344137795055943,22.656335428661333,24.298874697641164,33.78218808932333,0,8.692362627121929,36.999239713527,5544396.714285715,,,0,1406287080.0,959.5168845398445,40794705.00707207,0.4378528769432843,0.3803359067259616,0.3013100286556768,1.2622743040544195,0.25834373610710837,0.8826956272088052,1.3041606886657102,0.8826956272088052,1.6756631531249153,0.034818508706339256,-0.042357979662964826,0.0,1.0,1.0,1.0,1.0,2135.645263671875,-0.033999397492171624,-0.041109316306660704,0.5185017837910367,0.3372,0.24418439725012708
2026-02-16,895.0,910.2999877929688,889.5,907.4500122070312,6943209.0,0,1,-0.0017051570879744737,-0.060562140132218056,-0.02993211784127181,-0.05655763867516561,-0.026027690975935602,-0.001706612523054082,0.12222222222222222,0.044444444444444446,953.3875030517578,-0.04818344135798125,913.3420031738282,-0.00645102376363124,855.9655029296875,0.060147878741759114,770.7255834960938,0.17739702903170904,944.5094290198607,939.6133828171957,1,1,0,42.71299488765384,0,0,4.8960462026650475,13.46383329597566,-8.567787093310612,0,1007.5143479727014,899.2606581308141,953.3875030517578,0.11354636965071525,0.07564965303425947,29.712625073909255,0.03274298823540093,22.489454473280805,23.083863772543534,34.85756285247914,0,12.794017077656877,24.017757639863692,5881922.428571428,,,0,1399343871.0,957.4170687100905,40782865.74503243,0.408918955838951,0.37975326982668983,0.3011386680366007,1.2610578120128173,0.26048722925333107,0.8811904925035461,1.3019368898235741,0.8811904925035461,1.6728058842223068,0.022921359318052784,-0.015401540154015401,0.0,1.0,1.0,1.0,1.0,2183.623779296875,0.02246558285738387,-0.023249594300329135,0.5231890722303894,0.333,0.2386464567767307
2026-02-17,892.9000244140625,898.9000244140625,881.0,890.0999755859375,7099432.0,0,1,-0.019119550815693165,-0.0770427695429261,-0.05564692895476642,-0.10829496623836277,-0.05534627159889893,-0.01930469311798838,0.1,0.011111111111111112,951.4875030517578,-0.0645174290454985,914.8860021972656,-0.027091928996399495,857.2470025634766,0.038323812068422176,772.0254385375977,0.15294125187377436,936.1387438761802,935.9457230222877,1,1,0,39.517238066337555,0,0,0.19302085389256263,10.80967080755904,-10.616649953666478,0,1011.6798263210004,891.2951797825152,951.4875030517578,0.12652257244826542,-0.009928211204205603,29.47958129770368,0.03311940468069082,22.542740229757985,21.604465753179092,34.683149241947206,0,6.115572983748574,9.200650896175812,6348941.857142857,,,0,1392244439.0,955.0950547551815,40647127.794145875,0.40784527230413853,0.3815909987729834,0.30252585691085726,1.2613500302733582,0.2550332768071975,0.8643425261038188,1.2770444412997668,0.8643425261038188,1.6408225871141278,0.02011012796880398,-0.016033927596277586,1.0,1.0,1.0,1.0,1.0,2241.8974609375,0.026686685771204255,0.007411090284005217,0.528585279322544,0.3114,0.2220342355725573
2026-02-18,893.0,907.0,891.3499755859375,899.25,3909665.0,0,1,0.010279771559412954,-0.010726072607260773,-0.06740990407052116,-0.12186909123332434,-0.04177101784552306,0.010227294039296914,0.044444444444444446,0.044444444444444446,949.4900024414062,-0.052912618681845,916.4360021972657,-0.018753084946532186,858.5800024414062,0.047368908480219685,773.2926190185547,0.1628844991968339,930.4635525106141,933.227521316933,1,1,0,41.98258811654081,0,0,-2.7639688063188714,8.094942884783459,-10.85891169110233,0,1013.9027734498161,885.0772314329963,949.4900024414062,0.135678671376816,0.1100152061860004,28.581041520300744,0.031783198799333605,22.27364981525409,22.716295574246846,33.218276930575676,0,15.336134453781513,11.41524150506234,6151103.142857143,,,0,1396154104.0,954.318802455087,40687318.25721971,0.37338512515157674,0.38313230536719706,0.3019154664617853,1.2690052280434985,0.2543015173879838,0.8732277698212519,1.2901721664275467,0.8732277698212519,1.6576898684791859,0.0174034188646789,0.0032580884098479656,1.0,1.0,1.0,1.0,1.0,2210.211669921875,-0.014133470226767142,-0.017288207678198608,0.5298470458150593,0.3031,0.21644302181515837
2026-02-19,910.5999755859376,920.5,900.2999877929688,905.6500244140624,3522571.0,0,1,0.007117069128787845,-0.001983566883856258,-0.0652802130315252,-0.05916263517169695,0.0018806484695768066,0.007091862320694795,0.05555555555555555,0.12222222222222222,947.5500030517578,-0.04421927972428779,918.0620031738281,-0.013519760884184625,859.9770025634766,0.05310958515685953,774.5381927490234,0.1692774260746153,926.6460866496061,931.1847437685722,1,1,0,43.710873851961146,0,0,-4.538657118966057,5.568222884033556,-10.106880002999613,0,1014.873330199896,880.2266759036196,947.5500030517578,0.1420997877290088,0.18881530063495872,28.05739569742212,0.030980395231121092,21.50629446428285,24.92421538975697,31.42122493557838,0,25.771059197386215,15.740922211638784,6068359.142857143,,,0,1399676675.0,953.6830298656687,40712388.63853777,0.37740674331738394,0.3681886308725193,0.30180823524607214,1.2199422940607485,0.24816843625167606,0.879442592224247,1.2993544109240494,0.879442592224247,1.6694877618672435,0.022304435115651056,0.012621601986030151,1.0,1.0,1.0,1.0,1.0,2155.736083984375,-0.024647225729029665,-0.03217555820733109,0.5291113048983571,0.2648,0.18196282482627865
2026-02-20,907.5,937.7000122070312,901.0999755859376,935.7000122070312,5855696.0,0,1,0.03318057415436004,0.05123024140190102,-0.03131632032477949,0.005588406455702577,0.03857039739072077,0.0326419804313205,0.15555555555555556,0.3,946.8200042724609,-0.011744568149438578,919.73400390625,0.01735937589886988,861.5305029296875,0.08609040425745319,775.952878112793,0.2058722102851938,928.0389982738253,931.5192080973469,1,1,1,51.07963140153289,0,0,-3.480209823521591,3.758536342522527,-7.238746166044118,0,1014.3341294214213,879.3058791235005,946.8200042724609,0.14261237583554948,0.4176469217301198,28.66758433482723,0.03063758037921698,20.17851659379458,26.936876936210773,28.55582334797241,0,57.187661521379916,32.764951724182566,6008407.714285715,,,0,1405532371.0,952.4991460708834,40906683.993891165,0.45614323489866165,0.37988395572536077,0.308298158187402,1.2321966435311775,0.25614667435340943,0.9086230023700463,1.3424677363085096,0.9086230023700463,1.7248823243496763,0.03911513962126099,0.002042704727065525,1.0,0.0,1.0,1.0,1.0,2159.83447265625,0.0019011551099985535,-0.03293939710616911,0.5229415103092508,0.2567,0.18437901067388554
2026-02-23,946.9000244140624,946.9000244140624,907.6500244140624,916.2000122070312,4932242.0,0,1,-0.020840012552746923,0.018849054442069857,-0.04997927310953343,-0.04092952589298182,-0.004292791503805571,-0.021060230551562666,0.13333333333333333,0.1,945.1150054931641,-0.030594153217411754,921.1010046386718,-0.005320798052503637,862.9255029296875,0.06173708981421154,777.2660925292969,0.17874691950813182,926.2176158020109,930.3844528462124,1,1,0,46.79833624873993,0,0,-4.166837044201543,2.173461665177713,-6.340298709379256,0,1013.9681358528017,876.2618751335265,945.1150054931641,0.14570317889241385,0.29002411992670213,29.423471168053855,0.03211468104783774,18.841903213610756,26.603636660448014,25.834924443813524,0,36.80083975164796,39.91985349013805,6061900.0,,,0,1400600129.0,951.440196152981,40803896.00869798,0.4657125053195538,0.3804096909496967,0.3120316440533221,1.219138181013108,0.2622223426787448,0.88968728759494,1.3043849378725738,0.88968728759494,1.6889357550582176,0.04283999069750152,0.01196966128130502,1.0,1.0,1.0,1.0,0.0,2190.020751953125,0.01397620034268221,-0.00940413565967324,0.5239207637035128,0.2363,0.16968858841812687
2026-02-24,920.5,927.0,908.0499877929688,922.8499755859376,5179022.0,0,1,0.007258200491492284,0.018991829855029563,0.015236496794210685,-0.04362924098503562,-0.014365067160510447,0.007231986522042806,0.4888888888888889,0.1,943.165005493164,-0.02153921083681857,922.8150036621093,3.7897003938474126e-05,864.4760028076172,0.06752526685383436,778.5907168579101,0.18528253112264406,925.6995173072303,929.8263434195254,1,1,1,48.387084665867555,0,0,-4.126826112295134,0.9134041096831436,-5.040230221978278,0,1012.231261621898,874.09874936443,943.165005493164,0.14645635859362813,0.3529308591060677,28.675366956552242,0.031072620377267306,17.600762217725777,25.347856892022765,24.615430438184983,0,43.75323042759711,45.91391056687502,5348833.857142857,,,0,1405779151.0,949.2135361578277,40841486.38872383,0.29408166915119593,0.3774653592483657,0.3118717830606226,1.210322253408199,0.2631933936582723,0.896144816303036,1.292145001137893,0.896144816303036,1.7011943893856802,0.020534228431874284,0.004693285020386022,1.0,1.0,1.0,1.0,0.0,2182.0244140625,-0.003651261241928272,0.0217166919897942,0.5236953193006552,0.2423,0.1726348784845147
2026-02-25,936.0,946.0,928.5,937.4000244140624,5288850.0,0,1,0.015766429227986434,0.0018168346530436086,0.033004586262761704,0.0020845712561705643,-0.018788874894633323,0.015643430234821162,0.7111111111111111,0.08888888888888889,940.1250061035156,-0.002898531229104625,924.5870043945313,0.013858100923581286,866.1680029296875,0.08223811228704234,779.9868505859375,0.2018151635631726,927.499595323666,930.3873568265282,1,1,1,51.78010204639498,0,0,-2.8877615028621904,0.15317098717407673,-3.0409324900362673,0,1004.1607738412338,876.0892383657974,940.1250061035156,0.13622819799916544,0.47872297166316197,28.28069963208868,0.030169296880236382,17.099786148263508,28.66459766573882,23.176165641698482,0,58.964986950667736,46.50635237663763,5112496.857142857,,,0,1411068001.0,944.8744253302611,40924872.667946264,0.30279588195010193,0.3755498710218328,0.31249400117277243,1.201782656986743,0.262025829252273,0.9102738201273048,1.2963629595679003,0.9102738201273048,1.7280161503289773,0.018668657503970804,0.014249363127211602,1.0,0.0,1.0,1.0,0.0,2230.70263671875,0.022308743358934624,0.02155996736628052,0.527224170195391,0.2603,0.18327018488634375
2026-02-26,942.0,943.0999755859376,931.2000122070312,941.2999877929688,3075442.0,0,1,0.004160404605647594,0.02739573810468987,0.0575216420754614,-0.0013261896092396919,-0.014706639610632455,0.004151774051855889,0.8555555555555555,0.1111111111111111,935.9875030517578,0.005675807341326404,926.27900390625,0.016216478861523553,867.8400030517578,0.08464692164787181,781.4692446899414,0.20452595439817,929.6227326266355,931.1956998610793,1,1,1,52.678090425545285,0,0,-1.5729672344438086,-0.19205665714950032,-1.3809105772943082,0,986.4450767192137,885.5299293843019,935.9875030517578,0.10781676785841814,0.5526430856170694,27.110647042575657,0.028801282687935637,16.634594083762828,27.765879424267947,22.449525656290962,0,63.042313018064945,55.253510132109945,4537641.142857143,6513720.2,0.69662819456954,0,1414143443.0,935.5224292613201,40937667.75100747,0.25360569498677,0.3758032977852583,0.3119415421449776,1.2047234722286535,0.2629563669371995,0.9140609275209628,1.28601676630169,0.9140609275209628,1.7352053966794392,0.01264205198473206,0.004907163928028384,0.0,1.0,1.0,1.0,0.0,2215.409423828125,-0.006855782854643722,-0.011815008300289698,0.5277936413323546,0.2582,0.18171267270756172
2026-02-27,938.9500122070312,943.3499755859376,922.5999755859376,924.7000122070312,5418634.0,0,1,-0.017635159674078915,0.002004699214429806,0.028301375820996677,-0.0410163212786816,-0.010645709032393036,-0.017792511800241065,0.6666666666666666,0.13333333333333333,934.0925048828125,-0.010055206124322313,927.7330041503906,-0.003269250883379865,869.3475030517578,0.06367132701360959,782.8659088134766,0.18117292092654866,928.8653910236194,930.7145378126314,1,1,0,48.53494150475804,0,0,-1.8491467890120248,-0.5234746835220052,-1.3256721054900196,0,983.1696845103363,885.0153252552886,934.0925048828125,0.10507991311563057,0.4043089604265517,26.65631511096311,0.028826986870413303,15.83657255884531,26.22204263776315,23.505764254645282,0,45.68740308717214,55.89823435196829,4753208.142857143,6559741.766666667,0.7246029358976559,0,1408724809.0,931.3691974863184,40842109.27520207,0.2954882631081915,0.3739514183332582,0.313515575057976,1.1927682325323272,0.2572058384557486,0.897941317112294,1.2633376552844169,0.897941317112294,1.704604772441674,0.02243970988004516,-0.0024965214240015034,0.0,1.0,1.0,0.0,0.0,2160.833984375,-0.024634471112261136,-0.022340704385395038,0.5331950778705782,0.2774,0.19230030759729638
2026-03-02,901.0999755859376,945.4000244140624,896.0999755859375,940.0,5573300.0,0,1,0.01654589336108203,0.0027736030704317294,0.03792853161811749,-0.02982766403741144,5.318133126186453e-05,0.016410501479384804,0.7888888888888889,0.16666666666666666,934.5675048828125,0.005812844004102938,929.2420043945312,0.011577173174041316,871.0455029296875,0.07916291036276514,784.282735900879,0.19854735667520965,930.5784077892164,931.4023498265105,1,1,1,52.26173612140765,0,0,-0.8239420372941595,-0.5835681542764362,-0.24037388301772333,0,983.6821619686662,885.4528477969588,934.5675048828125,0.10510670835278453,0.5553042150705783,28.27372466218895,0.030078430491690372,15.319259999239222,22.95614319563726,27.272928423396767,0,64.83516483516483,57.85496031346732,5046169.428571428,6611929.0,0.7631917143350191,0,1414298109.0,932.0150734866569,40934324.50267139,0.3047456412760695,0.3767428359168097,0.314597010649886,1.197541054629046,0.271448393109051,0.9127985583897436,1.2842407054077922,0.9127985583897436,1.7328089812292853,0.05244686045545201,-0.02552183011738711,1.0,1.0,1.0,0.0,0.0,2123.650634765625,-0.01720786968283916,-0.01488375569584921,0.5347585661672295,0.2645,0.18419011904503116
2026-03-03,901.0999755859376,945.4000244140624,896.0999755859375,940.0,5573300.0,0,1,0.0,-0.0013810557843698668,0.004595476901647633,-0.02686475684982903,0.012821920835144551,0.0,0.3,0.24444444444444444,933.8025054931641,0.006636836451368149,930.7650048828125,0.009921940628129048,872.8445031738281,0.07693867187337694,785.7094900512695,0.19637093849873521,932.0278835139524,932.0392128023245,1,1,1,52.26173612140765,0,0,-0.011329288372166957,-0.46912038109558235,0.4577910927234154,1,982.0260136115186,885.5789973748095,933.8025054931641,0.10328416947839843,0.5642580221624014,29.775604959755803,0.03167617548910192,14.838898336747855,20.241219394328912,24.04747709749065,0,68.96552708199117,59.82936500144274,5005827.142857143,6607373.133333334,0.7576122979347721,0,1414298109.0,929.3035987301522,40934324.50267139,0.23729283199608286,0.37481917007144694,0.31390252274464997,1.194062305693385,0.2834865715689553,0.9127985583897436,1.2842407054077922,0.9127985583897436,1.7328089812292853,0.05244686045545201,-0.04138300469581105,1.0,1.0,1.0,0.0,0.0,2123.650634765625,0.0,-0.016753060639005724,0.5227393960495345,0.2496,0.17684842426318
2026-03-04,928.0,945.5,912.0,921.7999877929688,7575786.0,0,1,-0.019361715113863087,-0.003136178626342634,0.006112175847332368,-0.04417257936816832,-0.018526431205185045,-0.019551608220244612,0.3333333333333333,0.1,931.6450042724609,-0.010567347470703549,931.9120043945312,-0.010850827711069455,874.4200030517578,0.05418447036418775,787.0923983764649,0.1711458396680811,930.4543610953394,931.2807516905204,1,1,0,47.51491459254229,0,0,-0.8263905951810102,-0.540574423912668,-0.28581617126834225,0,977.8184849700058,885.4715235749161,931.6450042724609,0.09912247795200187,0.3933910078819803,30.041633176916104,0.032590186130120984,14.388327346565827,18.652749326849335,22.132062679054858,0,61.91194640022387,65.23754610579331,5383476.285714285,6673564.966666667,0.8066867277989864,0,1406722323.0,927.7144321338136,40787644.292375796,0.23159873929944394,0.3775296287156326,0.31659022592961844,1.1924866840316217,0.28847170920623216,0.8951252127458564,1.2593756027320602,0.8951252127458564,1.6992588273879807,0.03634194016449034,-0.01276595744680851,1.0,1.0,0.0,1.0,0.0,2075.572021484375,-0.02263960582506841,-0.05225919908141563,0.5262318450267774,0.2734,0.19392666613084225
2026-03-05,930.0,983.5,926.4000244140624,954.9500122070312,16533658.0,0,1,0.03596227473752989,0.015904268305352298,0.03478359155908595,0.05055006843457788,0.011117581517589459,0.0353307288282593,0.7555555555555555,0.25555555555555554,932.620004272461,0.023943307919917483,933.7220043945313,0.022734826546435744,876.1685034179687,0.08991593338693718,788.6408087158203,0.21088079852476793,934.2229228048304,933.0340302472991,1,1,1,55.45173761297626,0,0,1.1888925575312896,-0.19468102762387646,1.383573585155166,1,979.941050726498,885.2989578184239,932.620004272461,0.10147980149954497,0.7359416116913161,32.30294596478147,0.03382684491528993,14.244455262194668,24.510519215981628,19.112549184718937,0,72.14635337271342,67.67460895164284,7005567.142857143,7019154.733333333,0.998064212716146,1,1423255981.0,931.2025502106276,41382232.24378815,0.31157077508598346,0.3913712369915323,0.3239110558215633,1.2082676091399966,0.30502450386334573,0.9273159515711129,1.3046656141552528,0.9273159515711129,1.76036804018868,0.059793680146640445,0.008895652327642391,1.0,1.0,0.0,0.0,0.0,2088.266357421875,0.006116066224684191,-0.04296838112185275,0.5209500483096843,0.268,0.19936444702289446
2026-03-06,955.0,971.6500244140624,943.1500244140624,958.9000244140624,8295000.0,0,1,0.004136354946896237,0.02010640895113025,0.022935779219164232,0.05669735138566834,0.009049812408255198,0.004127823748059287,0.6111111111111112,0.25555555555555554,933.4375061035156,0.027278224995303607,935.4420043945313,0.025076936794937266,878.0295037841797,0.09210455944970238,790.2908685302734,0.21335075805362175,938.0193999754815,934.9500298152076,1,1,1,56.29973425889542,0,0,3.069370160273934,0.4581292099556857,2.611240950318248,0,982.02872369682,884.8462885102113,933.4375061035156,0.1041124173296626,0.7620074117473381,32.031306967297084,0.03340421957635247,14.110859755278593,22.952780277349152,17.897872260937064,0,76.00002381859746,70.01944119717827,7435017.142857143,7097025.166666667,1.0476244578894771,0,1431550981.0,932.8192984696195,41416543.30807266,0.3023957017209054,0.39115223226516305,0.31757856495386855,1.2316707593976999,0.30812200043570714,0.9311516594947298,1.3100621742224092,0.9311516594947298,1.7676495472400726,0.029721555192800186,5.234597866878999e-05,1.0,0.0,0.0,0.0,0.0,2038.9884033203125,-0.023597542490891743,-0.085943428874249,0.4181633725506728,0.3616,0.3349703728665681
2026-03-09,940.0,956.25,925.25,945.3499755859376,7016889.0,0,1,-0.01413082540737709,0.025547828276016427,0.004302547376490162,0.062071679042154715,-0.00520889431823246,-0.014231616151607736,0.3,0.15555555555555556,932.4925048828125,0.013788283161311816,937.04900390625,0.008858631347009104,879.6195037841796,0.07472602815078708,791.8850909423828,0.19379691119190529,939.1471808386286,935.720396168595,1,1,1,52.60075059923712,0,0,3.426784670033612,1.0518603019712711,2.374924368062341,0,979.2615727805393,885.7234369850856,932.4925048828125,0.10030979906611548,0.6374569911382614,32.146929642066034,0.034005321280239136,13.22257958400926,21.23663856423217,20.53695700644462,0,58.600092993311755,68.9154900615409,7998081.0,7132291.9,1.1213900261148873,0,1424534092.0,932.1633633752978,41317388.87471071,0.31968833830460286,0.393415392869837,0.3190040296916991,1.2332615147528156,0.3121596931917388,0.9179937179666203,1.2915499143656635,0.9179937179666203,1.7426712001065938,0.03279208843347765,-0.01971010943045004,1.0,0.0,0.0,0.0,0.0,1998.3065185546875,-0.019951994184654542,-0.09799674179334927,0.4235085292283163,0.3723,0.3426249142045943
2026-03-10,956.0,959.75,933.3499755859376,956.5999755859376,4839199.0,0,1,0.011900354673439528,0.001727800783093425,0.034497634862974635,0.06377534121316386,-0.00545823167152637,0.011830102255976024,0.7666666666666667,0.15555555555555556,931.8775024414062,0.02652974567983611,938.4980029296875,0.019288237800977357,881.3360034179688,0.08539759169724437,793.5310958862304,0.20549778142920636,941.8322261843684,937.2670316809908,1,1,1,55.23073045467183,0,0,4.565194503377597,1.7545271422525364,2.810667361125061,0,976.922486360596,886.8325185222164,931.8775024414062,0.09667576221376178,0.7744198242903494,31.736436411494346,0.03317628812613664,12.53578600348634,20.76253776854761,19.316691803268338,0,69.2219486271285,67.94068847967925,7915304.571428572,6959940.7,1.1372660935787242,0,1429373291.0,931.7211201526666,41374977.05914606,0.2966333694951229,0.39334820491048444,0.3181970886895631,1.2361778875175056,0.309848560199753,0.9289181687984125,1.3069198164250653,0.9289181687984125,1.7634096054670507,0.02759776822897347,0.011265694916278378,0.0,0.0,0.0,0.0,0.0,1995.6077880859373,-0.001350508765142866,-0.07646408631288382,0.397868710359319,0.361,0.35357890113662366
2026-03-11,959.9500122070312,978.9000244140624,952.5,959.0999755859376,4456510.0,0,1,0.0026134226048548648,0.00020852139616689414,0.02031912296376337,0.05901832907966442,-0.03917054312055457,0.0026100135542339764,0.5555555555555556,0.06666666666666667,931.5350006103515,0.029590917096539836,939.9460021972657,0.02037773802313818,883.0775030517578,0.0860881092219649,795.170491027832,0.20615639841741548,944.4888030153791,938.884286785061,1,1,1,55.81741446782645,0,0,5.6045162303180405,2.524524959865637,3.0799912704524033,0,975.5822747589319,887.4877264617711,931.5350006103515,0.09456923061338582,0.8129021660069569,31.355264125963494,0.032692383405398165,12.612666042088593,23.876325552149932,18.154979523458895,0,72.08235972742305,66.6348004492878,7755763.142857143,6687968.466666667,1.1596590476633442,0,1433829801.0,931.3016155386421,41386623.803118825,0.28537805050231024,0.37732052342152184,0.3172800388561472,1.1892349886927385,0.3033038951825731,0.9313458245388108,1.3103353502160435,0.9313458245388108,1.7680181399915968,0.027525831598456632,0.003502024573063227,0.0,0.0,0.0,0.0,0.0,1973.8173828125,-0.010919182318053222,-0.07055456745109168,0.3959166328579233,0.3374,0.31794764701480766
2026-03-12,968.0,972.0,934.4500122070312,969.75,4664967.0,0,1,0.011104185887979012,0.025810572850482272,0.031648936170212805,0.036389855026992324,-0.053024799803743417,0.011042987041350634,0.7333333333333333,0.022222222222222223,931.8024993896485,0.04072483239228056,941.442001953125,0.030068764712161723,884.8510028076172,0.09594722379587041,796.856187133789,0.21696990706452626,948.375141013013,941.1706359120935,1,1,1,58.32303668531942,0,0,7.204505100919505,3.4605209880764107,3.743984112843094,0,976.7460112717639,886.858987507533,931.8024993896485,0.09646574657516899,0.9221688406313898,31.79774438789244,0.03278963071708424,11.910581061637439,21.862355805277037,20.678248169064698,0,84.26773894837991,75.1906824343105,7626001.285714285,6356292.0,1.1997562864818492,0,1438494768.0,931.3406463590804,41438424.463848114,0.2883836488397251,0.37061161172330154,0.31747399846624047,1.1673762686512157,0.30883430827474095,0.9416876617004828,1.3248855575204326,0.9416876617004828,1.7876505420713824,0.03872130734000387,0.009279558586814835,0.0,0.0,0.0,0.0,0.0,2001.105224609375,0.01382490702254957,-0.05770507076356968,0.3963589733247568,0.3336,0.3082308488343651
2026-03-13,967.0,968.1500244140624,904.2999877929688,910.0499877929688,10347187.0,1,0,-0.06156227090181099,-0.048661916141547024,-0.012746799908440631,-0.006712534743639309,-0.05459171943255192,-0.0635387766772431,0.2222222222222222,0.022222222222222223,931.8549987792969,-0.023399575057162437,941.1290014648438,-0.03302311757846302,885.7070025634765,0.027484241582190296,798.179352722168,0.14015726501727854,942.4789635945447,938.8654027180844,1,1,0,43.44839016116196,0,0,3.6135608764602694,3.4911289657531825,0.12243191070708681,0,976.688677720222,887.0213198383718,931.8549987792969,0.096224582149918,0.25682331339505454,34.20147780354521,0.037581977102697194,11.935526407234086,18.87398983351376,24.148463394987537,0,15.961107906494725,57.43706886076592,8021915.714285715,6301961.833333333,1.2729235635568166,0,1428147581.0,932.4066147482936,40801428.13468242,0.49143566076804523,0.37296750445366694,0.3445118656093253,1.0825969775932485,0.32127499712937874,0.8837152307659847,1.2433225939144628,0.8837152307659847,1.6775987151226146,0.07016102134778464,-0.0028357824181490074,1.0,0.0,0.0,0.0,1.0,1960.2235107421875,-0.02042956730332246,-0.055574323390471636,0.4007469015009144,0.4022,0.36967346280788455
2026-03-16,906.8499755859376,943.1500244140624,901.2999877929688,921.1500244140624,10755610.0,1,0,0.01219717243006957,-0.039568295420600585,-0.03539451003812444,-0.001842066659638708,-0.010048334858611119,0.01212338630457853,0.12222222222222222,0.18888888888888888,932.5399993896484,-0.012213926462179442,940.9180017089843,-0.021009245501751973,886.5100030517578,0.03907459728943647,799.5547924804688,0.15207867312803816,939.197588336009,937.553152473342,1,1,0,46.196004226404476,0,0,1.64443586266691,3.1217903451359286,-1.4773544824690186,0,976.2071320010651,888.8728667782317,932.5399993896484,0.09365203131232344,0.3695818308366768,34.747803433370095,0.03772219780971395,12.055462016025576,17.250295902485224,22.687704918995994,0,28.661375092355673,42.96340731574346,7196480.285714285,6338485.0,1.1353628328716223,0,1438903191.0,933.1368193232468,40932616.164443,0.4341093749118974,0.3623115559622677,0.34413068920250595,1.0528312857010644,0.3223476496141899,0.8944940578147161,1.258487613978639,0.8944940578147161,1.6980606759194283,0.04543237856147719,-0.003516303774468179,0.0,0.0,0.0,0.0,0.0,1977.115966796875,0.008617617308493308,-0.0532261558636723,0.4000487425766917,0.3982,0.35608635127632554
2026-03-17,928.9000244140624,942.0,916.3499755859376,936.6500244140624,4862641.0,0,1,0.016826792150235637,-0.03413248320282303,-0.023203670282098354,-0.000800085321598698,-0.01952262495260093,0.016686790024954445,0.17777777777777778,0.12222222222222222,934.8675018310547,0.0019067114639415566,940.8060021972656,-0.004417465209083318,887.3870031738281,0.055514697718177235,800.9702569580078,0.1693942643655092,938.8056554249403,937.4862540985806,1,1,0,49.859466150254384,0,0,1.319401326359639,2.7613125413806707,-1.4419112150210318,0,973.7052996650864,896.029703997023,934.8675018310547,0.08308727762589457,0.5229482962786028,34.09796207484812,0.03640416504145045,12.166830795617674,16.323406593555507,21.46865388054164,0,46.39592391418195,30.339468971010803,6706143.285714285,6163931.4,1.0879652693270216,0,1443765832.0,935.4794498488975,41014438.813851215,0.45156917066557417,0.3572032567593692,0.34559032856250416,1.0336031631590197,0.3221054038217824,0.9095455234051854,1.2796639234827036,0.9095455234051854,1.7266335899716134,0.027384854263051137,0.008413396075117867,0.0,0.0,0.0,0.0,0.0,1974.5172119140625,-0.0013144170228025498,-0.03161920455323064,0.2513221749722817,0.3654,0.5124548296676572
2026-03-18,932.9000244140624,938.4000244140624,923.0,933.0499877929688,3906519.0,0,1,-0.003843523757281364,0.02527333696886158,-0.013011041530249345,-0.008764474776360553,-0.03305873258771286,-0.003850929075819644,0.2111111111111111,0.1,936.5575012207031,-0.003745112738046176,940.6980017089844,-0.00813014793496038,888.1550030517578,0.05054859184145657,802.3833566284179,0.16284813248570693,937.9201680969446,937.1576417796464,1,1,0,49.024535236884674,0,0,0.7625263172982386,2.3615552965641844,-1.5990289792659458,0,971.6284189362167,901.4865835051895,936.5575012207031,0.0748932503766237,0.44999398852082495,32.76239509907771,0.03511322600900912,12.270244662381765,15.775346060606916,20.747840990167166,0,42.27689002920469,39.11139634524745,6261804.714285715,6147870.2,1.0185323552025731,0,1439859313.0,936.4681445233537,40999424.01526644,0.4453188504033654,0.3558517123207034,0.345752577442211,1.0292091383763593,0.3221984411983638,0.9060496635776486,1.274745504791462,0.9060496635776486,1.7199972327484374,0.016505036831402267,-0.0040036298534726214,0.0,0.0,0.0,0.0,1.0,2006.3028564453125,0.016097932365166656,0.004001557226770425,0.2539829953939999,0.3411,0.4715772698666095
2026-03-19,912.0,933.0499877929688,892.1500244140625,897.0499877929688,4733569.0,0,1,-0.03858314181553568,-0.026162987550723327,-0.06225171368679294,-0.02990161571217964,-0.04104978770962264,-0.039347188639125494,0.03333333333333333,0.07777777777777778,936.1274993896484,-0.041743791975086764,940.5600012207032,-0.04625968930346289,888.5120031738281,0.009609307008394177,803.6370553588868,0.1162377118018355,931.632448050179,934.1867044472999,1,1,0,41.534378601480064,0,0,-2.5542563971208665,1.3783929578271743,-3.932649354948041,0,972.9606294790976,899.2943693001992,936.1274993896484,0.0786925501354555,-0.030466885406968142,33.34364997620832,0.037170336580957336,13.387461543910081,14.393178677207564,25.538668850730655,0,5.363946019117004,31.3455866541679,6246714.714285715,6152971.533333333,1.015235432253267,0,1435125744.0,936.1569120291806,40816788.051245816,0.48342301306574076,0.3626641098242718,0.35563335947638286,1.0197696592868584,0.32952022919183016,0.8710914209159137,1.2255618182013763,0.8710914209159137,1.6536343355949756,0.04559385088397727,-0.022560407339761373,0.0,0.0,0.0,1.0,1.0,1935.9344482421875,-0.03507367194193256,-0.029902338625860336,0.26902397439686193,0.4422,0.5880674055767644
2026-03-20,884.9500122070312,907.5,870.0,874.25,10063637.0,0,1,-0.02541663018029139,-0.0666204268270828,-0.0884683325469805,-0.06994680851063828,-0.07246298729778444,-0.02574521231393619,0.011111111111111112,0.011111111111111112,933.0549987792969,-0.06302415061944969,940.0260009765625,-0.0699725336408035,888.7760034179687,-0.016343829448709234,804.8226672363281,0.0862641369210905,922.8043791193822,929.7469485623147,1,1,0,37.61468891518841,0,0,-6.942569442932495,-0.2857995223247596,-6.6567699206077355,0,979.130599077062,886.9793984815317,933.0549987792969,0.09876288184093165,-0.13813600256174102,33.64053212076487,0.038479304684889755,15.009049783346994,13.247145759752776,28.208285106226743,0,3.7444933920704844,17.128443146797412,7047732.857142857,6360749.566666666,1.108003511736464,0,1425062107.0,932.705017378741,40561004.31134812,0.4843097214278155,0.3683178077117242,0.3591647458111994,1.025484299356419,0.3351034705482594,0.8489512124172695,1.1944121667050664,0.8489512124172695,1.6116045232337262,0.042893909064912784,-0.013488630233090274,0.0,0.0,1.0,1.0,1.0,1926.23876953125,-0.005008268084563006,-0.024104870944775536,0.2690258623005346,0.4359,0.5889644687563526
2026-03-23,855.0,857.3499755859375,835.9500122070312,840.25,11372786.0,1,0,-0.03889047755218755,-0.09945875248600278,-0.13353957205465328,-0.10611702127659572,-0.12859735545760953,-0.03966690933827014,0.011111111111111112,0.011111111111111112,929.2574981689453,-0.09578345974536664,938.4280004882812,-0.104619640971068,888.7065032958984,-0.054524753803635244,805.799563293457,0.0427531091798281,910.103705408708,923.1175449651063,1,1,0,32.66423080030064,0,0,-13.013839556398239,-2.8314075291394554,-10.182432027258784,0,991.0284187446521,867.4865775932385,929.2574981689453,0.13294683270766874,-0.22046439764368744,33.973350383065146,0.04043243128005373,17.236621307048452,12.18041569219472,33.095775233165796,0,2.914258318341697,4.0075659098430805,8005992.714285715,6563357.9,1.2198013328338706,0,1413689321.0,925.8395416464799,40118711.23270929,0.4729948973494383,0.37547233991089324,0.3678410135816645,1.020746262780549,0.33552760220590216,0.8159350943478532,1.1280795160649846,0.8159350943478532,1.548928453699901,0.025468566949010712,-0.02201887331998856,1.0,1.0,1.0,1.0,1.0,1832.1807861328125,-0.04882986724502825,-0.08441557015550616,0.29371198733186277,0.4805,0.605829155599258
2026-03-24,849.0,864.5,843.5,854.6500244140625,3526970.0,0,1,0.01713778567576618,-0.04726599850162616,-0.06087573663207324,-0.07284656570638592,-0.11791722274864425,0.01699259036321448,0.06666666666666667,0.022222222222222223,925.8475006103515,-0.0768997876533156,936.7950012207032,-0.0876872492910408,888.9390032958985,-0.0385729265503072,806.887671508789,0.05919331102923317,901.5723698710702,918.0458767761401,1,1,0,36.47739254411373,0,0,-16.473506905069826,-5.55982740432553,-10.913679500744296,0,996.0606776823756,855.6343235383274,925.8475006103515,0.1516733091048733,-0.007009361812920256,33.27882535570335,0.03893854139712791,18.944582588321847,13.081089997821515,31.37316002487664,0,12.673679264053703,6.444143658155313,7031676.0,6544197.6,1.0744901712625547,0,1417216291.0,924.253071606372,40179155.68865415,0.4073053675028436,0.37975769644126206,0.3667019700008224,1.0356030987245866,0.3359887568005494,0.8299184151201228,1.1328119962698535,0.8299184151201228,1.5754736575665058,0.024571461300077,0.010413567390657543,1.0,1.0,1.0,1.0,1.0,1817.0875244140625,-0.008237867045100544,-0.07302023751053277,0.29361542800711926,0.4745,0.6054852628795494
2026-03-25,866.0,874.7999877929688,862.2999877929688,868.6500244140625,4491373.0,0,1,0.016380974200051357,-0.006405462494638248,-0.05699397341208867,-0.09037120968616641,-0.10072983753129716,0.01624825347723182,0.1,0.03333333333333333,922.4100006103515,-0.05828208297906187,935.0610021972657,-0.0710231499625655,889.3115032958984,-0.023233117760494422,808.0276629638672,0.07502510647696248,896.5073936469153,914.3869247493195,1,1,0,40.032902670544175,0,0,-17.879531102404258,-8.023768143941275,-9.855762958462982,0,996.8464672903893,847.9735339303137,922.4100006103515,0.16139561936835853,0.13888683467893415,32.34104950021784,0.037231391919931286,20.01803799335154,14.773797887039677,29.97695119220327,0,22.875137750721276,12.821025111038912,6136785.0,6484731.5,0.9463437306540756,0,1421707664.0,921.9257450728082,40252728.753889956,0.4169168662002196,0.3843488244577421,0.36825859402706357,1.043692749311632,0.3345891282860748,0.843513287266353,1.1513685603542587,0.843513287266353,1.5846074063583873,0.014390145223827889,0.013280261231746764,1.0,1.0,1.0,1.0,1.0,1885.7568359375,0.03779086620804395,-0.04620828135204724,0.3197254755093859,0.4928,0.5845474654835113
2026-03-26,866.0,874.7999877929688,862.2999877929688,868.6500244140625,4491373.0,0,1,0.0,0.03379949350081812,-0.0725991546763034,-0.09411825811053376,-0.0992845267275625,0.0,0.03333333333333333,0.044444444444444446,918.7775024414062,-0.054558887101766554,933.3270031738281,-0.06929723295246797,890.1140032958984,-0.02411374138858562,809.1875088500976,0.0734842232654636,892.2216445341687,910.9990062059671,1,1,0,40.032902670544175,0,0,-18.777361671798417,-10.174486849512704,-8.602874822285713,0,996.356858800262,841.1981460825505,918.7775024414062,0.16887517631354557,0.17692772678165158,30.923831678773713,0.035599874298781045,21.014818012307686,14.347237197290955,29.111433126037802,0,22.875137750721276,19.47465158849877,6083746.714285715,6482517.4,0.9384852116688054,0,1421707664.0,919.8271269575761,40252728.753889956,0.3856208388878126,0.3844471817881559,0.367715697849591,1.0455011413339461,0.332988677395936,0.843513287266353,1.1513685603542587,0.843513287266353,1.5846074063583873,0.014390145223827889,-0.0030507388932039027,1.0,1.0,1.0,1.0,1.0,1885.7568359375,0.0,-0.04495295125359766,0.31978077361316365,0.4944,0.5864555617307173
2026-03-27,860.0,872.9500122070312,854.75,866.7000122070312,4104597.0,0,1,-0.0022448767077933862,0.014099324224825294,-0.07111084770804332,-0.0831966630455121,-0.04653464003626928,-0.002247400220867821,0.044444444444444446,0.1,915.8775024414062,-0.05369439701628784,931.9680029296875,-0.0700324372912837,890.8770031738281,-0.027138416280434025,810.2988882446289,0.06960533302049268,888.2952395607629,907.717599243083,1,1,0,39.67417885419868,0,0,-19.42235968232012,-12.024061416074188,-7.3982982662459325,0,996.7893224083118,834.9656824745007,915.8775024414062,0.1766869908939202,0.1961044118492854,30.014987430792107,0.03463134534215553,22.13576735439851,13.725833609857101,29.64728528408291,0,21.51101600149953,22.420430500980714,6112043.571428572,6280321.133333334,0.9732055800440499,0,1417603067.0,917.7703316875496,40243514.43968978,0.38694647690363926,0.3463218317482292,0.3607166624151057,0.9600938016821879,0.3295681056244432,0.8416197039350545,1.148783879891034,0.8416197039350545,1.5810501581008565,0.020999206127487346,-0.00995800860064129,1.0,1.0,1.0,1.0,1.0,1822.185302734375,-0.033711416016965146,-0.09176957163742949,0.3195555506883466,0.421,0.45146344882413836
2026-03-30,876.0,913.0,876.0,884.4500122070312,12727309.0,0,1,0.02047998125072148,0.018189129510042257,-0.014046012772306549,-0.07542333809355684,-0.02534574873613271,0.020273086466556088,0.24444444444444444,0.2111111111111111,913.1000030517578,-0.031376618934369375,930.8580029296875,-0.049855069813651974,891.8695031738281,-0.00831903203371532,811.4382135009765,0.08997826019438121,887.7036661217272,905.9940742774495,1,1,0,44.545282170743086,0,0,-18.290408155722275,-13.277330764003807,-5.013077391718468,0,994.3383587789476,831.8616473245679,913.1000030517578,0.1779396680663136,0.32366709303584795,31.178201742376153,0.03525151372272013,21.308029461928193,21.445267294771494,26.50253105095831,0,33.927943937324464,26.10469922984844,7254006.428571428,6473124.466666667,1.1206344734951275,0,1430330376.0,915.0602252420688,40504169.48938192,0.36525726925535573,0.35206783076120357,0.36305592920592544,0.9697344195183508,0.33493516050959543,0.8588560596918822,1.1723109522123332,0.8588560596918822,1.5464956552357008,0.041833907501082235,0.010730342289123257,1.0,1.0,1.0,1.0,1.0,1758.0140380859375,-0.03521665143064323,-0.09190415012130204,0.3200788441429698,0.3661,0.39859310473748855
2026-03-31,876.0,913.0,876.0,884.4500122070312,12727309.0,0,1,0.0,0.018189129510042257,0.01166715722851741,-0.07783334926403362,-0.006347560424532106,0.0,0.4222222222222222,0.3111111111111111,910.3225036621094,-0.02842123681552029,929.9850036621094,-0.04896314593866543,892.7765032958985,-0.0093265123556993,812.5378298950195,0.08850318061043735,887.2031039810048,904.3982178277889,1,1,0,44.545282170743086,0,0,-17.195113846784125,-14.06088738055987,-3.134226466224254,0,991.486867994935,829.1581393292838,910.3225036621094,0.1783200217644008,0.3406166815464453,31.594044475063573,0.03572168470688886,20.539415704634326,19.651360285012068,24.28558147531594,0,35.648661779965664,30.362540572929902,7634531.0,6660720.366666666,1.1462019991421248,0,1430330376.0,912.6060796674896,40504169.48938192,0.32552708320763873,0.3476960356292425,0.36218177953857605,0.9600042168664902,0.34079459974739684,0.8588560596918822,1.1723109522123332,0.8588560596918822,1.5464956552357008,0.041833907501082235,-0.00955397375816111,1.0,1.0,1.0,1.0,1.0,1758.0140380859375,0.0,-0.08733327046794415,0.3046434251199333,0.4431,0.5003630344089679
2026-04-01,909.0,922.5,900.0999755859375,904.5999755859376,7777034.0,0,1,0.02278247849036119,0.043729044473410195,0.07658432084015176,-0.0671822886455915,0.005949375130317014,0.02252683336359967,0.9555555555555556,0.4111111111111111,909.4625030517578,-0.005346594773840273,929.2930029296875,-0.026571842536102955,893.8785028076172,0.011994328921262683,813.7220645141601,0.11168175847122558,889.8795457663791,904.4131628469111,1,1,0,49.8741075318696,0,0,-14.53361708053194,-14.155433320554286,-0.3781837599776541,0,990.4791736468405,828.4458324566751,909.4625030517578,0.1781638502373132,0.46999057459345067,32.05518328348537,0.035435755194136755,19.430805315989055,20.102069611691643,22.22648484429511,0,51.92886311644014,40.50182294457677,7120852.142857143,6789632.666666667,1.048783121628447,0,1438107410.0,911.7340713726602,40681349.599205725,0.17126060908103327,0.3526964800355879,0.3653252620734731,0.9654314022353446,0.3421312861384129,0.8784229293981288,1.1990191012651255,0.8784229293981288,1.5136774686103827,0.024762353546995516,0.027757349148209532,1.0,1.0,1.0,1.0,1.0,1841.676513671875,0.047589196544201684,0.00518274594457746,0.3436777513946885,0.4812,0.4888959654156838
2026-04-02,898.9500122070312,920.9500122070312,884.7999877929688,916.25,7698211.0,0,1,0.012878647721072944,0.03595453372612423,0.0720762579140739,0.006812825987797977,0.011704273505425578,0.012796423145912193,0.9444444444444444,0.45555555555555555,907.5275024414062,0.009611276281025911,928.7290026855469,-0.013436645834750675,894.9215026855469,0.023832813548952576,814.8754528808594,0.12440495877099676,893.9365387253977,905.2899655989917,1,1,0,52.70390608487431,0,0,-11.353426873594003,-13.59503203116223,2.2416051575682268,1,985.770916721409,829.2840881614035,907.5275024414062,0.17243205097259182,0.5557394998598818,32.34767193566945,0.03530441684656966,18.942883231951228,18.497427069870607,23.83073102794109,0,74.9066965010121,54.161407132472654,7716743.714285715,6928820.666666667,1.113716761556495,0,1445805621.0,906.4953603366976,40780492.146757215,0.16640418918075248,0.35405035506376226,0.3581241382120308,0.9886246619158169,0.3470163145697392,0.8897358288559601,1.2144608458811565,0.8897358288559601,1.533171587491941,0.03945432405354707,-0.006245814206712427,1.0,1.0,1.0,1.0,1.0,1833.3802490234373,-0.004504734999251747,0.008966395063786825,0.3390236569612415,0.4961,0.5128743974426025
2026-04-03,898.9500122070312,920.9500122070312,884.7999877929688,916.25,7698211.0,0,1,0.0,0.03595453372612423,0.05479764490658412,-0.005319464022355391,-0.020786589669005817,0.0,0.9,0.2222222222222222,905.3950012207031,0.011989240900006757,928.0480029296875,-0.012712707631979452,896.0475024414062,0.022546234997083605,815.9953369140625,0.12286180882489034,897.3693789214904,906.1018199990663,1,1,0,52.70390608487431,0,0,-8.732441077575913,-12.622513840444967,3.8900727628690532,0,979.9824929646668,830.8075094767394,905.3950012207031,0.1647623228389836,0.5727668844030769,32.61926854126896,0.03560083878992519,18.489812725344674,17.03316886982815,21.94428794648645,0,75.71899767657752,67.5181857646766,8174863.428571428,6990237.833333333,1.169468567949025,0,1445805621.0,903.5434048754715,40780492.146757215,0.1690800793537667,0.34059396565357763,0.35804820168771073,0.9512517142891374,0.34709657937239047,0.8897358288559601,1.2144608458811565,0.8897358288559601,1.5287276827684009,0.03945432405354707,-0.01888129636340382,1.0,1.0,1.0,1.0,1.0,1833.3802490234373,0.0,-0.027774836031827954,0.3387240345039495,0.499,0.49595898891362056
2026-04-06,917.2000122070312,935.75,917.2000122070312,927.4500122070312,5555538.0,0,1,0.012223751385572967,0.025259824494570537,0.06769122908001024,-0.009822251606501964,0.012278978225398474,0.01214964463375528,0.9222222222222223,0.4777777777777778,904.5000030517579,0.025373144364666336,927.5910034179688,-0.0001519971737737628,897.250502319336,0.03365783558730974,817.1935571289063,0.13492085701886272,901.9971686577275,907.6831675700266,1,1,0,55.50462364188997,0,0,-5.685998912299169,-11.235210854815808,5.549211942516639,0,977.4811098220756,831.5188962814401,904.5000030517579,0.16137336987082704,0.6572325370968986,31.68217793117832,0.03416052349364358,17.40811274012829,19.621041072726413,20.9795418271517,0,89.3118488020252,79.97918099320496,8326887.0,7011014.366666666,1.1876864836548546,0,1451361159.0,902.5304061508418,40848401.66208232,0.16162958891145077,0.3369235468944789,0.3562941459422973,0.9456331256956562,0.3409704354817313,0.9006117384267321,1.2293061133287204,0.9006117384267321,1.5474144698988048,0.020001064800059438,0.0010368482477830833,1.0,1.0,1.0,1.0,1.0,1901.349853515625,0.03707338100123647,0.008268837890953673,0.35626346887687355,0.546,0.510141834098251
2026-04-07,933.9500122070312,964.9000244140624,932.9500122070312,954.5,11877733.0,0,1,0.02916597923008113,0.04174624829467932,0.10130378049653888,0.022989135081357137,0.034295958445430985,0.02874874533118577,0.9888888888888889,0.5222222222222223,904.3950042724609,0.05540167237859296,927.44400390625,0.029172646520754155,898.8240020751953,0.061943158834499946,818.5198300170898,0.16612935324984254,910.0745273257694,911.151081083358,1,1,1,61.44315186517057,0,0,-1.0765537575886128,-9.20347943537037,8.126925677781758,0,977.0658864491932,831.7241220957287,904.3950042724609,0.16070606722378392,0.8447391460426064,32.09416609373924,0.03362406086300601,17.02146523415524,24.47326741404553,19.230928309155132,0,91.93484030279501,85.6552289271326,9437335.0,7234304.733333333,1.3045255000823806,0,1463238892.0,904.8566158973233,41194827.37606077,0.17463554596516237,0.34635052142132006,0.3593892723400747,0.9637196991611463,0.3440982740485934,0.9268789616840534,1.2651600298974777,0.9268789616840534,1.5925463281882004,0.03347303531380947,0.007008463975898929,1.0,1.0,1.0,1.0,1.0,1881.2587890625,-0.01056673731874036,0.03241903347561803,0.3566910661289582,0.5174,0.4969887059857487
2026-04-08,975.0,977.0,947.3499755859376,951.7999877929688,8174489.0,0,1,-0.0028287189177906846,0.03879944097459065,0.07614899050979074,0.061033388044185344,0.015361599108030033,-0.0028327273039984477,0.9333333333333333,0.5,904.0300048828125,0.05284114758596823,926.5160034179687,0.027289312091454472,900.4325018310547,0.057047569759484336,819.8125003051758,0.16099716391084604,916.4938289361078,914.1621112099958,1,1,1,60.57412258381732,0,0,2.331717726111947,-6.8964400030739075,9.228157729185854,0,975.6091188428861,832.4508909227388,904.0300048828125,0.15835561557351693,0.8336866040057582,31.919584545190894,0.03353602117521134,17.053607662468867,25.557162165668906,17.95495955831713,0,82.13398483662438,87.79355798048154,8786932.142857144,7330492.7,1.1986823399820237,0,1455064403.0,906.0372501847519,41171704.0443832,0.1926771368553529,0.3437498475900661,0.35705396015456387,0.9627392101778157,0.3467344202027854,0.9242570816306355,1.2534404667077668,0.9242570816306355,1.5880414622621961,0.03115152846641108,0.021477213200628602,1.0,1.0,1.0,1.0,1.0,2042.8865966796875,0.08591471229629843,0.16204225473871015,0.4370986113586474,0.3828,0.29782033289285786
2026-04-09,959.0,989.8499755859376,952.25,985.6500244140624,9386595.0,0,1,0.03556423309017376,0.0627527213769008,0.11442140404803602,0.1274235337878895,0.04711573058136276,0.034946430919687264,1.0,0.5444444444444444,904.8250061035156,0.08932668501128939,925.7480029296875,0.06470661702191607,902.2910021972656,0.09238596197213572,821.3017205810547,0.20010709793318646,927.1332436250239,919.4575121880749,1,1,1,66.8956752019487,0,0,7.675731436948922,-3.982005715069342,11.657737152018264,0,979.7523739922409,829.8976382147904,904.8250061035156,0.16561736774138902,1.0393557827266806,32.357470491460745,0.032828559519081056,17.475114505342805,26.247106283717354,16.44683798117842,0,97.27098624348935,90.44660379430293,8309687.285714285,7540864.466666667,1.1019542019944917,0,1464450998.0,908.6614356756123,41505531.096886255,0.22430652857847835,0.35788237532137973,0.3641913176249722,0.9826768459370876,0.35253337733004547,0.9571275759169912,1.2909627038822036,0.9571275759169912,1.6445189389829493,0.03814738969675327,0.007564627337017117,0.0,1.0,1.0,1.0,1.0,2039.5880126953125,-0.0016146681806695762,0.16016594208539003,0.4369157044946568,0.3696,0.29999974229758103
2026-04-10,995.3499755859376,995.5499877929688,978.6500244140624,992.0999755859376,6013190.0,0,1,0.0065438553361873986,0.039392326438908,0.09672783811797414,0.18071999474672729,0.07288846381437719,0.006522537265896129,0.9666666666666667,0.5666666666666667,908.9275054931641,0.0915061647822463,926.3380029296875,0.07099133625984003,904.4350018310547,0.0969278871089715,822.7904309082031,0.2057748101066868,937.1281254651644,924.8384354027314,1,1,1,67.95018327211159,0,0,12.28969006243301,-0.7276665595688714,13.01735662200188,0,993.4322976570471,824.422713329281,908.9275054931641,0.18594396506470032,0.9921168845162907,31.253362840564005,0.031502231236429236,18.03580706295194,26.53604910050656,15.811589861757382,0,97.73100132587405,92.37865746866261,8057709.571428572,7560683.0,1.065738316423076,0,1470464188.0,910.5487131714583,41544880.54235526,0.22373231199684565,0.35338195782768395,0.3613634928620045,0.9779127244672486,0.35166624600761487,0.9633908803120677,1.2951696809215896,0.9633908803120677,1.6552804330172741,0.017034536634198773,0.009841171746169783,1.0,1.0,1.0,1.0,1.0,2085.867431640625,0.022690572143613696,0.13259164470848894,0.43751026280228017,0.3541,0.2832742752515053
2026-04-13,978.0499877929688,988.5999755859376,965.5999755859376,978.25,4754347.0,0,1,-0.013960261996536993,0.027789464747066672,0.06766712141882669,0.14462057222858693,0.04069148936170208,-0.014058622956865378,0.8666666666666667,0.5222222222222223,911.782504272461,0.07289841098736091,927.2930029296875,0.05495242270708292,906.4710015869141,0.07918510166064435,824.2463739013672,0.18684173928445033,943.454567701293,928.7948475951216,1,1,1,63.28825528157584,0,0,14.659720106171335,2.3498107735791702,12.309909332592165,0,1001.710232487281,821.854776057641,911.782504272461,0.19725697256403513,0.8695606296689768,30.913836923380863,0.03160116220125823,17.925346019669455,24.911244317858813,17.858749320924552,0,87.71307578633706,94.23835445190018,7637157.571428572,7533384.566666666,1.0137750839405006,0,1465709841.0,911.8951164096702,41478508.61261281,0.2773216421366542,0.35387714926401354,0.3625340562336939,0.976121120703485,0.3415525435169909,0.9499416912178368,1.2702070622464265,0.9499416912178368,1.6321722844946118,0.023511372348581652,-0.01416186688712586,1.0,1.0,1.0,1.0,1.0,2128.048583984375,0.020222355315540286,0.1607240697165222,0.4387713123910607,0.3479,0.2779833918783451
2026-04-14,978.0499877929688,988.5999755859376,965.5999755859376,978.25,4754347.0,0,1,0.0,-0.007507760595310109,0.06766712141882669,0.12617276521677057,0.04069148936170208,0.0,0.8611111111111112,0.5166666666666667,913.8625030517578,0.07045643817666904,927.7520031738281,0.05443049074905668,908.3600018310547,0.07694085828092653,825.7345803833008,0.18470271590890927,948.8077111318632,932.4581922177051,1,1,1,63.28825528157584,0,0,16.349518914158125,5.149752401694961,11.199766512463164,0,1008.0361824294547,819.6888236740609,913.8625030517578,0.20610032485896454,0.8418550563900504,30.348562857425087,0.03102332006892419,17.82277505090715,23.562725250998263,16.892002591525543,0,87.71307578633706,91.05238429951606,7216605.571428572,7506086.133333334,0.9614338875463706,0,1465709841.0,913.374095471288,41478508.61261281,0.2773216421366542,0.35387714926401354,0.3614689833878694,0.9789972737004946,0.3311300822709462,0.9499416912178368,1.2702070622464265,0.9499416912178368,1.6321722844946118,0.023511372348581652,-0.00020445919451188348,1.0,1.0,1.0,1.0,1.0,2128.048583984375,0.0,0.1607240697165222,0.4387713123910607,0.3479,0.2779833918783451
2026-04-15,1036.0,1038.0,1002.0999755859376,1011.4500122070312,11075349.0,0,1,0.033938167346824644,0.019504119642443696,0.0905709190731554,0.16439300498413356,0.09725539770152114,0.03337497482702168,0.9555555555555556,0.6888888888888889,917.782504272461,0.10205850242135724,928.6820031738281,0.08912416602274877,910.4665020751953,0.1109140313253345,827.4466125488282,0.22237495068280905,958.4449882203506,938.3094381428403,1,1,1,69.16887280595341,0,0,20.13555007751029,8.146911936858027,11.988638140652261,0,1021.3748969486692,814.1901115962528,917.782504272461,0.22574497158959753,0.9520964595698669,32.44866551046616,0.03208133384630808,19.137406811358147,31.337928576209674,14.670257789904944,0,85.51160284149044,86.9792514713882,8005150.0,7622738.233333333,1.0501672437070482,0,1476785190.0,920.426065542111,41854385.6603993,0.31322637190891045,0.3599337188087078,0.36690582118729864,0.9809975694688372,0.330844376460597,0.9744219770780648,1.3133155620900643,0.9744219770780648,1.687565220624639,0.035493622008789985,0.059033989266547404,1.0,1.0,1.0,1.0,1.0,2143.441650390625,0.007233418692645266,0.12732627634381366,0.4336335675107257,0.328,0.27001352598699135
2026-04-16,1016.9000244140624,1048.699951171875,1013.0,1039.9000244140625,10942179.0,0,1,0.028127946871988163,0.06302072518687707,0.08947095276486383,0.19983847902111074,0.08895754868958972,0.02773962122596068,0.9444444444444444,0.6555555555555556,924.9250061035157,0.12430739525024699,930.7710034179687,0.11724583232110929,912.7900024414063,0.13925439765190203,829.2954348754882,0.2539560459176949,970.9765322501524,945.8346667555235,1,1,1,73.13951422678196,1,0,25.141865494628973,11.545902648412216,13.595962846216757,0,1041.3964780880347,808.4535341189967,924.9250061035157,0.2518506283556653,0.9935758789320914,32.791613614350275,0.031533429026340196,20.596151201975097,31.125895248102996,13.47991378980422,0,94.90449956812402,89.37639273198386,7871499.428571428,7436355.6,1.0585157370058296,0,1487727369.0,928.6092642949976,42162166.68997509,0.311063338492369,0.35465950122997003,0.37081657595046236,0.9564283913709112,0.31977176799578383,0.9916087277891269,1.350256432446689,0.9916087277891269,1.735032965493384,0.03433017629939026,0.005388315923926833,0.0,1.0,1.0,0.0,1.0,2202.715087890625,0.02765339447854709,0.17087298180189148,0.440101326997268,0.3565,0.284685856468984
2026-04-17,1036.5,1040.75,1025.0,1039.0,4301884.0,0,1,-0.0008654912904436651,0.062100690007666826,0.09161589969047013,0.17474134847633627,0.08353318755506645,-0.0008658660442769706,0.9555555555555556,0.6,933.1625061035156,0.11341807370552866,932.7000036621093,0.1139701896864151,915.0960021972656,0.13539999902220595,831.1601077270508,0.2500599948682846,981.4416811347444,952.7358025514106,1,1,1,72.82000860192194,1,0,28.705878583333742,14.977897835396522,13.72798074793722,0,1057.576617545937,808.7483946610943,933.1625061035156,0.266650472192504,0.9253436072059466,31.57435549903954,0.030389177573666545,21.950699564690836,30.016873967995437,12.999622022202155,0,94.38335036804881,91.59981759255443,7318270.142857143,7303251.733333333,1.0020564003641368,0,1483425485.0,934.5205534547274,42158443.44684059,0.3072606693098,0.35479730301697976,0.37072665951920014,0.9570320717617682,0.3166597126737079,0.9907504990716975,1.349087797264541,0.9907504990716975,1.7335313095731169,0.015158806544754572,-0.0032695685491288097,1.0,1.0,1.0,0.0,1.0,2217.30859375,0.006625235346869207,0.08538016615988431,0.4334051575047645,0.3627,0.2942176897665895
2026-04-20,1031.0,1034.0,1011.4000244140624,1015.25,4286182.0,0,1,-0.022858517805582346,0.003756970435619511,0.030030918533719753,0.14788850244523633,0.07394089619639299,-0.02312382453282028,0.6111111111111112,0.5333333333333333,941.9125061035156,0.07786019765239706,933.7200036621093,0.08731739281382517,917.140502319336,0.10697324720973193,832.9281185913086,0.21889269594721292,986.6429609601684,957.3664838438988,1,1,1,64.77827268569519,0,0,29.276477116269575,17.837613691571136,11.43886342469844,0,1063.3937246755575,820.4312875314738,941.9125061035156,0.2579458660647428,0.8018470458171818,31.29047121953226,0.03082045921648093,22.495588392050934,28.1256889422083,15.285138231023458,0,79.59123938634146,89.62636310750479,6589639.714285715,7212228.166666667,0.9136759905547055,0,1479139303.0,944.0235874796061,42060467.679275624,0.32623006564388035,0.3593855369801947,0.37413610831871047,0.9605743177134072,0.31378750488835,0.9681034111477776,1.3182496498294756,0.9681034111477776,1.6939053532667054,0.022260502916461575,-0.007699711260827719,1.0,1.0,1.0,1.0,1.0,2228.603759765625,0.0050940884130712405,0.09267349381041345,0.42784573550257005,0.3378,0.28118497801062037
2026-04-21,1018.0,1023.2000122070312,1011.4000244140624,1021.6500244140624,3002043.0,0,1,0.006303890090187059,-0.0175497639884018,0.029785353850726892,0.12939426485426098,0.06800130722173625,0.006284103685728489,0.6,0.5,950.2625061035156,0.07512399768698254,934.7750036621094,0.0929368248098293,919.2885028076172,0.11134863679228103,834.7065380859375,0.22396312691740058,992.0286630299981,962.1282275898368,1,1,1,65.87200869029185,0,0,29.900435440161345,20.25017804128918,9.650257398872167,0,1069.424396715915,831.1006154911164,950.2625061035156,0.25079783711769127,0.7995400540544902,29.89829383192059,0.029264712100474804,23.00155658888531,27.332803788549302,14.85423823778573,0,83.49607516672947,85.8235549737066,6159475.857142857,7150989.633333334,0.8613459357333321,0,1482141346.0,947.7336867290296,42079392.22839364,0.3261627290920958,0.3584763161145573,0.373597788326006,0.959524727704615,0.310665680100449,0.9742062286475883,1.3265597507334281,0.9742062286475883,1.7045835464368781,0.011549931494139985,0.002708692440285644,1.0,1.0,1.0,1.0,1.0,2225.005126953125,-0.001614747707721076,0.06670495603024129,0.42787507221966203,0.3403,0.2825161415034156
2026-04-22,1030.0,1043.3499755859375,1017.0,1039.9000244140625,4474181.0,0,1,0.01786325998520577,0.00086624101449706,0.06302072518687707,0.13495227766882678,0.08424570001554033,0.017705586891368804,0.8111111111111111,0.6,958.8250061035156,0.08455663733679669,936.25400390625,0.11070288626310743,921.5245031738282,0.12845618410854673,836.596558227539,0.24301255388529652,999.3934878583158,967.8891014286684,1,1,1,68.84313760643482,0,0,31.50438642964741,22.501019718960826,9.003366710686585,0,1077.9055637320998,839.7444484749316,958.8250061035156,0.24838851066787485,0.8404208878640888,29.644842528636083,0.028507396704158784,24.021865663656264,30.45254092354387,13.911147632166742,0,94.63091597069567,85.90607684125554,6119452.142857143,7151578.666666667,0.8556785051361819,0,1486615527.0,952.8005107287898,42159315.686817504,0.3066043651534092,0.361287756861036,0.3676637560629229,0.982658069780488,0.31021123873488254,0.9916087277891269,1.350256432446689,0.9916087277891269,1.735032965493384,0.025338950829224705,0.008173029302012202,1.0,1.0,0.0,1.0,1.0,2259.78955078125,0.015633412888247156,0.061906935672593866,0.42676008513116404,0.3481,0.292048890127348
2026-04-23,1039.75,1049.0,1031.1500244140625,1041.3499755859375,4370028.0,0,1,0.0013943178554034485,0.025707929658643103,0.06450291396466912,0.1365347618946111,0.07383343705690892,0.0013933466968934537,0.8111111111111111,0.5222222222222223,967.4600036621093,0.07637522134675724,937.7930029296875,0.11042625860156297,923.8300030517578,0.12720952139026342,838.4551123046875,0.24198655396535967,1005.8483321241038,973.3306476625402,1,1,1,69.07350271209053,0,0,32.51768446156359,24.504352667481378,8.013331794082212,0,1084.0279696806128,850.8920376436058,967.4600036621093,0.2409773335895248,0.816939440772687,28.802352032729043,0.02765866683438754,25.11259592689645,30.50567480195294,13.295340667800028,1,94.19573207694135,90.7742410714555,6064549.428571428,7141747.366666666,0.849168854232657,0,1490985555.0,958.0269762688249,42165408.894886516,0.3050479992152957,0.36043198445352165,0.3639948215889266,0.9902118466415201,0.30400797610035746,0.9927073170504648,1.3521391190998229,0.9927073170504648,1.7374521529368852,0.017141187885363743,-0.0001442681128380895,1.0,0.0,1.0,1.0,1.0,2298.97216796875,0.017339055831085526,0.08031939931763787,0.42752209309052963,0.3431,0.286666704955471
2026-04-24,1031.0,1054.0,1027.550048828125,1048.3499755859375,4526003.0,0,1,0.0067220436588202315,0.026134146267150715,0.036482241271013294,0.13035739046593298,0.15196966062091888,0.006699551462766062,0.7,0.9,976.5425018310547,0.07353235892983774,940.5800024414062,0.11457821010950617,926.0810028076172,0.13202837808748386,840.3419653320312,0.24752781466973306,1012.3870465028474,978.8876349161252,1,1,1,70.21833355299673,1,0,33.4994115867222,26.303364451329543,7.196047135392661,0,1088.2603862336068,864.8246174285025,976.5425018310547,0.2288029127110737,0.821378596358572,28.6343233998109,0.027313706363952337,26.253705837507912,29.74017588681237,12.418118933972222,1,95.33248658915545,94.71971154559752,5128928.571428572,6947707.9,0.7382187975157348,0,1495511558.0,963.2869937860024,42195832.884652466,0.25277601643979836,0.3014830821592551,0.3403367955619617,0.8858374589249111,0.2833291422515515,0.994639445527455,1.3612282572912104,0.994639445527455,1.749131382164038,0.02523007753884074,-0.00993899825091355,1.0,0.0,1.0,0.0,1.0,2286.57763671875,-0.005391335929460617,0.0667785784147843,0.421940083267644,0.2957,0.21094481889032984
2026-04-27,1058.3499755859375,1066.5,1052.0,1061.800048828125,4241483.0,0,1,0.012829754905722357,0.021059740263398963,0.021059740263398963,0.11241492805460984,0.1526895952736138,0.012748150832585478,0.5,0.9,985.4100036621094,0.07752107740141155,943.6670031738281,0.12518509734575958,928.5045031738281,0.14355939599502648,842.2623162841796,0.26065244556171413,1019.9890468605823,985.0292952059029,1,1,1,72.3372653997329,1,0,34.959751654679394,28.034641891999513,6.925109762679881,0,1094.4723981201696,876.3476092040491,985.4100036621094,0.22135434804345056,0.8502125803564275,27.88544490082887,0.026262425709628803,27.62375502230091,31.559391928170236,11.840784561071397,1,96.05543415119914,95.19455093909868,4171686.285714286,6730570.333333333,0.6198117067514911,0,1499753041.0,972.940989134499,42250250.071979254,0.20856807834642346,0.3016218813107781,0.3329988534613467,0.9057745339828602,0.27313374652518824,0.9955931071993671,1.3786924822030002,0.9955931071993671,1.7715723090951099,0.013656055126389559,0.009538799287338048,0.0,0.0,0.0,0.0,1.0,2320.762451171875,0.014950209388989055,0.0535917531641803,0.4227472872762902,0.2985,0.2126711788238695
2026-04-28,1060.0,1079.699951171875,1055.1500244140625,1074.300048828125,7798496.0,0,1,0.011772461315852967,0.03164169012790108,0.03397502293371035,0.12870357491725648,0.14695993255343365,0.01170370498785409,0.6666666666666666,0.8555555555555555,994.9025054931641,0.07980434554801355,947.3510046386718,0.13400423239945014,931.1185034179688,0.15377370859301204,844.2086846923828,0.272552709191311,1028.3445856248197,991.6419436223639,1,1,1,74.17616800369206,1,0,36.70264200245583,29.76824191409078,6.934400088365052,0,1099.9395880559193,889.8654229304087,994.9025054931641,0.21115050365802301,0.8779500601015086,27.64719360489913,0.025735076187567357,29.197634156060268,32.96799358182237,11.089764408761386,1,95.76311933107934,95.71701335714467,4671202.285714285,6828432.166666667,0.6840812314892711,0,1507551537.0,986.4721281185268,42342057.56446109,0.2124397690912392,0.3002489358849116,0.32981419134313256,0.9103578431909808,0.2718376982384176,0.9949987009466018,1.3949230861161923,0.9949987009466018,1.7510977924920865,0.022852020517538103,-0.0016952804156598568,0.0,0.0,0.0,0.0,0.0,2411.32177734375,0.03902136822583757,0.0874994054235938,0.43297670355556245,0.3142,0.21750511369004974
2026-04-29,1078.0,1080.0,1053.0,1067.199951171875,3710080.0,0,1,-0.0066090452699829605,0.01798061336854806,0.051169614549987585,0.08273720360966008,0.14377575171103518,-0.006630981715735575,0.7555555555555555,0.8333333333333334,1003.032504272461,0.06397344714761481,950.7100036621093,0.12252942228550191,933.5730029296875,0.14313497479345133,846.0929971313476,0.26132701108528705,1034.3223341705204,997.2388330704758,1,1,1,71.27777838710963,1,0,37.0835011000446,31.231293751281545,5.852207348763056,0,1103.7208536002074,902.3441549447145,1003.032504272461,0.20076786923426707,0.8186438516860836,27.600965490263476,0.025862974843613235,30.51589381125469,30.66441001690477,10.871290690979698,1,88.8111485170701,93.54323399978288,4588902.0,6821884.2,0.6726736874249493,0,1503841457.0,993.466503772556,42317537.47778583,0.12757351867520914,0.3010336012141785,0.3298374545047313,0.9126725819121927,0.27387621382827476,0.9881481029369213,1.3857039762919061,0.9881481029369213,1.739524707909339,0.02529985123251902,0.003444057529282443,0.0,0.0,0.0,1.0,0.0,2424.815673828125,0.005596057984114999,0.088042530307467,0.43213631752251636,0.3202,0.2226939406589693
2026-04-30,1058.5,1063.8499755859375,1030.4000244140625,1038.0,4392857.0,0,1,-0.0273612748387132,-0.022414812331561285,0.016003499432513335,0.04626552317668753,0.15712615141304842,-0.027742565682033815,0.4444444444444444,0.9,1009.120004272461,0.028618990412701682,953.3570031738282,0.08878415592940124,935.7095031738281,0.10931864695101769,847.8303173828125,0.22430158336897743,1034.8881289135172,1000.2581787689592,1,1,1,60.76229943154144,0,0,34.62995014455805,31.911025029936848,2.7189251146212037,0,1102.146941077488,916.093067467434,1009.120004272461,0.18437239656565138,0.6552238347268593,28.258034152231264,0.02722353964569486,30.351266494809426,27.812002408266892,15.572696638002954,1,63.286721121680785,82.62032965661008,4787589.714285715,6810527.133333334,0.7029690390415468,0,1499448600.0,1000.5309494209238,42197343.31008167,0.2457059635114428,0.28794754670631467,0.3285032617726288,0.8765439501347038,0.26835246573383414,0.9611111111111111,1.3477893489514856,0.9611111111111111,1.6919290942874994,0.032225386485428706,-0.00815212853254137,1.0,1.0,0.0,1.0,1.0,2407.323486328125,-0.007213821524167496,0.08194064686253677,0.41598194770780444,0.2476,0.1714666978936393
2026-05-01,1038.0,1038.0,1038.0,1038.0,0.0,0,1,0.0,-0.03378948820464267,-0.001827122193917674,0.061078456427293704,0.1873034029167857,0.0,0.3,0.9555555555555556,1015.2075042724609,0.022451070969843837,955.4030029296875,0.08645251984454055,937.5685034179687,0.10711910246120848,849.5783093261718,0.22178260509413372,1035.3668783114376,1003.0538692305178,1,1,1,60.76229943154144,0,0,32.31300908091987,31.99142184013345,0.32158724078641754,0,1098.0194223677595,932.3955861771624,1015.2075042724609,0.16314284074297686,0.6376160355403786,26.239603141357602,0.025279001099573796,30.198398272395966,27.812002408266896,15.572696638002952,1,63.286721121680785,71.79486358681056,,,,0,1499448600.0,1006.6298374318703,,0.22067464992130437,0.27346946788070936,0.32829576880190486,0.8329972356290771,0.258103886533707,0.9611111111111111,1.3448209274244247,0.9611111111111111,1.6919290942874994,0.0,0.0,1.0,1.0,1.0,1.0,1.0,2407.323486328125,0.0,0.06528658188364034,0.41491294094554976,0.2344,0.1546663864833559
2026-05-04,1043.300048828125,1049.4000244140625,1034.5,1042.699951171875,3349359.0,0,1,0.00452789130238429,-0.02295727241469314,0.001296370689573223,0.06588290434129829,0.24094013825870286,0.004517671241166212,0.3111111111111111,1.0,1020.9700012207031,0.021283632158820415,957.9330017089844,0.08848943434630972,939.5170031738281,0.10982552487020408,851.3701519775391,0.22473162671949487,1036.4950433668896,1005.9906160409887,1,1,1,61.81392352874667,0,0,30.504427325900906,31.69402293728694,-1.1895956113860358,0,1093.4667456119112,948.4732568294951,1020.9700012207031,0.1420154251437921,0.6498684536364309,25.429633232265097,0.024388255896324835,30.423198556930306,29.850127771392078,14.920944189590497,1,52.11805245417656,59.563831565846066,,,,0,1502797959.0,1011.5040542370207,42212508.84356633,0.22244763662163064,0.23733944961429415,0.32539095919273536,0.7293977995058966,0.2555413737018135,0.9654629177517361,1.3509101304049742,0.9654629177517361,1.6995899653177748,0.014289848577547724,0.005106020065631022,1.0,0.0,1.0,1.0,1.0,2484.589111328125,0.03209607077686627,0.08073909982275951,0.3841097722923128,0.0359,0.022336813852311673
2026-05-05,1036.300048828125,1059.0,1031.0999755859375,1054.699951171875,4580696.0,0,1,0.011508584024112922,0.016088584944002893,0.006057114259375496,0.04276033263420542,0.23407233492442048,0.011442864019819572,0.35555555555555557,0.9888888888888889,1025.979998779297,0.02799270202805986,960.5700012207031,0.09799384722774025,941.6925024414063,0.12000461768304267,853.2053662109375,0.23616188193443927,1039.2957984138104,1009.5987149395728,1,1,1,64.43484646637039,0,0,29.697083474237616,31.29463504467708,-1.5975515704394638,0,1092.759119689757,959.2008778688369,1025.979998779297,0.13017626267551674,0.7150369157381307,25.606089745250628,0.024278079957052955,30.921940812000443,30.20489344927321,13.759683859634215,1,63.11944922424828,59.5080742667019,,,,0,1507378655.0,1019.731109090054,42265226.168371245,0.22997506783787688,0.23588940227447316,0.3259796045798269,0.723632395893369,0.25618134521297375,0.9765740288628473,1.3664571931497653,0.9765740288628473,1.7191498392401736,0.0264530441885987,-0.006137817822430359,0.0,0.0,1.0,0.0,1.0,2460.899658203125,-0.00953455564020278,0.0762370884264083,0.3846768735684902,0.0456,0.02812659990428475
2026-05-06,1067.800048828125,1073.699951171875,1042.4000244140625,1045.800048828125,5336857.0,0,1,-0.008438326306795862,0.0075144979076349205,-0.015068750484291904,0.005673645807813932,0.2039371662178413,-0.008474130543055538,0.2222222222222222,0.9777777777777777,1030.6800018310546,0.014669972222424887,962.7380017089844,0.08627689669639586,943.6625030517578,0.10823524877385662,855.0154391479492,0.22313586509069225,1040.296452323705,1012.2802952276137,1,1,1,61.08611445354991,0,0,28.016157096091206,30.638939454959903,-2.6227823588686974,0,1088.0444910863998,973.3155125757094,1030.6800018310546,0.11131386881172498,0.6317892584188006,26.01279238900505,0.024873581157462916,31.79315780255528,31.645350010175168,12.577086877083971,1,50.1458260301689,55.127775902864606,,,,0,1502041798.0,1026.2030671618231,42220192.02755254,0.2188938774255878,0.23834607044956305,0.32648605338737546,0.7300344623504196,0.26010207217256875,0.9683333785445601,1.3549265814696991,0.9683333785445601,1.7046430919263893,0.02992916934062658,0.012420686700226455,0.0,1.0,1.0,1.0,1.0,2539.164794921875,0.031803465231856176,0.09410801335557517,0.38135446114451443,-0.0106,-0.00666594938359575
2026-05-07,1048.0,1060.9000244140625,1036.5999755859375,1055.699951171875,4290514.0,0,1,0.009466343355829299,0.012467632692789055,-0.017313689668486454,0.01607310026166986,0.21533404881210338,0.009421818299989409,0.2222222222222222,0.9777777777777777,1034.1824981689454,0.02080624361853639,965.0260009765625,0.09396011102659885,945.6525024414062,0.11637197432075473,856.9035522460938,0.2319939022363732,1042.6662213772695,1015.4965660382998,1,1,1,63.36679701031442,0,0,27.169655338969733,29.94508263176187,-2.7754272927921377,0,1088.440558676419,979.9244376614718,1034.1824981689454,0.10492937291733193,0.6982880773997238,25.890453563227904,0.024524443270541332,32.22046240385069,29.523819140691877,13.334070408577853,1,64.5771756905606,59.28081698165928,,,,0,1506332312.0,1031.9784683018838,42260807.50624953,0.21317333511912026,0.2377845757232385,0.3268454145418085,0.7275138800909268,0.2620157143141248,0.9774999547887732,1.3677527817118311,0.9774999547887732,1.7207798287337068,0.02301795012981751,0.0021036059181104103,0.0,1.0,0.0,1.0,1.0,2512.57666015625,-0.01047121274633267,0.0419914437649378,0.38498773495995375,-0.0225,-0.013964004275013531
2026-05-08,1048.4000244140625,1058.0,1035.300048828125,1044.4000244140625,3065690.0,0,1,-0.010703729544809693,-0.009765741191481325,-0.021364250188332767,0.02871216391436837,0.20503058694382892,-0.010761426542619199,0.2222222222222222,0.9666666666666667,1036.7975006103516,0.007332698814604986,967.4200012207032,0.07957249498276336,947.5765026855469,0.10218016324181321,858.7877798461914,0.2161328432050049,1042.9329603060069,1017.637562955023,1,1,1,59.10846676378016,0,0,25.295397350983876,29.015145575606272,-3.7197482246223963,0,1087.436357643899,986.1586435768041,1036.7975006103516,0.09768321587144438,0.5750661078178988,25.662560535274128,0.024571581707566063,32.52935258582988,27.658430032083704,12.853408898430633,1,48.1049733883066,54.275991703012046,,,,0,1503266622.0,1035.0891311640255,42227993.18962131,0.2179266957679402,0.24175367039734472,0.3026271960271068,0.7988497847222246,0.2621688823361984,0.9670370596426504,1.3531127258522266,0.9670370596426504,1.7023610668407774,0.02173492018502231,-0.006914774173958471,1.0,1.0,1.0,1.0,1.0,2504.780029296875,-0.0031030419819668698,0.032977498591679755,0.36454283045676444,-0.0384,-0.02558776603981152
2026-05-11,1031.0999755859375,1042.4000244140625,1022.0999755859376,1023.5,3746752.0,0,1,-0.020011512759000594,-0.021323434487417914,-0.013969171483622311,0.0018107723209801474,0.15721633317182881,-0.020214455099790283,0.2777777777777778,0.8555555555555555,1039.0600006103516,-0.014975074202848293,969.0900012207031,0.0561454547160325,949.1660028076171,0.0783150649860026,860.4918124389649,0.18943607040142219,1039.9432741050828,1018.0718175509472,1,1,1,52.13055064700903,0,0,21.871456554135534,27.58640777131213,-5.714951217176594,0,1082.1682641182551,995.9517371024482,1039.0600006103516,0.08297550378723338,0.31952415448723775,25.422381127620614,0.02483867232791462,31.94836313020971,25.92546788032437,15.756856379238766,1,10.317460317460318,40.999869798775855,,,,0,1499519870.0,1037.7106962830287,42153015.01416849,0.1842276644865321,0.24964743258488464,0.3060352673091989,0.8157472659275459,0.2543996138850458,0.9476851851851852,1.3260348932744688,0.9476851851851852,1.6682942466312674,0.019833950980092708,-0.012734630905037271,1.0,1.0,1.0,1.0,1.0,2499.08251953125,-0.002274654739731541,0.038116619442401856,0.3399984253909162,0.0665,0.04905070588772919
2026-05-12,1027.199951171875,1054.5999755859375,1025.0,1041.4000244140625,4323348.0,0,1,0.01748903215834141,-0.013545446072948053,0.0032755533854167407,0.00144244635521118,0.17745492683682906,0.01733785907095568,0.36666666666666664,0.9111111111111111,1042.2175018310547,-0.000784363547489867,971.1180017089844,0.07237227873584368,950.9415032958984,0.09512522148275263,862.2883233642578,0.20771671863883306,1040.1673895372335,1019.799832874141,1,1,1,56.83100170189088,0,0,20.3675566630925,26.142637549668205,-5.775080886575704,0,1074.4510396961048,1009.9839639660046,1042.2175018310547,0.06185568330683283,0.48731945868904225,25.827923588928964,0.024801155159815645,31.84822541289887,27.06961632114694,14.40162922137446,1,33.33340360982199,30.58527910519632,4099030.8571428573,,,0,1503843218.0,1040.8175542726358,42228626.1863722,0.2183765514251801,0.2517584020112102,0.3043457782041798,0.8272117441442223,0.24897690507691764,0.9642592818648726,1.349225960166029,0.9642592818648726,1.6974710983601777,0.028423252248905746,0.003614998702369321,1.0,1.0,1.0,1.0,1.0,2404.125,-0.037996952397178596,-0.0013286483292711537,0.3683155431136491,-0.0009,-0.0006349049267324864
2026-05-13,1048.0,1082.4000244140625,1047.0,1073.0999755859375,5341453.0,0,1,0.03043974498628499,0.027479845366698896,0.029155102942026945,0.03048926945250585,0.18627017969004167,0.029985648009814722,0.6555555555555556,0.9222222222222223,1045.3,0.02659521246143456,974.1440014648438,0.10158249085586038,953.0280029296875,0.12598997331362635,864.2545022583008,0.2416481172871215,1045.233941237034,1023.7479915935332,1,1,1,63.640150612081634,0,0,21.485949643500817,25.21129996843473,-3.7253503249339133,0,1076.9304564883423,1013.6695435116576,1045.3,0.06051938484328396,0.939449484331398,26.911643332576894,0.025078412025759774,32.58085656874022,31.50251069808892,12.834419098180618,1,84.57704594131721,42.74263662286652,4383615.714285715,,,0,1509184671.0,1045.3055642483075,42391218.65354843,0.28231867683787953,0.25702898090517856,0.3091125731958131,0.8315060699338127,0.2520092862810522,0.9914079373444588,1.3902960543223584,0.9914079373444588,1.7491416857158506,0.032988561382394276,0.006337598839265379,0.0,1.0,1.0,1.0,1.0,2496.883544921875,0.038583079050330094,0.0049482763720147815,0.3613451019037118,0.0047,0.003372068553395094
2026-05-14,1083.9000244140625,1105.0,1080.9000244140625,1103.300048828125,4920811.0,0,1,0.028142832848074173,0.07796780540119697,0.04607954859792174,0.05241577194817526,0.20414739299113238,0.027754099840580002,0.7888888888888889,0.9555555555555556,1048.4700012207031,0.05229529461366071,977.1110021972656,0.12914504733555696,955.4165032958985,0.1547843741677823,866.3620025634766,0.27348619348906456,1054.1671885587405,1029.6407365738735,1,1,1,68.70463230376339,0,0,24.52645198486698,25.07433037172118,-0.547878386854201,0,1089.2161349522814,1007.7238674891248,1048.4700012207031,0.07772493954836814,1.1728251564752574,27.267956266968724,0.024714905338698665,33.78705372791965,34.79016527783665,11.761945504833186,1,97.94939605399364,71.95328186837763,4432203.571428572,,,0,1514105482.0,1049.7856794464894,42529704.214998394,0.3151748296762854,0.2641772169064732,0.313170059159301,0.8435583453145293,0.245201386620641,0.9984615826498868,1.4294229237884895,0.9984615826498868,1.7983674878045504,0.021843537133470984,0.01006434542338697,0.0,0.0,0.0,1.0,1.0,2711.6875,0.08602882401743961,0.10190900752938159,0.4194078332571122,0.14,0.08871552027588077
2026-05-15,1101.199951171875,1101.199951171875,1057.5999755859375,1067.5,6800905.0,0,1,-0.03244815303520576,0.025062391947438645,0.020749617669449272,0.005368196373851886,0.165075034106412,-0.032986266919915026,0.5555555555555556,0.8555555555555555,1049.895001220703,0.016768342318829742,979.2830017089843,0.09008325288712742,957.3625030517578,0.11504262658831942,868.3357525634766,0.22936317760561656,1056.2183903189343,1032.4451264572904,1,1,1,58.33218006459945,0,0,23.773263861643954,24.814117069705738,-1.0408532080617832,0,1091.2357486670571,1008.554253774349,1049.895001220703,0.07875215597424036,0.7129255016753399,28.584536050912924,0.02677708295167487,33.586161966494764,30.81720516683444,16.24109842008766,1,54.7647901613418,79.09707738555089,4641353.285714285,,,0,1507304577.0,1052.539816340558,42309027.4087805,0.3894420047491933,0.2871925408235572,0.31576875501292107,0.9095027176194348,0.2453773191294644,0.9660633484162896,1.3830407900053694,0.9660633484162896,1.7400137843467298,0.040843068464578455,-0.0019034691954202558,1.0,1.0,1.0,1.0,1.0,2714.7861328125,0.0011426953926292338,0.06916500191001917,0.41910214572727017,0.1576,0.10831894355242525
2026-05-18,1050.0,1060.0,1044.0,1053.0999755859375,4023849.0,0,1,-0.013489484228629944,-0.01863759244713381,-0.0024627978651049487,-0.019733847415638772,0.13547896029447437,-0.013581293899271282,0.34444444444444444,0.7111111111111111,1051.7875,0.00124785242830666,981.4380017089844,0.07301732126957344,959.2435028076172,0.09784426217494414,870.2370025634766,0.21013008236123876,1055.7386342061654,1033.9751152816345,1,1,1,54.75157568108576,0,0,21.7635189245309,24.203997440670772,-2.4404785161398728,0,1089.7802620967518,1013.794737903248,1051.7875,0.0722441787846916,0.5172727055563275,28.221354904419144,0.026798362509425546,32.7245336004098,28.98423576204616,18.7172672368151,1,37.394440133290644,63.36954211620871,4603258.285714285,,,0,1503280728.0,1054.1371911549666,42254747.76115661,0.3977158137575505,0.2913508845338241,0.31378180233734837,0.9285142808268763,0.24432814553886562,0.9530316521139706,1.36438428308104,0.9530316521139706,1.716541895845186,0.015193239360866674,-0.01639344262295082,1.0,1.0,1.0,1.0,1.0,2688.597900390625,-0.009646517677893152,0.07005606755235427,0.4181374079668735,0.172,0.12024707817125281
2026-05-19,1052.5,1053.4000244140625,1037.0999755859375,1048.300048828125,3674289.0,0,1,-0.004557902259129665,-0.04985044644783487,0.003734224744250225,-0.01770980435577829,0.09827139741029334,-0.004568321166593634,0.3888888888888889,0.6333333333333333,1053.1200012207032,-0.004576831118002947,983.2720031738281,0.06613434069555306,960.8850030517578,0.0909734728908643,872.1432528686523,0.20198149258170375,1054.5942364556977,1035.0362214702636,1,1,1,53.571159263345585,0,0,19.558014985434056,23.274800949623433,-3.716785964189377,0,1088.4374221692992,1017.8025802721071,1053.1200012207032,0.06707197832660775,0.43176239568011604,27.369833041826706,0.02610877779927887,31.595193152414566,27.75127125420059,19.721788400496294,1,31.60442162396161,41.25455063953137,4690201.0,,,0,1499606439.0,1055.0262031701468,42238000.71102282,0.3926112175368704,0.2828701395737356,0.31392485651489666,0.9010759540167619,0.2387421717719629,0.9486878269937783,1.3567592256573098,0.9486878269937783,1.7087180656602223,0.015549029923585828,-0.0005697232929890419,1.0,1.0,1.0,1.0,1.0,2723.7822265625,0.01308649618701363,0.08743370463836775,0.412657835787413,0.2221,0.15272937819169397
2026-05-20,1038.4000244140625,1090.0,1038.4000244140625,1085.5,11945517.0,0,1,0.035485976761577165,0.01686182669789238,0.06057645334636064,0.045761078998073135,0.14047070174591458,0.034870859281431875,0.8222222222222222,0.7333333333333333,1055.4,0.02851999241993548,985.8000036621094,0.10113612899930927,962.8730029296875,0.12735531757272378,874.0682528686524,0.24189386405173532,1059.3489693086672,1038.7742791391331,1,1,1,60.65157025594434,0,0,20.57469016953405,22.734778793605557,-2.1600886240715056,0,1092.9415550870847,1017.8584449129155,1055.4,0.07114185159576386,0.9008890938345173,29.10055750926319,0.02680843621304762,31.603441712215023,33.22007330302008,17.223937875387424,1,76.47769088389774,48.492184213716676,5861453.142857143,,,0,1511551956.0,1058.108447069492,42661899.049689844,0.40912371423630695,0.29673729559004103,0.31987812921579,0.9276573434936586,0.24747912086406845,0.9823529411764705,1.3789379867470286,0.9823529411764705,1.736754330913774,0.04753567534402349,-0.009443884339344974,1.0,1.0,1.0,1.0,0.0,2703.59130859375,-0.0074128238931316925,0.08183354789775388,0.35319246174987073,0.2404,0.2027695693454496
2026-05-21,1098.699951171875,1110.9000244140625,1089.300048828125,1099.300048828125,4584559.0,0,1,0.01271308044967756,0.04387054820363301,0.05559825528776963,0.059055923726517356,0.11530464322934897,0.012632947683940769,0.8,0.6777777777777778,1058.2975036621094,0.03874387402798483,988.3910046386719,0.1122117094034039,964.9165032958985,0.13926961045148264,876.088503112793,0.25478195972467227,1065.4952892347376,1043.2576694864658,1,1,1,62.911195406763404,0,0,22.237619748271754,22.635346984538796,-0.3977272362670412,0,1099.9891038607389,1016.6059034634801,1058.2975036621094,0.0787899433842765,0.9917362846552901,28.836233716748858,0.026231449500515203,32.09258554500567,36.3069926002433,16.140260486232624,1,86.93697161316928,65.00636137367623,5898769.0,,,0,1516136515.0,1060.9423596570966,42720182.91708314,0.40576775720924135,0.2835178936075887,0.3205429714649512,0.8844926229761026,0.24056274068411151,0.9895580382293575,1.3733525292817388,0.9895580382293575,1.7559052878085302,0.019648844379624553,0.012160249812874252,1.0,1.0,1.0,1.0,0.0,2696.39453125,-0.0026619324159217195,0.1215700228773462,0.3534947832519523,0.2731,0.21962248096753306
2026-05-22,1099.0,1115.0,1092.800048828125,1109.199951171875,4136312.0,0,1,0.00900564168472795,0.058093961182038356,0.0336408316161092,0.06377673646695925,0.1180324347017323,0.008965332718306053,0.6777777777777778,0.7,1061.3400024414063,0.04509388944200365,992.37400390625,0.11772370780146073,966.7515026855468,0.14734753252580365,878.1582528686523,0.2630980208276651,1072.2190833789125,1048.1422829446444,1,1,1,64.48675322195513,0,0,24.07680043426808,22.923637674484652,1.1531627597834273,1,1108.4979009818117,1014.1821039010011,1061.3400024414063,0.08886482829616839,1.0074436119058807,28.362213534972156,0.025569973659850365,32.636596048529995,35.309649770342,15.237870223080238,1,93.75667674502027,85.72377974736243,5726606.0,,,0,1520272827.0,1063.7519530303612,42757433.06085138,0.375841290104513,0.2838221254384202,0.31795733501256873,0.8926421698282282,0.24126271671769003,0.9947981624859865,1.3848554020437005,0.9947981624859865,1.763747776624558,0.02001438167069936,-0.00027294534230655026,1.0,1.0,1.0,0.0,0.0,2716.085693359375,0.007302774828076286,0.08779029718198506,0.3513432735721741,0.2704,0.21904087002601522
2026-05-25,1110.0,1119.800048828125,1081.199951171875,1099.5999755859375,7677225.0,0,1,-0.008654864775097693,0.012989383312701497,-0.0033536418729588346,0.042571372421297715,0.12404802002140292,-0.008692535632178944,0.3333333333333333,0.7222222222222222,1063.229998779297,0.03420706418027825,995.9430029296875,0.10407922175398632,968.4305023193359,0.13544541704588833,880.0855026245117,0.2494240301729883,1076.4315283338394,1051.9539638810365,1,1,1,61.747484252434425,0,0,24.47756445280288,23.2344230301483,1.2431414226545812,0,1113.3992749807553,1013.0607225778386,1063.229998779297,0.0943714459882774,0.8624726083409522,29.093490972206286,0.02645824992557262,32.557024992559064,31.96340318047455,16.641783871883085,1,79.32440317407561,86.6726838440884,6120379.428571428,,,0,1512595602.0,1066.774580720557,42690987.71662838,0.3443529456488001,0.2813164646527825,0.31760775739168323,0.8857354963967544,0.2454727711544103,0.9819609998558877,1.3728696658059487,0.9819609998558877,1.7443525528066217,0.035103763653397124,0.0007212845864983538,1.0,1.0,1.0,0.0,0.0,2848.42626953125,0.04872474255706938,0.05042571075437352,0.36849781141784416,0.2347,0.17972090087747802
2026-05-26,1102.0,1118.0,1094.5999755859375,1103.800048828125,5880899.0,0,1,0.0038196374458352444,0.004093513872574617,0.034004729581381676,0.05545993238859781,0.12834147592959355,0.003812361153373495,0.7,0.7333333333333333,1064.7049987792968,0.03671913825299152,999.2860034179688,0.10458872139975464,970.0460028076172,0.13788422985444157,882.0710028076172,0.2513732401527178,1080.642069948345,1055.794414617858,1,1,1,62.49805117585124,0,0,24.847655330486987,23.557069490216037,1.2905858402709498,0,1117.8887176119333,1011.5212799466605,1064.7049987792968,0.09990320115640014,0.8675471639342871,28.68681478948173,0.025989140714332958,32.4831375834432,30.101063236226842,15.672154365501935,1,83.6233490221263,85.5681429804074,5988950.0,,,0,1518476501.0,1068.9106861294179,42713450.61866395,0.2585498232734016,0.2810743332224699,0.3175698529329025,0.8850787649602762,0.24481334650318914,0.985711734861287,1.3781135301897123,0.985711734861287,1.75101534713606,0.021199513842118125,0.0021826341099940574,1.0,1.0,1.0,0.0,0.0,2967.972900390625,0.04196936116554206,0.09326214117493858,0.3785211062549426,0.2244,0.16707751983833055
2026-05-27,1118.300048828125,1154.0,1118.300048828125,1149.699951171875,7559470.0,0,1,0.04158352990877345,0.03651280362680476,0.09172915945818905,0.0890404512150027,0.13668489524576288,0.04074218004758736,0.9555555555555556,0.7666666666666667,1068.8299987792968,0.07566212820087308,1003.6190026855469,0.14555418749090593,972.1585021972656,0.18262603122158727,884.3152526855469,0.3001019123897167,1091.2663593673497,1062.7503802885258,1,1,1,69.53349680227102,0,0,28.515979078823875,24.548851407937605,3.9671276708862706,0,1134.224377101826,1003.4356204567677,1068.8299987792968,0.12236628537225859,1.1183249574888732,30.22346738822411,0.026288134880250887,33.26640754312868,35.03792728789559,13.812810683510683,1,96.73991809537031,86.56255676385742,6494038.714285715,,,0,1526035971.0,1074.43620926378,43027800.065503426,0.2988530863418181,0.2884728460332785,0.32352748200768877,0.8916486607045729,0.24325276196437004,0.9962737878439125,1.4354203553900418,0.9962737878439125,1.8238287461944138,0.031051537521147567,0.013136437179355321,0.0,0.0,0.0,0.0,0.0,2971.771484375,0.0012798580417883176,0.10532388794294345,0.3794851971188982,0.1978,0.15095523745088946
2026-05-28,1149.699951171875,1149.699951171875,1149.699951171875,1149.699951171875,0.0,0,1,0.0,0.04556200136257815,0.09672793820538605,0.10082336680994297,0.10558700276950161,0.0,0.9666666666666667,0.6444444444444445,1074.4149963378907,0.07007064783216048,1008.672001953125,0.13981546919679827,974.6160015869141,0.17964403344484522,886.5272525024415,0.2968579904639861,1100.256142721892,1069.191089242848,1,1,1,69.53349680227102,0,0,31.06505347904408,25.8520918221589,5.212961656885181,0,1147.365785551268,1001.4642071245135,1074.4149963378907,0.13579629744936111,1.01599822048381,28.064648289065243,0.024410410960232966,33.99372964855091,35.0379272878956,13.812810683510683,1,96.73991809537031,92.367728404289,,,,0,1526035971.0,1075.836229596955,,0.28896415558957667,0.2799391532367431,0.3167979131901891,0.8836521377862806,0.23566410648245326,0.9962737878439125,1.4315776193780356,0.9962737878439125,1.8238287461944138,0.0,0.0,0.0,0.0,0.0,0.0,0.0,2971.771484375,0.0,0.09104591967525621,0.37753791802210634,0.175,0.13024112005876118
2026-05-29,1176.0,1176.0,1122.0,1126.699951171875,11987286.0,0,1,-0.020005219602346136,0.0207464226587617,0.037954814529594705,0.1008304359275769,0.08440803770151595,-0.020208033456546298,0.7222222222222222,0.5888888888888889,1078.8499938964844,0.04435274370496199,1013.7210009765626,0.11144974809289222,976.8735009765625,0.15337344092713517,888.6397521972656,0.2678928085154617,1104.3244209449663,1073.4510049412945,1,1,1,62.69790323271888,0,0,30.873416003671764,26.856356658461475,4.0170593452102885,0,1153.2499292379503,1004.4500585550186,1078.8499938964844,0.137924522894523,0.8215725729853023,29.91717341127487,0.026552919772613967,33.29082941412459,30.520579037453434,18.645446709391532,1,67.35096104097683,86.94359907723917,,,,0,1514048685.0,1083.1845489295126,42787991.77663729,0.30398097104505795,0.28796584227479893,0.3203642222663923,0.8988701679532332,0.24804700707372615,0.9580781897720025,1.4029385947245743,0.9580781897720025,1.787342651609723,0.047927578184267135,0.022875576189524655,1.0,0.0,0.0,0.0,0.0,2936.087158203125,-0.012007762494356089,0.08599519049730397,0.38293703704708076,0.2068,0.15601213562800134
2026-06-01,1130.0,1150.0,1127.199951171875,1141.300048828125,6934532.0,0,1,0.012958283739219478,-0.007306169174999155,0.038206129477364126,0.09592857890537365,0.124156659766683,0.012875043509625428,0.7333333333333333,0.7333333333333333,1083.7799987792969,0.05307354824190811,1019.742001953125,0.11920470731045524,979.0850012207031,0.16568024983037782,890.7670025634766,0.2812554186938411,1110.0129790808369,1078.4768600440227,1,1,1,65.04689012014998,0,0,31.53611903681417,27.792309134132015,3.7438099026821554,0,1161.1036509222631,1006.4563466363305,1083.7799987792969,0.14269252473760155,0.8719434380988461,29.444521655335592,0.025799106628943826,32.63813633930015,28.79546797177955,17.59155233853664,1,75.01803810456212,79.70297241363643,,,,0,1520983217.0,1087.9475549856452,42877851.40989199,0.30422889672276665,0.2786629255386418,0.3190635043204284,0.873377624721337,0.24751289952278183,0.9704932387994261,1.4211182711037171,0.9704932387994261,1.810503544828491,0.01997726088905004,0.0029289508929974087,0.0,0.0,0.0,0.0,0.0,2908.099609375,-0.00953226090374415,0.07851413273222208,0.3867852733562764,0.1878,0.1358267556310572
2026-06-02,1141.0,1161.0,1136.4000244140625,1146.300048828125,5325199.0,0,1,0.004380968882927716,-0.002957208391880406,0.03344761926562789,0.06821365660941203,0.12200853661756828,0.004371400374796521,0.6222222222222222,0.7222222222222222,1088.3600036621094,0.053236102917287614,1025.5750024414062,0.11771449781764362,981.1850018310547,0.16828125856891218,892.970002746582,0.28369379184334825,1115.5956051958044,1083.5007999539562,1,1,1,65.84023344007916,0,0,32.094805241848235,28.652808355675262,3.441996886172973,0,1169.2023814275742,1007.5176258966446,1088.3600036621094,0.1485581562965318,0.8583519359988883,29.098482650378585,0.02538469982630314,32.34811254417197,29.756814591056877,16.529268774411364,1,78.61774949488913,73.66224954680938,,,,0,1526308416.0,1092.4388187663824,42901180.94100639,0.3031868998321056,0.2785759187624019,0.31856153455991165,0.8744807157814916,0.24948864059106465,0.9747449394796981,1.4273441460283827,0.9747449394796981,1.8182922847182375,0.02146032848126136,-0.0002629009158749156,0.0,0.0,0.0,0.0,0.0,2966.773681640625,0.020176087530314968,0.09229752540362157,0.3866519075617968,0.1903,0.13761806620250217
2026-06-03,1155.0,1159.9000244140625,1126.5999755859375,1138.9000244140625,4865978.0,0,1,-0.006455573670809511,0.010828147484606143,0.03574031438767844,0.03226681229983641,0.09520145944393277,-0.00647650100041725,0.6888888888888889,0.6222222222222222,1093.0150024414063,0.041980230710617336,1030.9800024414062,0.1046771244030892,983.020502319336,0.15857199491459723,895.1360028076172,0.27232065389155746,1119.1809004601519,1087.6044462102602,1,1,1,63.541540723400445,0,0,31.57645424989164,29.23753753451854,2.3389167153730988,0,1174.2594566619985,1011.7705482208141,1093.0150024414063,0.14866118770395828,0.7823886406330626,29.398594520217614,0.025813147677595762,31.592005339355428,27.349256885315427,17.573000462322923,1,73.29015906048939,75.64198221998022,,,,0,1521442438.0,1096.4493732489107,42869768.26154685,0.29934277208000915,0.27692645477514777,0.31915461861027355,0.8676874424722285,0.2506651175590672,0.9684524017126381,1.3998279972831253,0.9684524017126381,1.8065541649191743,0.02923878138053171,0.007589593301308026,0.0,0.0,0.0,0.0,,2924.29248046875,-0.014318989491771017,0.02663443029894008,0.392504308526962,0.2004,0.14198729216117761
2026-06-04,1134.0,1137.0999755859375,1121.4000244140625,1125.5999755859375,3868557.0,0,1,-0.011677977472138168,-0.013756306466742196,0.019749887473693217,0.05442620663788067,0.08090459689365725,-0.011746700606475804,0.5,0.5555555555555556,1096.5100036621093,0.026529600119172575,1036.1190014648437,0.0863616765975602,984.7230023193359,0.14306253934841726,897.2570025634766,0.254490042841774,1120.1684504795035,1090.418929867718,1,1,1,59.519438107389924,0,0,29.749520611785556,29.339934149971945,0.40958646181361047,0,1177.0061076875272,1016.0138996366913,1096.5100036621093,0.14682237965285885,0.6806918004046667,28.548694911630644,0.025363091267632143,30.634226747910525,26.151774085752606,18.104592461172903,1,63.71489160878801,71.87426672138885,,,,0,1517573881.0,1099.3130276126994,42824591.34005117,0.3160618197868271,0.28020110359996386,0.32007608390971193,0.8754203068761734,0.2500524530365718,0.9571428363825999,1.3707604482982478,0.9571428363825999,1.7854572660790509,0.013948073482946107,-0.004302418394084633,0.0,0.0,0.0,0.0,,2971.471435546875,0.01613345976615932,0.0011787625000854174,0.39229503658945236,0.1909,0.13690491613157935
2026-06-05,1126.5999755859375,1132.300048828125,1090.0999755859375,1092.5999755859375,4546693.0,0,1,-0.029317697864040593,-0.046846437193373336,-0.04966511090805581,0.037508309672139584,0.0422091868464709,-0.029756050493663706,0.16666666666666666,0.4666666666666667,1098.9200012207032,-0.005751124401908469,1040.637000732422,0.049933814401124446,986.3025018310547,0.10777370386625128,899.2002523803711,0.21507970298450968,1115.9271466497241,1090.5804888098082,1,1,1,50.90882854825243,0,0,25.346657839915906,28.54127888796074,-3.1946210480448336,0,1175.6449161930802,1022.1950862483261,1098.9200012207032,0.13963694333918653,0.4588137332114279,29.523793363813276,0.027021594383598913,28.49845835809994,23.48175621664792,23.82876435625532,1,39.956796432629766,58.987282367302406,,,,0,1513027188.0,1101.0037578000283,42691292.768396616,0.23257492003896993,0.295084265886847,0.2969661894415546,0.9936628356303908,0.2548330520835063,0.929081611892804,1.315434634843536,0.929081611892804,1.7331117694029892,0.03862353485735392,0.0008884150867891094,0.0,0.0,0.0,0.0,,3046.837646484375,0.02536326280505863,0.025259735650623893,0.392700684702725,0.1488,0.11211281113252909
2026-06-08,1061.0,1078.5999755859375,1050.800048828125,1062.4000244140625,4879594.0,0,1,-0.027640446500723614,-0.06717007494960536,-0.07593279156777277,0.013450324267083369,0.0005650551500724355,-0.02802963191442124,0.03333333333333333,0.3333333333333333,1100.8650024414062,-0.034940685680841244,1044.1960009765626,0.017433531080826774,987.527001953125,0.07581870907109786,900.9142526245117,0.17924655017846158,1107.6922047673147,1088.493047002716,1,1,1,44.55611369515246,0,0,19.199157764598795,26.67285466328835,-7.473696898689557,0,1171.2500431218905,1030.479961760922,1100.8650024414062,0.12787224686839938,0.2267531732917722,30.40066003481322,0.02861507844145605,27.776799317497815,21.17556641476136,30.722299063351432,1,17.441863559787407,40.3711838670684,6058262.714285715,,,0,1508147594.0,1101.7774644681876,42556418.61149436,0.25542244709983203,0.3049338117385617,0.30306300924670926,1.0061729819699954,0.2577554846833245,0.9034013813044749,1.278228951702221,0.9034013813044749,1.6758396288836441,0.026167099133064108,-0.028921816119381775,0.0,0.0,0.0,0.0,,2968.672607421875,-0.025654481180738875,-0.001042770942994209,0.40558768595698586,0.2044,0.15402084808639227
2026-06-09,1074.0,1082.5,1053.800048828125,1076.699951171875,5880133.0,0,1,0.013460021111820986,-0.043443519433808864,-0.04437738720765472,-0.008106908178834638,0.002233921841824138,0.01337023976960134,0.18888888888888888,0.35555555555555557,1102.6299987792968,-0.023516544657889323,1048.0409997558593,0.027345257888471745,989.0130017089843,0.08866106847065738,902.693002319336,0.19276426028057597,1102.9241657526316,1087.6194843485796,1,1,1,47.87307654610707,0,0,15.304681404051962,24.399220011441074,-9.094538607389111,0,1168.3524104332894,1036.9075871253042,1102.6299987792968,0.11921027312290211,0.3027305529814155,30.279180830317635,0.028122208789330697,26.94888366099494,20.66192900364387,28.642302042232078,1,20.686831026151527,26.028497006189582,5185812.285714285,,,0,1514027727.0,1102.5147837452034,42635565.32581468,0.2839941456359625,0.30552641596394825,0.3024698201405864,1.0101054572054202,0.2588873276321628,0.9155611829692815,1.2954339403778738,0.9155611829692815,1.6942839726177572,0.026655477359907104,0.010918651467779424,0.0,0.0,0.0,,,2978.568115234375,0.0033333105805473107,0.014468561300219784,0.39534808680766004,0.1792,0.13875858868519356
2026-06-10,1066.9000244140625,1066.9000244140625,1034.199951171875,1039.300048828125,8048339.0,0,1,-0.034735677570194134,-0.04878265417242844,-0.08937176521172718,-0.054580184967662926,-0.02614308809995125,-0.03535330589575719,0.022222222222222223,0.15555555555555556,1100.9400024414062,-0.05598847664413195,1050.7350012207032,-0.01088281286841453,990.0140020751953,0.04978318150007965,904.1747525024414,0.14944599586717477,1093.1358400719382,1084.04026690262,1,1,0,40.96957072652299,0,0,9.095573169318186,21.3384906430165,-12.242917473698313,0,1171.4253225379096,1030.454682344903,1100.9400024414062,0.12804570628771325,0.06274616098154642,31.152096485294948,0.02997411240422904,26.729254953407146,18.648462170797355,30.3452645405775,1,3.596682581140574,13.908459055693184,5344927.571428572,,,0,1505979388.0,1100.2910194707265,42356000.81733506,0.2931864603387835,0.32190572974753134,0.3119572976021894,1.0318903651935987,0.26079967959458383,0.883758544921875,1.2432562158641756,0.883758544921875,1.582528549752921,0.03146355403240753,-0.009101817778617252,0.0,0.0,0.0,,,2929.7900390625,-0.0163763507446385,0.0074586268013570045,0.401284171428255,0.2214,0.17773590663749364
2026-06-11,1029.800048828125,1038.5999755859375,1022.7999877929688,1024.300048828125,6664493.0,0,1,-0.014432790623760128,-0.03586217499096023,-0.10642937695477017,-0.07654156696820336,-0.013198411533598242,-0.014537956463879547,0.022222222222222223,0.26666666666666666,1096.9900024414062,-0.06626309579076023,1052.8960021972657,-0.027159333219486485,990.8125024414062,0.03379806603590891,905.6010028076172,0.13107212299070722,1082.5457183421208,1079.6150655637687,1,1,0,38.56739831686663,0,0,2.9306527783521688,17.656923070083632,-14.726270291731463,0,1175.3346114040285,1018.645393478784,1096.9900024414062,0.14283559337507618,0.036088350074214154,30.10552252457076,0.029391312202917203,26.82075769947873,17.918409205126284,31.862066507301062,1,0.9791520337016026,8.420888546997915,5536255.285714285,,,0,1499314895.0,1096.4442317489934,42259813.585252546,0.2657883985885532,0.3145218955941861,0.301964710606197,1.0415849420376984,0.25619578872771986,0.8710034428810587,1.2253125592089196,0.8710034428810587,1.5596882465382143,0.015425155754942221,-0.009140767395048077,0.0,0.0,0.0,,,2907.5,-0.0076080670509866,-0.019979171989906064,0.4014039450145762,0.2145,0.16828068278255764
